0 0 0 0 0 0 0 0 0 0 0 0 0 0 0 0 0 0 0 0 0 0 0 0 0 0 0 0 0 0 0 0 0 0 0 0 0 0 0 0 0 0 0 0 0 0 0 0 0 0 0 0 0 0 0 0 0 0 0 0 0 0 0 0 0 0 0 0 0 0 0 0 0 0 0 0 0 0 0 0 0 0 0 0 0 0 0 0 0 0 0 0 0 0 0 0 0 0 0 0
0 0 0 0 0 0 0 0 0 0 0 0 0 0 0 0 0 0 0 0 0 0 0 0 0 0 0 0 0 0 0 0 0 0 0 0 0 0 0 0 0 0 0 0 0 0 0 0 0 0 0 0 0 0 0 0 0 0 0 0 0 0 0 0 0 0 0 0 0 0 0 0 0 0 0 0 0 0 0 0 0 0 0 0 0 0 0 0 0 0 0 0 0 0 0 0 0 0 0 0
0 0 0 0 0 0 0 0 0 0 0 0 0 0 0 0 0 0 0 0 0 0 0 0 0 0 0 0 0 0 0 0 0 0 0 0 0 0 0 0 0 0 0 0 0 0 0 0 0 0 0 0 0 0 0 0 0 0 0 0 0 0 0 0 0 0 0 0 0 0 0 0 0 0 0 0 0 0 0 0 0 0 0 0 0 0 0 0 0 0 0 0 0 0 0 0 0 0 0 0
0 0 0 0 0 0 0 0 0 0 0 0 0 0 0 0 0 0 0 0 0 0 0 0 0 0 0 0 0 0 0 0 0 0 0 0 0 0 0 0 0 0 0 0 0 0 0 0 0 0 0 0 0 0 0 0 0 0 0 0 0 0 0 0 0 0 0 0 0 0 0 0 0 0 0 0 0 0 0 0 0 0 0 0 0 0 0 0 0 0 0 0 0 0 0 0 0 0 0 0
0 0 0 0 0 0 0 0 0 0 0 0 0 0 0 0 0 0 0 0 0 0 0 0 0 0 0 0 0 0 0 0 0 0 0 0 0 0 0 0 0 0 0 0 0 0 0 0 0 0 0 0 0 0 0 0 0 0 0 0 0 0 0 0 0 0 0 0 0 0 0 0 0 0 0 0 0 0 0 0 0 0 0 0 0 0 0 0 0 0 0 0 0 0 0 0 0 0 0 0
0 0 0 0 0 0 0 0 0 0 0 0 0 0 0 0 0 0 0 0 0 0 0 0 0 0 0 0 0 0 0 0 0 0 0 0 0 0 0 0 0 0 0 0 0 0 0 0 0 0 0 0 0 0 0 0 0 0 0 0 0 0 0 0 0 0 0 0 0 0 0 0 0 0 0 0 0 0 0 0 0 0 0 0 0 0 0 0 0 0 0 0 0 0 0 0 0 0 0 0
0 0 0 0 0 0 0 0 0 0 0 0 0 0 0 0 0 0 0 0 0 0 0 0 0 0 0 0 0 0 0 0 0 0 0 0 0 0 0 0 0 0 0 0 0 0 0 0 0 0 0 0 0 0 0 0 0 0 0 0 0 0 0 0 0 0 0 0 0 0 0 0 0 0 0 0 0 0 0 0 0 0 0 0 0 0 0 0 0 0 0 0 0 0 0 0 0 0 0 0
0 0 0 0 0 0 0 0 0 0 0 0 0 0 0 0 0 0 0 0 0 0 0 0 0 0 0 0 0 0 0 0 0 0 0 0 0 0 0 0 0 0 0 0 0 0 0 0 0 0 0 0 0 0 0 0 0 0 0 0 0 0 0 0 0 0 0 0 0 0 0 0 0 0 0 0 0 0 0 0 0 0 0 0 0 0 0 0 0 0 0 0 0 0 0 0 0 0 0 0
0 0 0 0 0 0 0 0 0 0 0 0 0 0 0 0 0 0 0 0 0 0 0 0 0 0 0 0 0 0 0 0 0 0 0 0 0 0 0 0 0 0 0 0 0 0 0 0 0 0 0 0 0 0 0 0 0 0 0 0 0 0 0 0 0 0 0 0 0 0 0 0 0 0 0 0 0 0 0 0 0 0 0 0 0 0 0 0 0 0 0 0 0 0 0 0 0 0 0 0
0 0 0 0 0 0 0 0 0 0 0 0 0 0 0 0 0 0 0 0 0 0 0 0 0 0 0 0 0 0 0 0 0 0 0 0 0 0 0 0 0 0 0 0 0 0 0 0 0 0 0 0 0 0 0 0 0 0 0 0 0 0 0 0 0 0 0 0 0 0 0 0 0 0 0 0 0 0 0 0 0 0 0 0 0 0 0 0 0 0 0 0 0 0 0 0 0 0 0 0
0 0 0 0 0 0 0 0 0 0 0 0 0 0 0 0 0 0 0 0 0 0 0 0 0 0 0 0 0 0 0 0 0 0 0 0 0 0 0 0 0 0 0 0 0 0 0 0 0 0 0 0 0 0 0 0 0 0 0 0 0 0 0 0 0 0 0 0 0 0 0 0 0 0 0 0 0 0 0 0 0 0 0 0 0 0 0 0 0 0 0 0 0 0 0 0 0 0 0 0
0 0 0 0 0 0 0 0 0 0 0 0 0 0 0 0 0 0 0 0 0 0 0 0 0 0 0 0 0 0 0 0 0 0 0 0 0 0 0 0 0 0 0 0 0 0 0 0 0 0 0 0 0 0 0 0 0 0 0 0 0 0 0 0 0 0 0 0 0 0 0 0 0 0 0 0 0 0 0 0 0 0 0 0 0 0 0 0 0 0 0 0 0 0 0 0 0 0 0 0
0 0 0 0 0 0 0 0 0 0 0 0 0 0 0 0 0 0 0 0 0 0 0 0 0 0 0 0 0 0 0 0 0 0 0 0 0 0 0 0 0 0 0 0 0 0 0 0 0 0 0 0 0 0 0 0 0 0 0 0 0 0 0 0 0 0 0 0 0 0 0 0 0 0 0 0 0 0 0 0 0 0 0 0 0 0 0 0 0 0 0 0 0 0 0 0 0 0 0 0
0 0 0 0 0 0 0 0 0 0 0 0 0 0 0 0 0 0 0 0 0 0 0 0 0 0 0 0 0 0 0 0 0 0 0 0 0 0 0 0.265744088749724 0.251789989379331 0.25682760365139 0.279363635740531 0 0 0 0 0 0 0 0 0 0 0 0 0 0 0 0 0 0 0 0 0 0 0 0 0 0 0 0 0 0 0 0 0 0 0 0 0 0 0 0 0 0 0 0 0 0 0 0 0 0 0 0 0 0 0 0 0
0 0 0 0 0 0 0 0 0 0 0 0 0 0 0 0 0 0 0 0 0 0 0 0 0 0 0 0 0 0 0 0 0 0 0 0.213270329020634 0.275042303536647 0.539017217528652 0.571964751101212 0.55212523598316 0.4715510141507 0.499854999937522 0.532633292979158 0.586255005610445 0.623865375207176 0.548036904992424 0.385462207183225 0.266561187539782 0.519458405083862 0.49771678876589 0.605572152729918 0.587282788136596 0.535276737923113 0.605878244004739 0.31502149197216 0.101141815159451 0 0 0 0 0 0 0 0 0 0 0 0 0 0 0 0 0 0 0 0 0 0 0 0 0 0 0 0 0 0 0 0 0 0 0 0 0 0 0 0 0 0 0 0
0 0 0 0 0 0 0 0 0 0 0 0 0 0 0 0 0 0 0 0 0 0 0 0 0 0 0 0 0 0 0 0 0 0.221690757842037 0.563094806990441 0.569082945186991 0.582203947850924 0.591232206663136 0.628839060493638 0.593462751532081 0.546445240080621 0.565223046891886 0.580239495198732 0.591849035670628 0.60359405841482 0.603167257956 0.525210118898204 0.474031987679556 0.671079133384904 0.605210785312767 0.623057743780186 0.615575195000877 0.596378359773509 0.620996460903482 0.628931215046013 0.677368913755667 0.29352466130094 0.247794697583083 0.244570567608841 0.0555968728508762 0 0 0 0 0 0 0 0 0 0 0 0 0 0 0 0 0 0 0 0 0 0 0 0 0 0 0 0 0 0 0 0 0 0 0 0 0 0 0 0
0 0 0 0 0 0 0 0 0 0 0 0 0 0 0 0 0 0 0 0 0 0 0 0 0 0 0 0 0 0 0 0.114424123255158 0.514390174151905 0.548364483271087 0.605077177183585 0.61499767925178 0.595559319543359 0.614256343995062 0.645057169424936 0.635073103951161 0.603972570464597 0.615674289821571 0.629486325968199 0.664504233750587 0.757871396359112 0.581750072483853 0.605268517843818 0.581970866558297 0.568992302435217 0.593528619875994 0.640979782436072 0.673224031829834 0.658957020665558 0.676322524933844 0.660746887075014 0.717025854373985 0.636214926796804 0.62682305751624 0.614134981179189 0.60013759241085 0.609256645044524 0.172026227310151 0.0463781053055703 0 0 0 0 0 0 0 0 0 0 0 0 0 0 0 0 0 0 0 0 0 0 0 0 0 0 0 0 0 0 0 0 0 0 0 0 0
0 0 0 0 0 0 0 0 0 0 0 0 0 0 0 0 0 0 0 0 0 0 0 0 0 0 0 0 0 0 0.288853367818915 0.53718384243449 0.56939961082259 0.614282581981759 0.642772966058681 0.609239735685843 0.597851665888274 0.599215651230073 0.656201845863696 0.625216513804507 0.633601377782688 0.65078485410602 0.63439405790517 0.754666503714362 0.703253973218276 0.646629166486038 0.60420641511115 0.632746612042249 0.600089136511267 0.62791020937177 0.654891275947003 0.676141896199892 0.667067871170504 0.654286012998769 0.681460602980983 0.612344537485534 0.637465605553487 0.611924767945135 0.629103006543288 0.631086301976286 0.614545144033144 0.591923018864223 0.469892108176556 0.112832931372724 0.113852716633974 0 0 0 0 0 0 0 0 0 0 0 0 0 0 0 0 0 0 0 0 0 0 0 0 0 0 0 0 0 0 0 0 0 0 0
0 0 0 0 0 0 0 0 0 0 0 0 0 0 0 0 0 0 0 0 0 0 0 0 0 0 0 0.0551555425540319 0.100873445751108 0.476305449778598 0.547512199051855 0.602267070335834 0.616841350839412 0.63378192697905 0.649159259188247 0.605014525843722 0.591636976163008 0.606836052593331 0.67247548863125 0.661640272850482 0.667704731065838 0.63466722224675 0.628939154818744 0.568014773214175 0.598412666687687 0.624871169884296 0.626948537687613 0.690864369904731 0.650597490862534 0.638739493516274 0.64637757604127 0.672126891683045 0.682433450579883 0.764434956711398 0.61617240387362 0.627044556668011 0.665497335901394 0.648595759900283 0.659495425152539 0.652391867060824 0.621576179786851 0.59357983150367 0.60309612592701 0.504641075805112 0.470775181194283 0.521250532385905 0.591018823896136 0.113606379380411 0.106505796549932 0 0 0 0 0 0 0 0 0 0 0 0 0 0 0 0 0 0 0 0 0 0 0 0 0 0 0 0 0 0 0
0 0 0 0 0 0 0 0 0 0 0 0 0 0 0 0 0 0 0 0 0 0 0 0 0 0 0.0834875012173291 0.578281062438934 0.491568279652433 0.563046091562498 0.608248753157372 0.646453149570642 0.643210260633012 0.664261853038089 0.638564719763896 0.636509677715033 0.611506805407641 0.628013813279764 0.658796600395525 0.681451892352344 0.644749067525269 0.644283998309007 0.655116517694423 0.589568753179171 0.606280684454628 0.635345523820413 0.623058498625112 0.635749024558115 0.625454293640566 0.651512071651712 0.661091051912979 0.682530181399678 0.65654236857608 0.649797088868661 0.637843190498275 0.64257364792085 0.663008751419037 0.653321966451419 0.648214994354555 0.638404032366808 0.66147249414916 0.602840569419017 0.620100922997089 0.519139781598835 0.545362303999781 0.590327570524158 0.595538749297236 0.575616578637475 0.533559287621174 0.595338342833183 0.109403016231244 0 0 0 0 0 0 0 0 0 0 0 0 0 0 0 0 0 0 0 0 0 0 0 0 0 0 0 0 0
0 0 0 0 0 0 0 0 0 0 0 0 0 0 0 0 0 0 0 0 0 0 0 0 0 0.0471677178427043 0.655097504605421 0.439529471264999 0.583768101724053 0.62778521622441 0.625994528337935 0.633660597672645 0.6372309810554 0.666395870024529 0.636864504860584 0.622696973247259 0.617207348388733 0.627998713602722 0.654969863896207 0.676508850277262 0.63282838054634 0.664726624863009 0.661248432573898 0.625813454363572 0.633257631981157 0.635961883494264 0.640944783778354 0.58431503047214 0.625463024770326 0.653789019706312 0.670610399071983 0.707108486709748 0.708682664875054 0.666105394169214 0.654061379380101 0.66320449535439 0.663779103617985 0.664784836606001 0.6710582363428 0.641039222775619 0.62161401436113 0.615160359500447 0.658541658735371 0.683562962505564 0.64817055860861 0.624386859494676 0.637213709506183 0.621910659713285 0.626042185103725 0.593761901350424 0.555795987561723 0.539804708466252 0.0161134222172645 0 0 0 0 0 0 0 0 0 0 0 0 0 0 0 0 0 0 0 0 0 0 0 0 0 0 0
0 0 0 0 0 0 0 0 0 0 0 0 0 0 0 0 0 0 0 0 0 0 0 0 0.38728044911621 0.740254323197179 0.431328274761023 0.523087237997075 0.613252212895906 0.651550749478254 0.631261336893431 0.637709885179301 0.657750712220098 0.64698184563773 0.62900547948488 0.617497846720828 0.626337952525947 0.672309869271169 0.660927005598962 0.649158161207848 0.660062059869901 0.65722086609163 0.658819277911119 0.62191335170293 0.640968690154538 0.651425061859499 0.643618019430978 0.607071328483597 0.624084512544014 0.650035681451686 0.69006474806941 0.673515793945804 0.675448548130826 0.657527904805235 0.669767409793232 0.681122126444581 0.668909322106958 0.666557995241653 0.658617709507165 0.624985596091503 0.61604989410032 0.62457786524291 0.607790671296763 0.739747612871442 0.638175129199267 0.610950240195445 0.661233638342813 0.673101513691831 0.670823350277753 0.627149687171798 0.598460128351285 0.581130773529728 0.529869097005434 0.0774810675937658 0 0 0 0 0 0 0 0 0 0 0 0 0 0 0 0 0 0 0 0 0 0 0 0 0 0
0 0 0 0 0 0 0 0 0 0 0 0 0 0 0 0 0 0 0 0 0 0 0 0.580884201610114 0.71619928653955 0.457015217940332 0.53170200451519 0.616500863741102 0.616334329478458 0.655674811587727 0.672854163079674 0.644336837914388 0.642784846438249 0.666693170290358 0.650689333265216 0.625350487200547 0.637758190500424 0.637245962461475 0.675529843458947 0.631341696994405 0.686649416971495 0.664631116149411 0.630180973613286 0.640270542735785 0.631049901467214 0.629818835229701 0.652229606858681 0.657450061237788 0.650421032059361 0.662432007887474 0.671348717449656 0.670646776863267 0.684331606782418 0.675464574433908 0.690550949434399 0.6782931236482 0.649892688459554 0.662527989209058 0.64683667738241 0.625158636864522 0.67228876018716 0.625379571895484 0.636158857786919 0.655884922764431 0.64513410133807 0.619250797448264 0.677386720484651 0.668423545653192 0.685323313876177 0.635423608054577 0.613320407759976 0.63992143023086 0.584009418679435 0.522429975298569 0.479096475516769 0 0 0 0 0 0 0 0 0 0 0 0 0 0 0 0 0 0 0 0 0 0 0 0 0
0 0 0 0 0 0 0 0 0 0 0 0 0 0 0 0 0 0 0 0 0 0 0.633880225076043 0.663821863026302 0.545814714167728 0.613783916345977 0.644278152134241 0.640269823316117 0.661844798779248 0.647731177164611 0.675306976017482 0.660956465340812 0.659161839068775 0.692266711944641 0.614686259239396 0.611338079606791 0.621106773852342 0.661543265214149 0.664304854740319 0.642315651555512 0.665639458376541 0.630648490052252 0.626120561764754 0.639303477593159 0.637969380392155 0.657490217656341 0.672909991973938 0.644476649071369 0.64964781894799 0.67019067555203 0.649215218606561 0.655542863565671 0.675050683104056 0.663900094239141 0.692511252977766 0.678289817060935 0.643376492630404 0.655945611450994 0.662495986583871 0.649541994505485 0.637158471332757 0.647567925449732 0.659964689987766 0.641548234966439 0.64261452314043 0.644798669639296 0.690809644821136 0.675643578888185 0.68256694774666 0.640969046014367 0.659075134004098 0.618678152166478 0.623589687539298 0.597772273182245 0.575039079338396 0.53084461212542 0.465446931044583 0 0 0 0 0 0 0 0 0 0 0 0 0 0 0 0 0 0 0 0 0 0 0
0 0 0 0 0 0 0 0 0 0 0 0 0 0 0 0 0 0 0 0 0 0.64154855814882 0.663903055463518 0.523194699863457 0.623229088454371 0.627596112663837 0.628733224851121 0.631710657553414 0.614817252398976 0.648643162275656 0.655575833489094 0.649431524213027 0.64467824506088 0.626577305891624 0.59294431259493 0.622546424937872 0.632414229187687 0.674020604147038 0.65931876629651 0.626098867302018 0.667494056895082 0.652271920349612 0.656487653298637 0.661343352973677 0.650204279138577 0.666677514536376 0.668525309850129 0.657153778037795 0.663320358848956 0.666523891952484 0.763181365692016 0.653418683274267 0.680099177531313 0.662999062585351 0.663214241414674 0.667037027407364 0.677077092712218 0.679474459918692 0.67021507149894 0.666213213205625 0.643033810905288 0.659453211273562 0.665527595120896 0.656709020870216 0.661701159265775 0.655960165564923 0.669770169595454 0.693061819801868 0.700295610666563 0.672154666805459 0.67382247767765 0.6033809966734 0.627180102189062 0.626773098397207 0.589989416876933 0.564144523358105 0.591766209618858 0.494927586653346 0 0 0 0 0 0 0 0 0 0 0 0 0 0 0 0 0 0 0 0 0 0
0 0 0 0 0 0 0 0 0 0 0 0 0 0 0 0 0 0 0 0 0.529741141526897 0.592561648123604 0.654932419414252 0.59775109962448 0.63565867321237 0.648050792142995 0.646793059845278 0.620099625355281 0.630036420606463 0.662878017195274 0.645333844921335 0.656894249854289 0.645952752748486 0.622543551101531 0.594928329225229 0.633122522011034 0.661905023242482 0.676821288026315 0.669848107922437 0.631965312256228 0.71507572624314 0.661942917737443 0.653512400429494 0.639635623925744 0.637645084288998 0.646003578084719 0.675842410210776 0.662636055890703 0.671597300044775 0.671435197052677 0.712163224419453 0.660418339240767 0.672256884753344 0.64123847295504 0.666693582736654 0.646168957990804 0.695493955809441 0.679115967472315 0.70068697704722 0.688108230773496 0.677461870383065 0.669743331522337 0.674534512487216 0.692128645651681 0.68638950444304 0.684545976381667 0.695103643725144 0.680651755273462 0.676340794460059 0.679063481959874 0.623545246495759 0.612329337080528 0.617421490767112 0.640277015044368 0.62931494912468 0.600364038701508 0.627775863249873 0.58523621518847 0.565584863962829 0.357271094860639 0 0 0 0 0 0 0 0 0 0 0 0 0 0 0 0 0 0 0 0
0 0 0 0 0 0 0 0 0 0 0 0 0 0 0 0 0 0 0 0.396411353558364 0.545500332891821 0.700147670679841 0.597386029970718 0.630933960462912 0.634634952055472 0.6462988189467 0.674088029137656 0.629170510412941 0.647351939720599 0.667922916472222 0.655252353490143 0.667073837998695 0.641020726793009 0.634459128711785 0.641567772964692 0.638600845892616 0.676397448538583 0.675528572896117 0.666570123682463 0.648955497545208 0.718514293710567 0.65805395180378 0.656195063876914 0.647950022412306 0.640741377198432 0.640494096968591 0.66077217044792 0.656586571369133 0.667605077684429 0.650892396470191 0.645967292173144 0.650104500885317 0.658958964418837 0.639343915884835 0.678751253552504 0.639649326247708 0.678852182022187 0.676581754089601 0.692756693673086 0.672947485207264 0.67731199326851 0.6615127606981 0.67360202186784 0.677714340412593 0.692663042858285 0.691541385033529 0.684512810376664 0.672343223963225 0.671364490054647 0.673314631155463 0.611703116557008 0.614163548840652 0.637024294663243 0.643496892369537 0.619829940452038 0.624947777393118 0.63021077797504 0.612969773559263 0.585003387785821 0.55843108404148 0.418756494857514 0 0 0 0 0 0 0 0 0 0 0 0 0 0 0 0 0 0 0
0 0 0 0 0 0 0 0 0 0 0 0 0 0 0 0 0 0 0.317228526439707 0.611417900223607 0.606507323804276 0.649809322756301 0.602938883453308 0.6236375670174 0.633058028760331 0.650927170766911 0.660252539544518 0.632444465721637 0.641999362462003 0.647139968664833 0.683441299269617 0.668070110474554 0.656960091658042 0.645459450013681 0.646127298497098 0.634985529402612 0.66754479263582 0.665776262149005 0.680576562524561 0.657173859011 0.664260646704937 0.642854483422139 0.612703957855102 0.77112430609352 0.690935219471124 0.633635467252981 0.633319723294295 0.656446869080695 0.653258354754995 0.646119593698974 0.638019812056236 0.652951458031023 0.652104446058062 0.682730389531709 0.658271096496275 0.637155900920661 0.666827414990431 0.679128841768568 0.685562058508276 0.688713509772625 0.683264727594387 0.683495310278726 0.687533226243447 0.671274726752544 0.691913048987897 0.677623217715104 0.691729114471067 0.660516229855942 0.678578377606643 0.666107343900132 0.615181660911207 0.620341285928154 0.63790166402007 0.676208773300202 0.653277142185081 0.632165542134337 0.629968933174548 0.631299567424076 0.637794909709416 0.59425786612835 0.581196627626477 0.521925947189334 0 0 0 0 0 0 0 0 0 0 0 0 0 0 0 0 0 0
0 0 0 0 0 0 0 0 0 0 0 0 0 0 0 0 0 0 0.686574637972181 0.575270837139843 0.634015480170451 0.63848200713528 0.587740676281198 0.624778022971815 0.644287027238504 0.657423340198356 0.657732049385547 0.660814969536764 0.660053550422408 0.657726207779207 0.683231036314014 0.664578268592266 0.657714546510631 0.652351419894796 0.654359624195675 0.648947552255366 0.668992074182768 0.6660868063683 0.66968394017824 0.665503707488154 0.650754719839729 0.61240587001317 0.734065774537668 0.733112181189554 0.688198571528659 0.631208267549634 0.645606485243247 0.651301642181888 0.652698666229862 0.650667113066583 0.663148907565879 0.669013179456684 0.646649909719855 0.672735076934999 0.654115534735205 0.628620071996002 0.655795517761415 0.671370148119552 0.682764981596427 0.682230552886717 0.669343666351441 0.697567422130746 0.682268411954884 0.675866998555051 0.683093132631543 0.670005775665038 0.671363793481715 0.648036711310956 0.687716491834307 0.665743174424354 0.607677413909728 0.61654681261857 0.641299756324507 0.659199070831851 0.661712409879504 0.637264939576423 0.646194325104374 0.667908197368415 0.63233764914622 0.613262550002468 0.62180473040575 0.627975254629891 0.475004809181932 0 0 0 0 0 0 0 0 0 0 0 0 0 0 0 0 0
0 0 0 0 0 0 0 0 0 0 0 0 0 0 0 0 0 0.418778775412794 0.634492054484499 0.568649558453013 0.629212392893739 0.656177873008928 0.628680624058069 0.643566700643313 0.65758702622688 0.631281146059094 0.655723311596569 0.686815466000041 0.68921699279386 0.674992866998131 0.674695172657957 0.665982967594692 0.673786097988996 0.671110921370815 0.673251391891694 0.661404559610163 0.662988824496662 0.668057340625786 0.655806689439309 0.640213204549256 0.652085912206331 0.737569101974518 0.747581923571151 0.628096643638995 0.683700742372325 0.648544052137839 0.623977905086157 0.648813487446284 0.657046271092743 0.652968570394535 0.671614715008189 0.654793046622017 0.650504649041404 0.645589554935202 0.655679985843098 0.635048022910719 0.645739975167472 0.648556285758373 0.659646235128667 0.673522440694276 0.675513014023165 0.692122279463831 0.675242891983247 0.682462666976284 0.675467116538955 0.65336230134868 0.656774964177153 0.652008361824082 0.659720248525148 0.675036195061912 0.624579736541503 0.61797973306606 0.644188116852666 0.656516044977445 0.674242830152915 0.663610538246262 0.666130485901554 0.665749052235778 0.671602035041978 0.64418458876888 0.650240558790057 0.660634472260197 0.598905865107024 0.312371081347245 0 0 0 0 0 0 0 0 0 0 0 0 0 0 0 0
0 0 0 0 0 0 0 0 0 0 0 0 0 0 0 0 0.078672313346327 0.656973043038811 0.484293633654803 0.594401944912271 0.624217501256931 0.663361069181508 0.651876604014959 0.631347695675702 0.635411513778717 0.673085107931525 0.660148282804432 0.660549098177935 0.667177108446885 0.670006976017482 0.677301668336742 0.665071275199107 0.676503371417163 0.671852687069684 0.66410539641505 0.663381036169716 0.662874824201557 0.659410775758371 0.658589906389325 0.650549121732347 0.643032551221636 0.762067910699057 0.697272159530363 0.651361840975357 0.683079927291717 0.648834261061056 0.622972462971493 0.659645959988446 0.641474700241549 0.651532492690211 0.662875312814386 0.650908646928569 0.671442006723262 0.682405940435398 0.653682488184724 0.661456635999775 0.640383136076899 0.660694883557632 0.661240451944762 0.675245444000367 0.667660254913269 0.65947813272457 0.679060128325188 0.665049348894883 0.675615462774818 0.663170522342122 0.691448339453837 0.673428150606827 0.668861277444022 0.655651974379848 0.643686417758873 0.629833107505814 0.660342135178011 0.658484238796119 0.674462112162722 0.662930197306274 0.669118591256401 0.662981083246304 0.653651266418089 0.624490014421244 0.623503152390601 0.620166715803856 0.595651483470525 0.549991575916528 0 0 0 0 0 0 0 0 0 0 0 0 0 0 0 0
0 0 0 0 0 0 0 0 0 0 0 0 0 0 0 0 0.361586349863404 0.51866518890258 0.521344501658848 0.563030849998674 0.641342925793592 0.646874425109004 0.657702189723731 0.642388904384252 0.642361870880434 0.675375831866504 0.664966234599369 0.661831443141884 0.659406507919588 0.666625723863751 0.684949416887065 0.66777826771266 0.670118649588264 0.663842168911602 0.655276663421385 0.660294799182976 0.664877423112589 0.661556635689687 0.651198813164018 0.657239370036749 0.663593355041442 0.673561434927313 0.654770991488482 0.64344596442946 0.664533358612674 0.655886530297815 0.62407753108464 0.652961759632502 0.63138663833434 0.644052493643809 0.647357932867898 0.655079302811191 0.683180243494045 0.680933526591372 0.665721737930329 0.677178640894439 0.66699631035112 0.648292313980625 0.66828635291823 0.661185427874866 0.675560760682258 0.688893670913727 0.691397194046849 0.674134511546206 0.647674024571931 0.681159392929845 0.662500430475922 0.688952677306515 0.687387749731421 0.686895962134501 0.661592148981536 0.671805130425497 0.667609675816127 0.671354522084902 0.676126516610036 0.648285654903849 0.629928770902699 0.598224315865899 0.608074423028957 0.604298831499126 0.59395017960393 0.618065189033063 0.59618027807961 0.655528339338398 0 0 0 0 0 0 0 0 0 0 0 0 0 0 0 0
0 0 0 0 0 0 0 0 0 0 0 0 0 0 0 0 0.46248426024055 0.436070809738497 0.588126103775363 0.582485392188642 0.640320983978824 0.640406552274462 0.666946558654908 0.675615454821519 0.682548115728367 0.639219537830929 0.675897446031781 0.693858710736096 0.697340153070523 0.668003022990236 0.684284560059638 0.665147412597533 0.679134221105748 0.659567397012077 0.655523233540341 0.649381386417258 0.671256658895635 0.676468435283638 0.666815471741275 0.61910347863702 0.657642203593878 0.657576924959179 0.662888031581518 0.643800980896058 0.645728808458662 0.656896055240746 0.632898210199306 0.649737088953705 0.642798746742233 0.645951004350689 0.633893503338758 0.665690921108008 0.690166876925309 0.671505030303894 0.680836968412341 0.67187264551819 0.674751828713676 0.679209735878037 0.674821623781078 0.666497131201823 0.667996551498321 0.686595240518121 0.6802542580925 0.67583024657804 0.652856421319052 0.684763854696477 0.676833135132819 0.675464471283573 0.701174104809521 0.693939788979544 0.664362242140281 0.673452804772667 0.68591990917981 0.671700604805284 0.670732383121667 0.673719374067587 0.642517666668959 0.608985742803071 0.609710813963677 0.586169787086472 0.575734198725679 0.589569258077763 0.57434026311341 0.729358510115257 0.536237005168526 0 0 0 0 0 0 0 0 0 0 0 0 0 0 0
0 0 0 0 0 0 0 0 0 0 0 0 0 0 0 0.431457396064773 0.366197388904195 0.533425121100136 0.629253151210117 0.638776902833935 0.650319834052533 0.654104490514252 0.674003149811651 0.681539419540313 0.683708504034768 0.674455700755743 0.657743930830466 0.667015480087557 0.694149283177704 0.679164507786465 0.694320268174292 0.658718820336263 0.669023315161047 0.676887805376878 0.65950892997143 0.663729858728482 0.666391504067434 0.675322194742245 0.681538415697739 0.645424522476657 0.654133278613023 0.650987014458885 0.667513894716259 0.659232848787979 0.659288759083431 0.639524383425185 0.650699164817703 0.655875127036327 0.654676135042064 0.646242294514155 0.64219319658644 0.688195597096372 0.705147019092706 0.690637362446775 0.691568344803931 0.653772813349519 0.676110666404739 0.676331437108982 0.667690869811459 0.68464926817067 0.673793470951441 0.67529247565778 0.670290117935396 0.681102454589598 0.669948329618519 0.670245730828759 0.673907607607007 0.660484290754291 0.680180864443865 0.675281067537734 0.659241547791387 0.665660153468418 0.673545387360172 0.675844503926943 0.659639617530009 0.660929937062561 0.64189841733967 0.62335244156897 0.621702333761173 0.62860359732553 0.598789924297678 0.598704028220532 0.591050224772401 0.596522313489857 0.658540311703596 0.310649863848307 0 0 0 0 0 0 0 0 0 0 0 0 0 0
0 0 0 0 0 0 0 0 0 0 0 0 0 0 0.0267300643360615 0.436488183503948 0.522827301531203 0.587293398598071 0.629457122521813 0.643296745062354 0.649211479082626 0.659914277447829 0.685879370269161 0.677084973959664 0.684490401776504 0.655537031616579 0.66233834329064 0.652598282696975 0.672360938255264 0.683291593804158 0.683987630482602 0.675880702875701 0.674433503571171 0.679517780021499 0.682400059665856 0.684757289507307 0.680226667946828 0.676109375867325 0.681415695145912 0.667716391640554 0.666237056858055 0.674193005311225 0.667278800741767 0.668474198773881 0.668351054569605 0.653523503344592 0.680830994986337 0.657712468751719 0.655807869470239 0.641266696607563 0.658591608669964 0.706192498757806 0.696351663608666 0.710333431371309 0.689285466915261 0.672033189218625 0.656661757983816 0.678213302297612 0.674611283254336 0.678924726468553 0.665161932488179 0.665700743333291 0.678784037614972 0.672775559012031 0.659383095742423 0.635820130684006 0.668070965335163 0.669773165320966 0.68059205741652 0.662402935938384 0.65830266958348 0.661325179981562 0.664542043659049 0.677834012738848 0.681790079439958 0.669557708815454 0.654469397675727 0.621993360768861 0.631878945186008 0.587622425529127 0.616117301922497 0.592743998302253 0.532913266817089 0.541647954637616 0.564904066714434 0.585530924146564 0.153197892135679 0 0 0 0 0 0 0 0 0 0 0 0 0
0 0 0 0 0 0 0 0 0 0 0 0 0 0 0.293784967375665 0.597405429065635 0.632403633384781 0.652815882569588 0.638045906984878 0.64581889416946 0.653823076517577 0.674303204772458 0.677712340065171 0.677272767849467 0.679708057013652 0.6317133051145 0.660422206958487 0.678862573665872 0.678669267684353 0.67238527553566 0.650727828433 0.658037237080626 0.683897492475912 0.661897281556158 0.590225133568133 0.535065019961382 0.498612743819024 0.499735378710557 0.58542566750678 0.667486831055608 0.666764238258531 0.653854529554647 0.66141120935206 0.642984769808119 0.650253682605889 0.674924167378232 0.682979822703003 0.6373027283728 0.652487517837739 0.636153974082532 0.644570365379226 0.692504289170386 0.674034608361227 0.714070203152509 0.677224751138975 0.686882559234803 0.665497671458131 0.674403048409782 0.67717968860987 0.686710207262557 0.683873835405929 0.686179534529872 0.663399240735551 0.674439785464189 0.661710153703286 0.644959031855316 0.666796060174524 0.678513931734941 0.687139418605443 0.664949174186353 0.668911590281435 0.662133383517966 0.670302337815344 0.65608644912689 0.662936103937467 0.670789421241192 0.670204134669774 0.614864595892924 0.638182300870039 0.57732804775737 0.565997893640837 0.602062195660843 0.579663153189768 0.621780907037992 0.597950500098369 0.554259125013755 0.579115877824625 0 0 0 0 0 0 0 0 0 0 0 0 0
0 0 0 0 0 0 0 0 0 0 0 0 0 0 0.405642444089433 0.5755537959047 0.620878624728412 0.632917953345377 0.611916900957134 0.633365130524664 0.647726787401349 0.68052390287925 0.66862396706134 0.676726112904539 0.660593237808197 0.643384604480521 0.643175278323997 0.668359101999693 0.662087914421956 0.654839955444643 0.661084313545764 0.666743663046394 0.66935428521139 0.670158188328273 0.601010584751797 0.461184266640339 0.351471385553617 0.289751612895451 0.327745357621651 0.439577714545481 0.567263269296258 0.637185951515366 0.630064766214167 0.638251534550627 0.659857148182368 0.651364603985915 0.638817558079802 0.625946552023322 0.632620630211322 0.609519481094022 0.629249448489951 0.642614992190079 0.668618233494596 0.70283613247171 0.655359108970535 0.678973639955271 0.676849979394494 0.66168058022359 0.653152184651795 0.674966690979925 0.662442265698991 0.688010397979 0.692066255603998 0.691315215379803 0.684777976010359 0.669709360607001 0.683089037209401 0.679150206137951 0.670346435513103 0.669322931152282 0.66264801049031 0.690756093250482 0.660189383946194 0.64603674371209 0.655994104699302 0.672046540249186 0.681623094376808 0.635871337069353 0.637166378420363 0.60355988422294 0.577079853215976 0.590437600308884 0.601507936857596 0.623564091728103 0.649039494529433 0.58722045359928 0.594701973785769 0 0 0 0 0 0 0 0 0 0 0 0 0
0 0 0 0 0 0 0 0 0 0 0 0 0 0.195493685225365 0.517454893430713 0.550807342682806 0.625420043454084 0.639176081267881 0.656160647624455 0.64325214113508 0.649988608331508 0.671072574669207 0.655488510438854 0.655672475596069 0.659938013740708 0.635766092143068 0.663716107412603 0.636001874935219 0.676335481685892 0.667939157351641 0.653383901047275 0.661376912138112 0.674257672192825 0.668433763899314 0.655867009153309 0.602202156189702 0.390064112012774 0.302273167930618 0.28407405373556 0.278652152151649 0.339327111503248 0.427697924800082 0.508509541805122 0.703558964297565 0.667541631472183 0.65436085752798 0.651968289995097 0.629573608644052 0.62733564196458 0.601027711987255 0.626989391679975 0.6349646064789 0.661578826213507 0.681387247051032 0.654771919595884 0.680784501511326 0.673070386852057 0.678836280431306 0.663329810827551 0.657461288306315 0.647704747274848 0.675848769834584 0.688124546342692 0.692254278156119 0.68737874405245 0.678352357415366 0.683873042906794 0.682452628790013 0.671238989225576 0.680890444980061 0.690307855778777 0.696529263740094 0.669518074135425 0.665627779893472 0.662692462759958 0.658943830140879 0.649887929912544 0.642223355851663 0.622289410865523 0.623857047773703 0.577696552967402 0.630731895876602 0.641678990492638 0.616904126556826 0.619261154504849 0.60491281167842 0.538398427253278 0.075005171524447 0 0 0 0 0 0 0 0 0 0 0 0
0 0 0 0 0 0 0 0 0 0 0 0 0 0.552919555060775 0.617414478381059 0.620789231917076 0.623236333771059 0.626201227376159 0.650917845066308 0.653842115993999 0.651810577989728 0.674675501837625 0.656999679657535 0.642126294556278 0.655964924443512 0.656652795930552 0.695307294226172 0.634095909832469 0.650668284831057 0.635830160964567 0.6451909309203 0.666458913558254 0.645977797502483 0.656733171855228 0.658713431776266 0.659999449231399 0.585425849404133 0.330711546922833 0.305174641374707 0.291101014843025 0.286391636862649 0.293909581742008 0.334972538147893 0.528288998234247 0.640675246837777 0.658598690065196 0.662190622029602 0.638223067669321 0.633798905854254 0.61197296372074 0.646994942939497 0.648912307188161 0.648635448801206 0.677056288908377 0.659750770360076 0.669981215007636 0.666033312165473 0.661086158898275 0.665799249031174 0.663315450432699 0.661494759049598 0.679024132279947 0.70321741464872 0.689587871071031 0.68640132736421 0.680347449398233 0.711365001670791 0.6777893564159 0.674004595675555 0.681135242176632 0.688415504980567 0.696236118714239 0.674744329249115 0.657765720964581 0.670458925723838 0.669000645575725 0.667094416285617 0.66040247899138 0.636432551345979 0.621347324735154 0.6146122156124 0.680074103361932 0.651450675749443 0.621263181317212 0.590770301634637 0.584307200594927 0.508006078850575 0.0676120345501352 0 0 0 0 0 0 0 0 0 0 0 0
0 0 0 0 0 0 0 0 0 0 0 0 0 0.638057028652629 0.645246782022702 0.64138547265189 0.632252473698392 0.634595599475761 0.633028625322492 0.660898595009387 0.657925089259311 0.651396091811182 0.639158183928706 0.652068079600344 0.647333736481081 0.682531088385784 0.746548447901766 0.623810523134842 0.647680480967777 0.65130725633249 0.639205691348715 0.654043167080486 0.641905508344562 0.677105568010418 0.671455904313208 0.667575061030551 0.676757144817452 0.565648839440144 0.326665614331895 0.287133282017852 0.295150109485649 0.295885806771783 0.289732123825871 0.273307636998597 0.444383936566175 0.624340762794234 0.63465391293992 0.657149051865821 0.628056681547414 0.6177208904535 0.637194594346781 0.627303124745175 0.639552793491295 0.673205029155647 0.658903876610493 0.679003337181598 0.665519566807277 0.66639551158882 0.666951858233446 0.675024281863667 0.673876406218684 0.683744118263352 0.712030681709888 0.704646475707885 0.697283846352038 0.703811203286921 0.710976519021662 0.718385851877316 0.704030902386671 0.66724707605834 0.669475384513809 0.696722234238561 0.661710728697134 0.67490112717166 0.696969956672407 0.680261013993507 0.675179149483387 0.666811614552734 0.663563454805677 0.653340058258793 0.659206717882981 0.683508484697246 0.667489795193586 0.619075866398341 0.621677048414142 0.591838216825366 0.495375953564557 0.452623322830354 0 0 0 0 0 0 0 0 0 0 0 0
0 0 0 0 0 0 0 0 0 0 0 0 0.0771644546232473 0.609260473833909 0.640342209193884 0.62464618823629 0.635632950865287 0.632616821964502 0.629078274985914 0.65155059726953 0.65357419858046 0.637673693152261 0.648599809473909 0.638070841253883 0.641783413062297 0.655677090512435 0.631460590239742 0.62276107867143 0.645889919531225 0.643826194512964 0.641341876473993 0.650165948117907 0.638517745058301 0.652842200184444 0.675684824316075 0.660654513356383 0.657631606535269 0.662602188064299 0.566472849163155 0.304124962182304 0.350626036407194 0.398316321446287 0.585518738092312 0.329330270789472 0.292723578505641 0.427302773467588 0.627139656344746 0.669685493776256 0.622054236665722 0.644064716018278 0.646430940129915 0.646626922179132 0.639572363770944 0.657207968974737 0.669145793857997 0.68957751185304 0.669277792333837 0.70695034385543 0.679086847184793 0.674142768324117 0.67772755183905 0.695576665900555 0.695856477787317 0.725511615195936 0.699883299131029 0.704813954942423 0.687939740011726 0.683469929685534 0.701166692943304 0.652450020530286 0.686683345641169 0.68062207880615 0.677412368175729 0.698754689403511 0.681087965086049 0.669044439801652 0.669067200803085 0.668901869983021 0.690901722295135 0.65791971481446 0.659236753062319 0.679637616901666 0.664156357402533 0.633027238911066 0.612907406261605 0.612692904541813 0.55571610980504 0.449778174145121 0 0 0 0 0 0 0 0 0 0 0 0
0 0 0 0 0 0 0 0 0 0 0 0 0.0682994903549101 0.623584694220315 0.640525528623401 0.61977201684994 0.633787848469909 0.620773237961399 0.638090892665871 0.644723803912034 0.649122779388735 0.646519911606787 0.66324541547073 0.640433280921798 0.648368177288831 0.659835235035395 0.655149558449943 0.642860983366938 0.638750364774094 0.640389289969554 0.656308036727445 0.644296200067225 0.634445035846181 0.620925515238956 0.646258750074298 0.653735886478232 0.657982300833198 0.660772071201317 0.675331004199943 0.554842687480937 0.318593108129213 0.564631982591502 0.508387407041889 0.410035740209538 0.300453188072988 0.308691483857214 0.381779166398536 0.592845303261063 0.677145218819632 0.6957726899621 0.660100967391876 0.638844174793021 0.663633317866796 0.690057047425238 0.68728794073953 0.690525003879171 0.692012149976581 0.694941599441006 0.677419083269453 0.655047246066426 0.6738600281299 0.669020814702976 0.63007228786077 0.614009017612755 0.596485896404119 0.63866241925583 0.58376236081958 0.546546659531006 0.66818138532581 0.652101638483857 0.697690671527026 0.68047195617553 0.691142026997188 0.680941533249484 0.666996964891768 0.673576406157281 0.653903876949748 0.661939176709119 0.678555155152718 0.668881744232792 0.685150664727501 0.682696822905205 0.68182287456428 0.655717578835746 0.60422392577818 0.625111565604872 0.601809208210997 0.581019680706309 0.419262587365015 0 0 0 0 0 0 0 0 0 0 0
0 0 0 0 0 0 0 0 0 0 0 0 0.676555816604338 0.552685714430013 0.626053376211247 0.615968986119782 0.639735679964185 0.644671977137176 0.644896556815871 0.651573236070168 0.647394164962308 0.644836407882107 0.657962362454451 0.644822648123237 0.636700863153162 0.628001229430108 0.650712132567131 0.657420220825993 0.644041004457224 0.646336717509648 0.638023963943574 0.667892035378777 0.653949333244646 0.61586171882829 0.633030711183606 0.647463870311407 0.663599506078831 0.651995016823352 0.650630276900662 0.651279109655492 0.58610256173961 0.576224429523921 0.332821703609566 0.341366391801738 0.299721195220947 0.285383533949823 0.278036147817999 0.334102770596203 0.535718476197608 0.674040965811347 0.710468440211275 0.646171774259755 0.661250874271815 0.662376794926357 0.69224593370925 0.683037762678365 0.70091403803835 0.676118825916313 0.685451758141009 0.662298244345836 0.601100291392213 0.583358631479428 0.492452106245566 0.409448453818768 0.444319620293631 0.567485178366034 0.494987045322626 0.538670471237458 0.654714132727272 0.651982539769869 0.674602383243246 0.682820651140731 0.683437018634328 0.657889361498581 0.665180493352878 0.660192051302259 0.632873416524538 0.632494858217911 0.663904405375122 0.677213205502547 0.680085073636091 0.68021914319781 0.679198869478775 0.676756934566997 0.661590879651383 0.635381249671491 0.625187534900259 0.601766110234097 0.464006689413217 0 0 0 0 0 0 0 0 0 0 0
0 0 0 0 0 0 0 0 0 0 0 0 0.629224190280231 0.635927242176203 0.631308390588588 0.589594191794137 0.644357934168119 0.637575104565687 0.633897940309091 0.642442842003805 0.661126032438221 0.648168083382804 0.65680124156192 0.655586685725621 0.631815834533569 0.660880432270135 0.651747614417278 0.64728603781349 0.640203410557338 0.644036649608036 0.657906371399479 0.670565414467087 0.584094470256291 0.683157411269067 0.663026682611538 0.641256211169912 0.662024842063858 0.665653027471163 0.650204125876782 0.649613386500337 0.669579093051964 0.613728433020303 0.344188086964475 0.33272709102362 0.300761087356199 0.294125837786577 0.317967725327797 0.288675402531921 0.355129198370613 0.481006574033587 0.689230919809935 0.654358969688799 0.654116924899925 0.698493226182965 0.758100639714754 0.68921181142335 0.693488956290232 0.66339881130963 0.65312939197379 0.61501575174773 0.560817527164635 0.495945682128046 0.395367360815435 0.372405020269014 0.482885730225317 0.593568913201499 0.565026689387424 0.654255842036165 0.656550228307712 0.663632886984075 0.65734770764633 0.687344961649168 0.670139096718679 0.659229222897505 0.659280222618364 0.629548275029203 0.619252533881573 0.613020165149834 0.658514823368617 0.65148348227334 0.659958825864734 0.673086096806977 0.663935960934676 0.692506994481538 0.656806027639224 0.648839929495491 0.639146971325327 0.604211584010594 0.48973100804074 0 0 0 0 0 0 0 0 0 0 0
0 0 0 0 0 0 0 0 0 0 0 0 0.595565609538579 0.650167207199803 0.616772169239804 0.630839909370468 0.629340245679399 0.637978377159932 0.641332257747842 0.638130164846808 0.643622417351705 0.661404670752174 0.640842076737156 0.672343840688479 0.649518581943013 0.650742848081224 0.645272213688319 0.644299002948661 0.635292136152793 0.639156211194474 0.672998202797105 0.619288682562293 0.629833513547717 0.640231030324095 0.63796767543125 0.644268000868677 0.665441006921043 0.681720064381958 0.655811647970096 0.639047172996168 0.648851972152434 0.66073533131774 0.567956978742266 0.318322829768835 0.311568520443492 0.317136892999538 0.33407892975529 0.283368139075082 0.311171661201953 0.373755011519004 0.493686516657777 0.619274024148246 0.657160972349601 0.716316034816688 0.880715411659409 0.751371748559288 0.598434311510236 0.576148470396966 0.533343314281747 0.529650391226755 0.506042296606481 0.426328064338638 0.365415344315036 0.435531381864183 0.601019807257548 0.638540300924198 0.651783598785093 0.676653135503082 0.65174321237637 0.66030934591773 0.678849055534685 0.692214133393501 0.673855284339705 0.664293840651637 0.639802967555086 0.616588383780159 0.642253968333623 0.626782846600477 0.639270118664256 0.647351886070758 0.651393926166865 0.68785354788951 0.693891776148223 0.684648679732509 0.653634025011888 0.616335034979469 0.614647128805548 0.56525298178076 0.500739787910356 0 0 0 0 0 0 0 0 0 0 0
0 0 0 0 0 0 0 0 0 0 0 0 0.379664116999508 0.616615827026982 0.592664136393065 0.586444962100484 0.627440229197143 0.642860884514853 0.644491829650695 0.651600601785764 0.704122232537682 0.677802513956112 0.633239978721204 0.645667629462996 0.628515629066452 0.638714149935625 0.664038279988157 0.639873057543872 0.651797005238524 0.665938766519404 0.604527659860223 0.619943437920921 0.630756588979986 0.638675224252006 0.651927451725121 0.651553401736714 0.672164072768213 0.645012784263258 0.678082134790248 0.631518606263435 0.642237205031029 0.637115616401964 0.674987481936602 0.522566415433676 0.323131654387844 0.317428718000446 0.379148954254857 0.375763952470163 0.307958902560106 0.305021306703748 0.403408658955226 0.523583216788063 0.615961567961234 0.635319773002026 0.571549734033471 0.532528995905362 0.389379575234303 0.389081327683968 0.40466298575526 0.395859986826015 0.392944403509066 0.352077600716297 0.388768935712051 0.515428488747886 0.654341941144241 0.673627954672616 0.664835989803568 0.662728853574941 0.662995858681754 0.65182198235648 0.689868304015069 0.691139458863164 0.668076770874576 0.662008166479345 0.626316966031111 0.62024134505673 0.658603480126057 0.651770453017482 0.632138756518297 0.677723457351777 0.676069191628347 0.684111837521405 0.681688990272506 0.664867410442575 0.67506043547663 0.642155061429367 0.58707844020145 0.510116301734202 0.514851855969195 0 0 0 0 0 0 0 0 0 0 0
0 0 0 0 0 0 0 0 0 0 0 0 0.0747807171167262 0.634804526071529 0.611200051150716 0.605478890991211 0.613320778407321 0.636002862803653 0.64322466971169 0.639519080490941 0.640280715171768 0.64553083827366 0.667115260671082 0.660644310751287 0.653413567099005 0.66092457393132 0.677957444450025 0.651635492060026 0.69186620775526 0.670933830537546 0.624228614277523 0.629849844866931 0.630162393067204 0.632715886436478 0.653392652670478 0.678137329301124 0.670777671345763 0.699208859457096 0.679209961755703 0.690490925050118 0.646713399812633 0.645644364824813 0.644948388903673 0.670015880681428 0.447416589623342 0.339462703126105 0.501479541526042 0.609806609946237 0.417219193474292 0.386770760585701 0.334985571823274 0.393471329274168 0.531691465535155 0.698909544536813 0.500052326966867 0.328949804670614 0.322094578246763 0.3422734203377 0.320103219665128 0.319310922373229 0.321160907713892 0.337281337388037 0.435909497128646 0.582548967168796 0.66193984923948 0.671173042648899 0.668357154331936 0.636984397558139 0.659809800403987 0.657650016268878 0.644767482442875 0.662452275810012 0.670761849823612 0.661331963618565 0.638069184304435 0.607783808376995 0.636030980957154 0.631738306034019 0.663966964184399 0.673900720233265 0.656361802002506 0.643842694334341 0.658113873733121 0.685681553714376 0.684457117727729 0.642998028469277 0.571009312986991 0.463633068456976 0.380518564518214 0 0 0 0 0 0 0 0 0 0 0
0 0 0 0 0 0 0 0 0 0 0 0 0.0578873732200323 0.545022643386719 0.649961952025263 0.58116311124345 0.605310812691088 0.623395696943195 0.610772496789514 0.640625659297889 0.643491913233245 0.606373858108367 0.733537988681908 0.629756962022071 0.670962918294987 0.648700324781944 0.623375435796542 0.662645074548856 0.654399784310722 0.647264666421073 0.652458656341738 0.641448855164066 0.622944859710018 0.636767150280221 0.615340829891458 0.632593384710116 0.617177604099634 0.657627231014566 0.650035245868522 0.696363306509897 0.654150243317817 0.64561899208207 0.649005462024773 0.659173192106742 0.649375734785913 0.46283061020619 0.618123278351139 0.47975975953837 0.516545980138798 0.639114573227329 0.565526080916347 0.326553403455248 0.40348541282792 0.594307754954101 0.625423737477968 0.436384854380035 0.308622749359315 0.33504765136381 0.288470929308916 0.315596670058651 0.299533644378785 0.353601313255203 0.483032752906293 0.608942196828738 0.674675694939596 0.670654439784152 0.692230462816879 0.655318440220486 0.655848271982051 0.655546152540855 0.618260479771635 0.634073099485586 0.662338389506042 0.656563767669186 0.643635807520907 0.604043354755916 0.625724900949889 0.61066867552053 0.685537656626711 0.65635953067342 0.648387129156163 0.627838575804497 0.660958563960054 0.688777472229311 0.656003227302966 0.629106013875611 0.575483154174067 0.492906492912555 0 0 0 0 0 0 0 0 0 0 0 0
0 0 0 0 0 0 0 0 0 0 0 0 0 0.341297413758059 0.945477229393512 0.664456607996675 0.628333065565635 0.613671284566223 0.621645499344947 0.619816597913593 0.614676190693662 0.602436850956508 0.668041152516601 0.626077816391759 0.657921915905528 0.660185423548984 0.618253294713349 0.655796805260886 0.649993887548619 0.656383277934514 0.788693551841444 0.643750472204258 0.657051343115763 0.652143608761026 0.63128676646365 0.628368110202352 0.651063624713983 0.7205374431802 0.693114922969826 0.773063046783509 0.68305305805475 0.672686274531958 0.656407212186387 0.667603723192119 0.667009104369872 0.611869595516519 0.809304577713473 0.409281761618447 0.509899324144635 0.620259204766257 0.574050758083197 0.592867349999196 0.448304929165293 0.477815684216075 0.541661914755593 0.530636831047166 0.323776229416293 0.293697436802824 0.309073884462783 0.344832161638962 0.314045443152998 0.398101041861368 0.548669595967836 0.622839895783391 0.680660970386221 0.690528473724734 0.683220742675044 0.650975091155146 0.663443739906787 0.65817764915451 0.643884579900669 0.618230371994847 0.637685729182222 0.65443097874816 0.636814069998912 0.613856661121514 0.623047447721915 0.609719653139172 0.656991710517008 0.642546934191514 0.648140326227077 0.651057120082556 0.641773966115725 0.65063179774601 0.683921119712968 0.62759795300428 0.558087179907754 0.590179417761758 0 0 0 0 0 0 0 0 0 0 0 0
0 0 0 0 0 0 0 0 0 0 0 0 0 0 0.99900805141518 0.998215774135474 0.765511765246325 0.612043489552119 0.616893160299995 0.621314007572964 0.627549845063422 0.613283085406666 0.665338897175472 0.645181074540812 0.644660257326429 0.651956510733407 0.654253206743513 0.639376074754496 0.648375371470154 0.629608873018076 0.775470564610809 0.641879105199126 0.624477749884008 0.547614220314102 0.522106775340611 0.51125644335219 0.666379845000176 0.591225943440641 0.575352781273517 0.77039220801954 0.861717798573053 0.680349954315738 0.666374850021761 0.663223736484766 0.649487628222951 0.667577984436465 0.705868171179174 0.581109405172183 0.473931003321106 0.610370680622124 0.378628426225997 0.480487182071463 0.398407991298007 0.445851847317426 0.54005829895603 0.578069946563844 0.549195998347262 0.51600214858794 0.528542882465693 0.519700608830289 0.511672932251407 0.536746416960013 0.631680206360232 0.667943650845503 0.682147699548733 0.697095652387224 0.703585008100054 0.621988742298763 0.643418038667184 0.639290417782881 0.609951395730953 0.601467556612257 0.609647862186854 0.651529810118339 0.622548295407516 0.615707900081458 0.6104402952152 0.633221691392557 0.639367953713799 0.650531709312577 0.6589813418137 0.652927805956221 0.630141727508913 0.661043986016932 0.67884011731829 0.630290176238092 0.526073335363591 0.498751280552425 0 0 0 0 0 0 0 0 0 0 0 0
0 0 0 0 0 0 0 0 0 0 0 0 0 0 0.994899203690772 0.951902305931536 0.76059624281179 0.616646698358793 0.559800377188362 0.524327053000989 0.56918703549575 0.576988878210977 0.546274517243537 0.640540624310745 0.654382235783782 0.713470915900678 0.654181851346728 0.656363358956228 0.645067820225491 0.570445223822488 0.676276699879759 0.564520978174651 0.469184788099477 0.490770233019977 0.465224373384933 0.406343913634394 0.443879875540013 0.370370118680374 0.41745121495268 0.617153324199346 0.668089443323453 0.621928444028428 0.649353063433703 0.64717163360565 0.634896792878855 0.66821773816882 0.661210493693361 0.630666862073319 0.6412515280879 0.630906758424694 0.558260433461825 0.535732790582761 0.520316001293405 0.597078758054001 0.628741815997609 0.647531411060049 0.56217460062499 0.505906046850101 0.521311954673291 0.490581418703259 0.536452485079545 0.618887921583149 0.669196503752434 0.694198584137884 0.676767109359342 0.684687794625112 0.864749106206453 0.693286283036354 0.661941752603021 0.642639921772456 0.66937134561673 0.693353170934481 0.596667901797074 0.62284768705464 0.605584710616605 0.588558811768008 0.611615773489202 0.648669401226389 0.663332543615268 0.645895696648457 0.622999571791405 0.626302300947101 0.630567961080693 0.64622554276618 0.64522412486393 0.624829713713187 0.552025110729839 0.557440904793845 0 0 0 0 0 0 0 0 0 0 0 0
0 0 0 0 0 0 0 0 0 0 0 0 0 0 0.5890449031116 0.618705242258296 0.635892755621251 0.63172542451517 0.647064414684825 0.652211316450645 0.648500052027252 0.667965262933805 0.632941379531769 0.634913807196204 0.701936620865022 0.72637330243362 0.671878695568185 0.718950733775824 0.693375633393255 0.65928742370759 0.629953957572645 0.607734111646196 0.617093836786283 0.664262966601183 0.610561899519064 0.556450894828199 0.562211999556238 0.585896601437085 0.542644131747579 0.589746696291027 0.762593381033578 0.645010756379402 0.659085079507808 0.687784104865706 0.668631556144423 0.65655549449038 0.663975973578286 0.715317254571128 0.583546872913813 0.682071000253843 0.691862093276518 0.552270558894136 0.579208243939958 0.626330072842757 0.652059323431741 0.55412516673988 0.384619405011152 0.328832521611296 0.34087566047607 0.325434715912663 0.367828480710926 0.484213785540697 0.60091744804766 0.667774334457366 0.712038190233012 0.723890075284471 0.928333896228628 0.935168234105562 0.866625611148275 0.795203355948067 0.833960242129044 0.888564877147405 0.61817664436939 0.606234218161447 0.60325139850486 0.652907299836925 0.622311950992147 0.625968183260328 0.649123810138357 0.600857656958597 0.583887399407124 0.599098580160467 0.62407227489694 0.617129716060339 0.596644051229066 0.592671968295061 0.522128295423326 0.904447241002167 0 0 0 0 0 0 0 0 0 0 0 0
0 0 0 0 0 0 0 0 0 0 0 0 0 0 0.585397013155748 0.574962134010115 0.614584331443372 0.613219073044222 0.634303543397838 0.655967512740935 0.654305786102111 0.654632836616255 0.665849286161918 0.652703838164178 0.65514312192276 0.675611096242064 0.713959647763903 0.722392528157839 0.655454090824549 0.653184759519949 0.663420266986133 0.662186015038903 0.666332850580964 0.658358584336831 0.653922299559687 0.63095108658543 0.646399954759379 0.643309322833055 0.643921091574778 0.645508251297642 0.717018007159473 0.650768036663892 0.649625418565163 0.648809111543344 0.66173061496727 0.657473530575543 0.728048910774216 0.543585580004532 0.497026387404628 0.679195620615477 0.541541894402302 0.600271700953094 0.640796587731038 0.850226846399442 0.794673724368304 0.533056388110462 0.357866622260879 0.304273456654078 0.306958765870369 0.304298905497346 0.33378076519189 0.384185657236418 0.510401358115121 0.612194051723365 0.677968695082175 0.70464143439126 0.726571023031499 0.72527314951722 0.682310416407748 0.671943989214523 0.649090177094672 0.569023254847382 0.604873291299617 0.614644933903961 0.62158259411357 0.723173387247313 0.628996590382136 0.603173744270739 0.589193444825754 0.623123482817376 0.601654384206239 0.609454039782826 0.616468164724124 0.637001821729019 0.620847992572746 0.643602332923014 0.588730324520671 0.968047871196294 0.414469596102929 0 0 0 0 0 0 0 0 0 0 0
0 0 0 0 0 0 0 0 0 0 0 0 0 0.16805811556043 0.576470194841535 0.58045897065437 0.603602153056584 0.61531079316475 0.639471743155773 0.660091788244727 0.663919595798976 0.663341148083263 0.706711569404218 0.658956244132888 0.650416217486191 0.669374906101649 0.638682551358259 0.743797625159833 0.633397120014091 0.647744390829228 0.66366674607275 0.647493572032476 0.630842874346605 0.623944367950255 0.64905343555627 0.635286686009612 0.639990709181235 0.651653986610397 0.649503586332755 0.663886276799285 0.67450613809505 0.643689415334168 0.637897260777188 0.666110770904418 0.670635806449414 0.695465276456407 0.595319919104163 0.448864825219935 0.522413964295723 0.610354423057817 0.521189657083892 0.670090606753927 0.721024541129529 0.914119596400731 0.634982172516604 0.476803569242604 0.325500309778747 0.297867136185798 0.314864610361909 0.312488697312967 0.321376845123015 0.348332210018841 0.4588035109921 0.570595207799224 0.653063428268586 0.685704984576649 0.667071823619021 0.654442044939314 0.653498032478932 0.638841456610145 0.62567280889776 0.654304154889972 0.646973576221428 0.600809184251321 0.58087437509886 0.65966696016707 0.792329911202445 0.858464359920511 0.729021715977015 0.727519122058094 0.696077521141866 0.863525590809876 0.697831945223587 0.628804650533511 0.638819880174295 0.581547241253919 0.509676119615181 0.523122293004085 0.600355446029145 0 0 0 0 0 0 0 0 0 0 0
0 0 0 0 0 0 0 0 0 0 0 0 0 0.595753161108374 0.613355349963244 0.59163406830141 0.608015388298419 0.6241886799465 0.641097038752596 0.6754541891808 0.646713108226999 0.667244243388493 0.643745410021162 0.644809097254732 0.654172791918135 0.675292553092296 0.664178575585594 0.643641279216743 0.680055628687899 0.637205120065179 0.668523787911797 0.658799312936948 0.675688056953476 0.661705470464695 0.666570679159184 0.669206244473678 0.665775333251032 0.665341887023127 0.661954765461052 0.696200690897706 0.651088783205826 0.618290138479498 0.652928614833225 0.632721494136634 0.655381499745237 0.748860537607665 0.447487444405968 0.461702584556411 0.575467151173643 0.647749426530496 0.684407949971865 0.673938198226222 0.763297532716748 0.656618152346697 0.490953503477837 0.647984977640041 0.382569943462963 0.373349920675788 0.385771830505433 0.353359883408575 0.320166668331983 0.340144900843507 0.415484637158737 0.55952085433438 0.650170521718876 0.688460701185261 0.651135201697858 0.657782478839099 0.66508583778366 0.654991941581741 0.653159350481551 0.650337478927827 0.663555276483118 0.647318764374578 0.627527125055018 0.632192129498181 0.634733036027444 0.79033261685592 0.66703389402117 0.655690608657437 0.646220801970944 0.753384465895716 0.640282782157422 0.637369589914978 0.645834103190923 0.643602503858295 0.736445692875207 0.587641987771815 0.319472303738971 0 0 0 0 0 0 0 0 0 0 0
0 0 0 0 0 0 0 0 0 0 0 0 0.0378766952338119 0.571076976068447 0.602762090838795 0.586862484507877 0.602049689300967 0.639945466753463 0.662735534976522 0.638420963471564 0.651695629944216 0.648996874763596 0.652413249562684 0.646236224962384 0.661295814018326 0.656602302448419 0.675035893762232 0.656942016440378 0.655410919238576 0.651569345906371 0.664541690835627 0.697062196145931 0.640638642470362 0.616562440599714 0.650141562551272 0.66099036257646 0.656703949413645 0.670477493485694 0.686001754593417 0.672095592701411 0.618553999875105 0.6343928847453 0.647535876007387 0.670752399871335 0.751438873957245 0.678495603250544 0.38232083505903 0.471249300463579 0.614010469656931 0.669517060124419 0.684299851231412 0.658320815427538 0.688372626697993 0.584751127446442 0.58652290855193 0.831768599206629 0.580692436791619 0.552971972317764 0.549131968598395 0.486619063509783 0.409724229709771 0.370858294712274 0.394072594537102 0.540478383958075 0.652500089682996 0.695657133486957 0.673855779596402 0.668539131955122 0.659664039080675 0.666044683171662 0.699135095667695 0.650024342680841 0.67005757480368 0.667573571283045 0.669903987801627 0.650811794591094 0.613874690076187 0.666216410024785 0.621563215752339 0.663517258820256 0.615093922405895 0.624869758209904 0.739406815780241 0.748232092386472 0.748519074416592 0.704055112917803 0.706842876676869 0.567979726273289 0.45907050510384 0 0 0 0 0 0 0 0 0 0 0
0 0 0 0 0 0 0 0 0 0 0 0 0.066813681159221 0.572450565374977 0.614422049326292 0.593888906631623 0.626408344970335 0.645998671165175 0.649733229769548 0.64957211793251 0.666570127733565 0.656408885375547 0.725779373836709 0.74369656674483 0.676086803247463 0.663753026249231 0.654339959788946 0.673375302266787 0.648840704737151 0.652301712269466 0.711763768200328 0.686464788870552 0.63992460052828 0.626831706971566 0.656596577424447 0.653562988213706 0.66051800350289 0.684648929879939 0.658841694401639 0.634395503038372 0.637366511044416 0.640083747538331 0.647818981999603 0.623214735601414 0.650555841250198 0.612508862967845 0.439252185014077 0.542006460907475 0.673748211118825 0.688466424460766 0.672468774995861 0.659522659186626 0.657193661910427 0.629675489217655 0.640574348893349 0.737408716535663 0.672551821019808 0.662068200485567 0.632452101951922 0.607406433919067 0.531270499636614 0.436636459881727 0.373248160878417 0.471287833267917 0.637487316645847 0.691468157533765 0.685852227006448 0.682379546888877 0.670365421411833 0.671796972522697 0.707133594915133 0.660885754112075 0.667070071406528 0.673313004434996 0.652196766073123 0.636439262720181 0.610758234073938 0.643299636963627 0.627623753938732 0.657826852050106 0.613388808435022 0.652130599306287 0.646194209783849 0.629228196690211 0.658279522040384 0.658778407310623 0.614949221514696 0.578856905701176 0.525076560045397 0 0 0 0 0 0 0 0 0 0 0
0 0 0 0 0 0 0 0 0 0 0 0 0.0703313251856107 0.518599358890618 0.590724213797801 0.598081237631784 0.645174630155506 0.629146687029833 0.648341773948439 0.629379430183702 0.647097434613786 0.65974916400564 0.646729476629368 0.668624237620854 0.688401098331935 0.654266841289743 0.649199239903532 0.700906566067241 0.70573670716161 0.637812256642271 0.738107587135054 0.761621200622927 0.643098280348288 0.638801202493894 0.662517955595818 0.670445956408618 0.676592237253784 0.660387284606995 0.64171402174798 0.638961321026746 0.638026130492059 0.641118921130236 0.710255851054816 0.591103578567505 0.543272498244011 0.69299042042784 0.503181722119061 0.600461948517583 0.679085353690134 0.68039087034567 0.658955375187834 0.657688521663428 0.664117388504612 0.659708711036974 0.683093437164123 0.711885646236734 0.668911238296171 0.685677947882915 0.659286834041358 0.656263213589398 0.618711632603851 0.537589680527777 0.416643947662722 0.433322758365685 0.582116400782012 0.684616712742888 0.694508481491979 0.686211828274027 0.684985179947176 0.681603506851964 0.671662527433583 0.681351961339264 0.676958654929455 0.662996353364327 0.666301810857516 0.628931280354859 0.627029682412714 0.653347583670971 0.619961191626381 0.652851739580243 0.65376730695145 0.648007847761004 0.636452018883627 0.634326572272379 0.612887250136562 0.603487046769448 0.63283367665097 0.593462961108632 0 0 0 0 0 0 0 0 0 0 0 0
0 0 0 0 0 0 0 0 0 0 0 0 0.0453530282033989 0.526995793137273 0.57108128939807 0.620069162687305 0.63007258999861 0.646167871732348 0.672043999495017 0.624607992401737 0.661874158192257 0.65366428364652 0.644497219162448 0.641560228872011 0.655703114513804 0.682582663674614 0.659425145291611 0.687392857541981 0.723876306708047 0.713549119827304 0.770976820602263 0.695885755228083 0.643608300652303 0.653765233648903 0.652090880862568 0.679939684940392 0.66335315642635 0.644819330296046 0.642480345307318 0.654603419996603 0.637247842959859 0.670990782787239 0.684645775347887 0.442119539042113 0.463738904257607 0.576826085868544 0.568890779818377 0.655414619192511 0.685464659378082 0.677360861424037 0.653995439660669 0.648030454634852 0.669338545793499 0.649035147556788 0.665999715606259 0.69223143854429 0.70144474708204 0.689858188751958 0.692930721775723 0.690601219510361 0.662473914458431 0.628683807024581 0.499286655564184 0.458549890591106 0.526975893743658 0.678146355677707 0.706901453393518 0.699691887508216 0.691135403281198 0.686163276268635 0.681034992634027 0.698199831180073 0.673479608493551 0.653973158216572 0.661167390569307 0.647219685313112 0.687040144552312 0.628835127801722 0.63095245229771 0.674289706936688 0.675005003565706 0.653941054421316 0.632216231670418 0.633861793940216 0.618651451054042 0.634135906643168 0.618095255175155 0.582663116685341 0 0 0 0 0 0 0 0 0 0 0 0
0 0 0 0 0 0 0 0 0 0 0 0 0 0.573898277741706 0.583218576786648 0.619408918418347 0.645219964877461 0.702028888495155 0.648519845545747 0.664409297339825 0.663272108177016 0.650344927404392 0.650654323493451 0.641384318837218 0.650179528579865 0.687559593988185 0.757344889972771 0.764719800292846 0.730078446489176 0.77466230898268 0.685387318923919 0.636605007501675 0.657415152037408 0.639334707678444 0.648242798530072 0.645676333876059 0.634766971786161 0.645237377327933 0.649744874965737 0.644123136545715 0.653818570968659 0.70278432335038 0.470214461693101 0.374716465769255 0.558778732841692 0.548734225565183 0.692498901847671 0.671546985572492 0.672057208632655 0.643563924444801 0.643480386091574 0.614894538320622 0.630282475423525 0.6494354191924 0.657669713521915 0.679342680311299 0.696151188653527 0.707424793097575 0.700231807928258 0.704613388591129 0.703630016810457 0.640207309217856 0.606744589853575 0.551104627266161 0.568761330527416 0.681857336547053 0.702471422900808 0.690633816578978 0.69032966869976 0.678329941067609 0.665210169345848 0.688614229224529 0.657631923736941 0.672938348338014 0.645685656239377 0.63510854278503 0.672605127315406 0.632353114091655 0.678155462181353 0.680465858002016 0.671512968589123 0.685337617861097 0.653577925607232 0.650966582438356 0.638311964138653 0.633792281203395 0.569221485900878 0.589498906010834 0 0 0 0 0 0 0 0 0 0 0 0
0 0 0 0 0 0 0 0 0 0 0 0 0 0.231449415276755 0.674580280911851 0.621857062685562 0.693228135202205 0.664361978657528 0.63844048562616 0.665871774488483 0.659298414960282 0.657949034421065 0.654198477010132 0.64544544069839 0.649144289587009 0.696840967673411 0.712272427592286 0.68878152049811 0.645470291246687 0.643679060690744 0.65317832519869 0.617068883179755 0.655568997603787 0.652711389333621 0.655173937652097 0.623480456509197 0.644344853445318 0.646672276395188 0.652654442792927 0.654045266513326 0.643447655606796 0.479352183811333 0.384238969050663 0.376058702806592 0.569950328569008 0.492609655645052 0.736876303788306 0.665341986826968 0.653393750649343 0.635848945528641 0.631010095190282 0.604330588322722 0.634810003721978 0.66584659540802 0.673979594283229 0.671789239474321 0.689071939355554 0.73062713299143 0.700078149874589 0.692385199794347 0.715476640955351 0.66159327991263 0.634296842072331 0.605434762375216 0.615104287759639 0.669909379881585 0.70813838028169 0.696183066300943 0.701242429821544 0.687872653832234 0.701365709710841 0.696494637984769 0.695031138184085 0.664698977765519 0.675120038888728 0.626944373671533 0.624182701810841 0.689565574968365 0.700483509120519 0.684655061027174 0.655082410521479 0.690855623778683 0.684349096302056 0.663791559303023 0.638353151162529 0.625793165181581 0.551687443324498 0.700947025920785 0 0 0 0 0 0 0 0 0 0 0 0
0 0 0 0 0 0 0 0 0 0 0 0 0 0.160951451083974 0.70983641120711 0.611837511688171 0.709139040489888 0.640770243731063 0.667053268061126 0.638715101976606 0.668258782983546 0.655408277544601 0.644380272656139 0.647959925042504 0.650101396477006 0.658785233687587 0.631511626521826 0.64313299536753 0.674982157409791 0.646779091869945 0.648057683983847 0.624340015374535 0.639246030066814 0.61945984688803 0.637874339104083 0.633140537417007 0.652442865022471 0.652107183928461 0.655025638825937 0.651690871068697 0.514339725016972 0.41708151193308 0.435730178479938 0.438692366577395 0.473675058971229 0.604600209598044 0.674107292136916 0.676560516211588 0.642381506498095 0.653849392023221 0.64168748164033 0.629919642061967 0.649968103788748 0.656056472124372 0.67663743538041 0.670290689205116 0.638879827705859 0.703544120919057 0.672033431154861 0.665095124362508 0.673943694726034 0.650870098328926 0.625022584696411 0.646366809722164 0.658049071366063 0.676770848487225 0.703287496721049 0.68015234676645 0.69219067313887 0.705737368479677 0.734105510355529 0.702415571526694 0.723401188073264 0.695665465889514 0.674791452999614 0.658067306573818 0.675611814809757 0.665656719345922 0.689016960421894 0.699482085467824 0.678183493302957 0.656063918962997 0.67155477924462 0.631506558440916 0.63273283807766 0.63951993632019 0.69184863706777 0.750837960694157 0 0 0 0 0 0 0 0 0 0 0 0
0 0 0 0 0 0 0 0 0 0 0 0 0 0 0.62241489525532 0.598616329170089 0.723261103179133 0.648115398322552 0.661704944288227 0.640756737154495 0.674059825298532 0.658576973468005 0.656080382786526 0.650039215778681 0.64063083629493 0.66318624120363 0.634920730437311 0.6480728886257 0.656009143852372 0.634737239699488 0.643578678415095 0.629284366208543 0.645345029120954 0.636900356645796 0.651083659166301 0.650191681245923 0.642169382030096 0.658926839080135 0.69151287543222 0.633002278464181 0.555629046917922 0.552429200638709 0.56723637187505 0.58584728225616 0.652590088105538 0.662478445655623 0.649841800858557 0.680615279852025 0.661390543655611 0.660061241395516 0.639803316895391 0.680284343926719 0.671972672752212 0.643207411391874 0.671349034069529 0.669345155788859 0.651060761311644 0.755366211973686 0.661831216294041 0.665820740559691 0.680517060876613 0.708482383367282 0.705736591062796 0.737345653088759 0.715811753800697 0.67880921538447 0.670944485578019 0.668891457340847 0.685586829885871 0.71363901495214 0.722778590104469 0.711555209975367 0.718911939463625 0.677205053210498 0.689057873547437 0.68810896986687 0.6908395296707 0.674572566625338 0.679543954438607 0.692158787418419 0.671904120416468 0.660437252727793 0.634291441627671 0.616643251960186 0.641874408338152 0.628413114451791 0.754669555341691 0.587899097254576 0 0 0 0 0 0 0 0 0 0 0 0
0 0 0 0 0 0 0 0 0 0 0 0 0 0 0.373492860116324 0.625828804062166 0.674954146262769 0.6465707613141 0.641017441862786 0.669390106439111 0.665497686466701 0.672413141440194 0.671741866459069 0.658221614771638 0.659614790655862 0.658754380006234 0.636355694578543 0.647844876287449 0.648773696087352 0.626421724360138 0.643920645456295 0.645833098916988 0.65841274800291 0.673182507130797 0.638583030048271 0.638519865569454 0.646860151379162 0.718715172120983 0.743716432969767 0.641429693598911 0.673744607408858 0.66221036563006 0.643200694277973 0.654461481851927 0.639107815685311 0.654369084363972 0.652054672901299 0.651751487294433 0.682981446577414 0.62222638975485 0.64940929776351 0.647403629089601 0.639161167198503 0.654585914975633 0.65932574298022 0.66785799357301 0.651969519078276 0.77583027721075 0.697410298974941 0.69967530112161 0.709127234150754 0.736180712313431 0.683741953790308 0.695613162108638 0.69067855844939 0.704044945355728 0.662921269718838 0.678473428591876 0.708171112998487 0.68168018959245 0.692126566403732 0.684267089796162 0.656315578299509 0.685574612199565 0.694248118147668 0.709721062837904 0.69332915116124 0.667191409826759 0.695791576632647 0.679322740219393 0.651490010296459 0.687737674125196 0.626305224305427 0.590237450504111 0.775270883696036 0.941282540149032 0.516840187333719 0.0641105491054849 0 0 0 0 0 0 0 0 0 0 0 0
0 0 0 0 0 0 0 0 0 0 0 0 0 0 0.00471144719267325 0.625364954339378 0.604874799509643 0.649947933051188 0.649577678295112 0.656509152195583 0.646176921905886 0.663205177284102 0.670134455452503 0.673182586401281 0.66306891399821 0.627219959885349 0.642974167932399 0.641176546169719 0.67002814215923 0.67587823766175 0.653635056079274 0.650694105081539 0.654079835450386 0.660393237740653 0.649515879593049 0.672272750149886 0.698194941243224 0.75294121943729 0.71628714456539 0.671853622149462 0.682632637817567 0.667788909944346 0.648753458403006 0.64454155418964 0.643538890551561 0.669479955896573 0.660214156791334 0.658790053461639 0.657645235254299 0.61066722114302 0.613191467323533 0.63465327250521 0.639234897298832 0.657743458055155 0.647951806046545 0.658161624682789 0.653174330334116 0.699578756305533 0.688877838797924 0.680044545946946 0.65590256207656 0.646096512591478 0.684415603537915 0.687151081897267 0.6779818028072 0.695145007163034 0.67140920560902 0.643320577533192 0.693165373005857 0.666180925175074 0.669171443979121 0.66597965129645 0.679902678737219 0.7060113541156 0.679286853972959 0.682702134345379 0.710662498810306 0.723602090440286 0.689231828667316 0.679281379782602 0.667953342746297 0.661772086773264 0.638561244028195 0.613184389710762 0.729952364347829 0.518338836153359 0.444363750655022 0.000879966267636763 0 0 0 0 0 0 0 0 0 0 0 0
0 0 0 0 0 0 0 0 0 0 0 0 0 0 0 0.536839546693305 0.589941859782966 0.625451056873774 0.638343749341447 0.632402210613228 0.632464828268623 0.628290332557786 0.651448030813359 0.657273856246303 0.661548852351782 0.65476184764839 0.661334332901707 0.641973100474183 0.658971287158989 0.658470770010382 0.659131532448782 0.674580119609257 0.670820711891896 0.6629614277477 0.682177021344375 0.669353523196061 0.675521662806121 0.660678389413016 0.689999507072034 0.678691986169949 0.680642598860988 0.676408958163348 0.661630773862843 0.656278103918617 0.658278089261583 0.663429414900352 0.672444659305626 0.657185287398832 0.659462356997208 0.649018149724765 0.597614644535302 0.580143738712487 0.636684000993878 0.658315849712533 0.646693412307954 0.657108797522378 0.648203960934491 0.659835726448228 0.674585195856843 0.676507826593656 0.696764789390948 0.685171441357189 0.666537408003625 0.660966335731061 0.677899453062983 0.688823411309839 0.683625684114145 0.660674186883078 0.650956378755627 0.647840848723935 0.665426772543218 0.681974152048829 0.694966918745751 0.678170498330252 0.674390779083068 0.663932136256258 0.684621568372024 0.671085480849268 0.687922383767019 0.672224413407016 0.664820864140532 0.67310667298008 0.637390119441318 0.620323797034833 0.580754430684142 0.402957158124375 0.175336670501367 0 0 0 0 0 0 0 0 0 0 0 0 0
0 0 0 0 0 0 0 0 0 0 0 0 0 0 0 0 0.526857479758618 0.611227973999392 0.640666009958985 0.641852836595071 0.642675545302147 0.632529296039911 0.646895382364991 0.636538491508131 0.66590166297928 0.67818531139228 0.667290690250512 0.648852875354544 0.655415960447745 0.648748213404573 0.668511367345 0.680856553388937 0.665229613344434 0.662073982621007 0.679448088423731 0.67562288880377 0.676739645668199 0.663238766015895 0.674931482337322 0.663842574919733 0.679804481911611 0.689942261796794 0.688414477557484 0.673508576959192 0.666919826860639 0.673915913788702 0.664076392005291 0.655093570102868 0.6591537234669 0.654300019962303 0.601620316326978 0.562906477099597 0.599327289274281 0.634067218967798 0.609062153459699 0.616799596437266 0.649001979401126 0.628544202739324 0.676359031305755 0.710523045917104 0.683891113585197 0.634647952451648 0.591305698187538 0.570291098331014 0.617263581088276 0.67635529291625 0.683564668746733 0.639924594978931 0.649360163738166 0.671072081971504 0.66621999456302 0.681959271582559 0.650617659202284 0.664511456398609 0.664958275674862 0.678720853591397 0.673236998954481 0.645057538606271 0.674874646200261 0.694631960444 0.694294493185922 0.664017361212257 0.65848015244482 0.596405031636351 0.551076614494247 0.0596616468947663 0 0 0 0 0 0 0 0 0 0 0 0 0 0
0 0 0 0 0 0 0 0 0 0 0 0 0 0 0 0 0.194959908951695 0.560522181033129 0.640787875914238 0.651195736982933 0.651953283774301 0.631336819178622 0.6324936514841 0.636933204712282 0.651457914686299 0.642696518120871 0.667941660560592 0.652085189550695 0.654283754605882 0.669712334653981 0.678884831426609 0.677054484016219 0.666876097281934 0.662306095422633 0.663497784697074 0.669637035753645 0.671454462178037 0.652022186179516 0.668466065788653 0.645982687606658 0.668976240668498 0.678639587103001 0.7000159858458 0.679783492543088 0.677923491618043 0.662897061583981 0.653619509000414 0.662464833979156 0.673051349985288 0.65139985008163 0.641375659343942 0.613000821434037 0.607711228153835 0.629347830912477 0.596638694348709 0.6051297300711 0.610728509530695 0.631747046495587 0.67167386914259 0.750684185066453 0.540042475383765 0.48033037441645 0.442114066693864 0.424155093701552 0.492574022995394 0.62923262765374 0.684807711127299 0.638083928413314 0.657232553217253 0.647840602107211 0.646275589465135 0.651358702845736 0.669810143745162 0.663954034878215 0.665882094730554 0.674705042096451 0.669402791712126 0.659047783212643 0.658226882642903 0.64717020557488 0.665788493334887 0.647239923434958 0.636376179439921 0.62414761377868 0.480350185720495 0 0 0 0 0 0 0 0 0 0 0 0 0 0 0
0 0 0 0 0 0 0 0 0 0 0 0 0 0 0 0 0 0.306219831240247 0.622734562914904 0.658091647704218 0.651796590930164 0.658883830870662 0.695135538696044 0.689746298474134 0.664371181320712 0.66285987339749 0.677137067133944 0.654236068863744 0.677350844534062 0.688614503448302 0.686448846585986 0.674539003148837 0.672487073027152 0.676634920593814 0.664726151785284 0.669910949473698 0.66758876952511 0.652061880560708 0.67383962097168 0.657503039466351 0.670255915617607 0.677975367495807 0.67142098846282 0.672564787226472 0.677832679978799 0.65446138664568 0.66057255507686 0.666532411932226 0.655677628108433 0.650893654279498 0.63936319604179 0.636683265417395 0.619994276879539 0.632359401638407 0.621994576155972 0.616562694346929 0.647775501816134 0.634897993007177 0.66758830871582 0.601322190153862 0.46046660003048 0.503136607262595 0.456060766127988 0.393402112124192 0.425033089282767 0.606973984885264 0.717528170684262 0.65542071727392 0.645889944715903 0.639882328111737 0.642373266662966 0.634978258647957 0.649680670947376 0.674004238793356 0.65490185838235 0.662891835020438 0.661969778233611 0.672971318358147 0.645177699591408 0.628048525107554 0.62041310147414 0.61582641980576 0.641817816291057 0.629019292199732 0 0 0 0 0 0 0 0 0 0 0 0 0 0 0 0
0 0 0 0 0 0 0 0 0 0 0 0 0 0 0 0 0 0.0631645397094144 0.561193659438932 0.637345631315051 0.635873401849082 0.666850838118922 0.643657811454603 0.65456581352587 0.662841496163259 0.68838116942776 0.688050354683951 0.661873614658532 0.669313004777321 0.685693411786024 0.677329540662554 0.681929816152776 0.674185119797766 0.690968511439425 0.686409462979046 0.678505477679615 0.665926532335492 0.655828182750065 0.672319753718232 0.652587552380322 0.671404322273055 0.685821574418741 0.682469136082671 0.66991349140835 0.669486980006872 0.657111070900808 0.703496718003333 0.655189026393161 0.647412639897306 0.642497561720727 0.665714256130043 0.654625653722444 0.631262631406727 0.620072643580907 0.625017152420136 0.627072355677952 0.65972343629649 0.67668741477951 0.607911108594928 0.570724851848519 0.672749225946505 0.844261821292443 0.623610884265402 0.409987832952457 0.444559965921168 0.477057763039417 0.650317248400066 0.660986936764938 0.634852751178089 0.637715561217034 0.630117835278578 0.630171541782739 0.606943223872654 0.633177539036403 0.655621343690193 0.646631336529922 0.674811630795515 0.660710073881706 0.679930562175543 0.6626534452565 0.619169467998175 0.624926114345989 0.664771136884478 0.527256345144842 0 0 0 0 0 0 0 0 0 0 0 0 0 0 0 0
0 0 0 0 0 0 0 0 0 0 0 0 0 0 0 0 0 0 0.148152140039027 0.590477499704342 0.608474972236372 0.631375307794644 0.650993982042585 0.672971596835653 0.675316973560725 0.669353746177013 0.661105235186141 0.656340550451451 0.670206536074663 0.670656200955427 0.669907697653818 0.67215547794058 0.65927473431286 0.671925343356526 0.663254766245483 0.639882945778001 0.623129430151466 0.652661176025268 0.669210952324359 0.668147512332294 0.674418686943131 0.666522639529806 0.679833796318868 0.648900796801991 0.651151536710497 0.718141466978139 0.67507215810273 0.66327019794702 0.65054275687235 0.645639667362083 0.655951981826567 0.650362442475593 0.644770054201245 0.625361612679925 0.631342738653908 0.639475085370929 0.681298253582469 0.695112853543379 0.606604292774776 0.79780380612379 0.988378104630898 0.986940009703914 0.594781429302285 0.438852767790827 0.441901653115562 0.440958811342021 0.484388301219978 0.68990041619959 0.652804855206986 0.640354371325303 0.620206265829842 0.632723294748962 0.608403973224417 0.58946125869751 0.629122268240793 0.620803923423046 0.680130931077493 0.65932662264634 0.663717146781753 0.663221341794357 0.625045966016743 0.622042122584138 0.604908890668535 0.27253047939124 0 0 0 0 0 0 0 0 0 0 0 0 0 0 0 0
0 0 0 0 0 0 0 0 0 0 0 0 0 0 0 0 0 0 0 0.427791880845927 0.608665768977574 0.659294912371261 0.652680512134698 0.632585693027796 0.652358570146465 0.642256690400275 0.658041706072924 0.65305330118375 0.650245459240735 0.658873932263933 0.670733406978738 0.665735983058384 0.66191984395386 0.651772149277501 0.635497178765034 0.662133586034641 0.637100154262673 0.654395559683172 0.675697566798803 0.67975428589297 0.678132994810292 0.657985557923039 0.674208879505365 0.663105737751399 0.658232139226656 0.741255604869452 0.657208061712561 0.654534861205809 0.637015612028494 0.62624591861318 0.629021280696262 0.663670880363357 0.635643579870642 0.608127494438985 0.627740773751702 0.652409230956417 0.70880007843693 0.71738202937412 0.638600195527413 0.95269328343259 0.9971955879718 0.878157020679372 0.472409478212506 0.423775095160195 0.429890234031907 0.425699041498595 0.482274868629348 0.587632247594759 0.656763955009967 0.631396707070426 0.640693810528577 0.620936490270357 0.616293035956216 0.579364945561737 0.616435954726773 0.626373187744018 0.629824304530798 0.636355181181695 0.66378621245294 0.6720132424675 0.647962254123189 0.603487471958521 0.475371662746248 0 0 0 0 0 0 0 0 0 0 0 0 0 0 0 0 0
0 0 0 0 0 0 0 0 0 0 0 0 0 0 0 0 0 0 0 0.0384980423733497 0.562428292591086 0.602179571846361 0.628823106293707 0.633882523672922 0.649430321676151 0.650847549630363 0.664197246037259 0.629681620031775 0.63822417413109 0.642667697169651 0.662820477230448 0.653677878435469 0.641793834678604 0.640820775521353 0.693206120373977 0.677405564359975 0.63559341068383 0.647771126307712 0.6602201170125 0.684237572729468 0.697954990379287 0.677257607204813 0.656579637968804 0.662335881062437 0.645801287645305 0.71349388652932 0.649348185049936 0.641222278971068 0.620124648050043 0.618531229951732 0.624384369579599 0.652724856631856 0.623230290595195 0.621583703499685 0.616907877570907 0.669048279261445 0.690910966048058 0.713000613314284 0.692532436002429 0.986982379429777 0.988796582979934 0.651219005193266 0.447592604520095 0.440490512126408 0.426013516155527 0.424357440695197 0.513303385744153 0.688236813113483 0.669556654793875 0.638127433577294 0.648839070901545 0.618839980703005 0.620901953161842 0.593546654185059 0.588156432169064 0.612756669694989 0.626949944747526 0.634567946428265 0.630647290289282 0.632889445444948 0.599942418311443 0.49424840974328 0 0 0 0 0 0 0 0 0 0 0 0 0 0 0 0 0 0
0 0 0 0 0 0 0 0 0 0 0 0 0 0 0 0 0 0 0 0 0.12668712092808 0.557598954227224 0.61659122975923 0.618467447530336 0.667781954587633 0.664213345886476 0.649016684081233 0.619416980758759 0.651805916512564 0.63390578686812 0.62955364777778 0.651724220100879 0.647996588263713 0.653798097132294 0.704521559402497 0.629892098860865 0.615734344992072 0.643096811382823 0.670827301131312 0.665200020866471 0.669429517851125 0.647774521402094 0.644157487166959 0.662367585611631 0.633898328058868 0.706226375655055 0.654644332239469 0.659913633396448 0.62246807945451 0.63579761266267 0.622291611520625 0.639419139387717 0.614237307750003 0.624542202895412 0.627734074842426 0.654017101343105 0.68901844983168 0.676280920754015 0.701257463432941 0.976152762705075 0.799482228043855 0.483293859103411 0.434632970015528 0.408069369258151 0.447629090340229 0.539658711281054 0.693856456748918 0.689761906514465 0.637418575243882 0.668825698989162 0.678696315852881 0.640170981126628 0.59801466595287 0.615154266025842 0.593176745534854 0.612058709027542 0.622563404698823 0.622788688690369 0.658989628834407 0.588174071032947 0.340129339291047 0 0 0 0 0 0 0 0 0 0 0 0 0 0 0 0 0 0 0
0 0 0 0 0 0 0 0 0 0 0 0 0 0 0 0 0 0 0 0 0 0.233104391871699 0.460722169185307 0.603502685288979 0.641913998172077 0.637295039696185 0.632889451847806 0.644196752943504 0.652390710665666 0.641252884869029 0.638857918720514 0.652519210884509 0.642487434502339 0.651988815870995 0.727879357328358 0.627705000085658 0.632034408686003 0.636134811416718 0.664087625601018 0.663587998676876 0.651420362860144 0.633868676059347 0.636485922838362 0.628912003498346 0.63066240036809 0.675105014188524 0.642597334785385 0.639700438539747 0.639244289748194 0.599376140087903 0.593707197035054 0.583828153670866 0.600334730113776 0.59755002789718 0.623980210977781 0.639266643154213 0.674448856181829 0.62800356190641 0.626095701215348 0.838343046067848 0.545711777184713 0.496498951071848 0.443423945236974 0.401534178223793 0.430865749833474 0.577291657743704 0.751777956144765 0.692593108486122 0.64799213138327 0.673134628939101 0.671668881165717 0.623249496693295 0.609741294983647 0.595953995662821 0.636087635095547 0.627327863067688 0.630923701335823 0.636404655049744 0.616178991077506 0.179025406141675 0 0 0 0 0 0 0 0 0 0 0 0 0 0 0 0 0 0 0 0
0 0 0 0 0 0 0 0 0 0 0 0 0 0 0 0 0 0 0 0 0 0 0.367138745731989 0.474464526386376 0.617436888951507 0.625777162766025 0.62901013410173 0.64827443002743 0.636519609662369 0.641051669764375 0.643649258708378 0.654047402097522 0.612817895248382 0.619993274653414 0.703798339656469 0.65863691681338 0.631627831374232 0.639311177389962 0.657545978401844 0.653467375029597 0.645978695130684 0.642605255737919 0.70773673727239 0.642033731151251 0.649393803834052 0.625366042518232 0.65014819962254 0.663350468648991 0.660726686265051 0.599750970452844 0.59589614222966 0.56632742724812 0.602715579863765 0.585566554413763 0.625715418633321 0.630856634507668 0.639660009604441 0.585881315400182 0.626126218639965 0.701567547076281 0.55651268425525 0.509810583590501 0.396779237916052 0.408691809356045 0.436859323004986 0.581374020824778 0.701326192637085 0.695032661437988 0.662123076764726 0.664182954210247 0.680149841810568 0.647807168978225 0.608450764608095 0.632458866804035 0.621724513332129 0.629335939223906 0.642393933177618 0.615169044164585 0.323631977478879 0 0 0 0 0 0 0 0 0 0 0 0 0 0 0 0 0 0 0 0 0
0 0 0 0 0 0 0 0 0 0 0 0 0 0 0 0 0 0 0 0 0 0 0 0.100142836197327 0.52662098918508 0.605569133047799 0.597966265718702 0.639900393518644 0.626812322480722 0.641881318484945 0.640039237787258 0.630213499708579 0.600688274621484 0.664802538608114 0.740051556752625 0.708634703613527 0.710719236964143 0.624669030840008 0.669488466298892 0.663900719435018 0.629418171814702 0.626815180412001 0.736431836771054 0.62240103749327 0.655368149293404 0.650508918501242 0.641999857066287 0.669616682186932 0.648941144920979 0.600487002145932 0.567977005582076 0.56813137107404 0.584411241842228 0.61384548387585 0.614142163380675 0.630748361941363 0.627267548416414 0.639678164637544 0.60847938670997 0.677706581913969 0.554045869296897 0.54109403405602 0.406445707478513 0.404822685416699 0.441546019912967 0.634348314586924 0.643737412750121 0.694600523413307 0.707307966601489 0.656270105453276 0.672969655196191 0.667342440849626 0.606891761058293 0.61993087876011 0.616897152880356 0.593706147394621 0.516246229416595 0.0120373670781428 0 0 0 0 0 0 0 0 0 0 0 0 0 0 0 0 0 0 0 0 0 0
0 0 0 0 0 0 0 0 0 0 0 0 0 0 0 0 0 0 0 0 0 0 0 0 0 0.545894110823539 0.591521135963424 0.624980604758924 0.632739194727999 0.637516850116507 0.635211297678036 0.630382302904033 0.64241511339153 0.716257644637969 0.633970947672424 0.629338090416891 0.687843491951465 0.639265073473065 0.658541462443484 0.620834738495365 0.62645834060454 0.675606492677685 0.678317077260621 0.631074735161764 0.650807775271011 0.66698851106824 0.636474373523858 0.670106634604379 0.660376980603101 0.580145850759157 0.542407443885112 0.569793866708245 0.608501157933318 0.633787258386133 0.613148999534623 0.610631305602474 0.610867843052271 0.636696066213566 0.630263175987382 0.627698881797866 0.526722595475808 0.521827991735047 0.373200571800862 0.490854113442559 0.667491139486762 0.651155118570001 0.642213614734366 0.655706143254486 0.676703892045817 0.662884360415115 0.653474230161856 0.639623135664573 0.649833044669998 0.623400334548183 0.513967446409711 0 0 0 0 0 0 0 0 0 0 0 0 0 0 0 0 0 0 0 0 0 0 0 0 0
0 0 0 0 0 0 0 0 0 0 0 0 0 0 0 0 0 0 0 0 0 0 0 0 0 0 0.566826308638416 0.588913640787902 0.622965164295096 0.615823098586023 0.611082121186285 0.620702513022777 0.606902591582516 0.682111944805735 0.604907300062583 0.638085244316547 0.724253809150986 0.646180659280697 0.655658045167366 0.6549388863316 0.675702477055635 0.697828054583911 0.630983272936263 0.637635258027964 0.666147307230529 0.657013130696103 0.621663747244822 0.65992858222025 0.661551549140116 0.587939596368801 0.53490022519762 0.567663959043414 0.648597595636993 0.6820320721893 0.64768317788813 0.590813131105972 0.590197309338207 0.632486429832352 0.65118820778983 0.538684517269021 0.53165441117009 0.625198563378875 0.542554770590558 0.671829588990242 0.674859454029478 0.670843607579008 0.63732162477121 0.672358890878841 0.630014349890236 0.653627586245009 0.647159271502735 0.649667065274643 0.623187387523996 0.660292346168366 0 0 0 0 0 0 0 0 0 0 0 0 0 0 0 0 0 0 0 0 0 0 0 0 0 0
0 0 0 0 0 0 0 0 0 0 0 0 0 0 0 0 0 0 0 0 0 0 0 0 0 0 0.0221830977710432 0.461998145458444 0.610393594509255 0.610838223222084 0.616891200853497 0.62287602951234 0.697193309998848 0.626014868483361 0.615738131635578 0.645868902974733 0.641714429618175 0.663945069610473 0.666023548213721 0.620112708894971 0.81561214962351 0.613816473499198 0.657370386680127 0.627946673405914 0.644889779423612 0.643734935958525 0.645091128005828 0.647051751173238 0.640995273412018 0.59912360415852 0.504540899560725 0.563832218149443 0.671873804196026 0.684123325025532 0.667088561313253 0.609565570206517 0.603822482341252 0.657976169885525 0.669478201955569 0.635022471629398 0.845243282427109 0.91385683665285 0.865065373626034 0.691784939957434 0.675291115703621 0.682521191802303 0.653554051985251 0.646420698952627 0.672209887842681 0.623280702547192 0.633724252741485 0.584179508835545 0.512306549444525 0.00644187641872952 0 0 0 0 0 0 0 0 0 0 0 0 0 0 0 0 0 0 0 0 0 0 0 0 0 0
0 0 0 0 0 0 0 0 0 0 0 0 0 0 0 0 0 0 0 0 0 0 0 0 0 0 0 0.0210837001416751 0.0709139234953435 0.593065238162066 0.626143894846435 0.773805497775472 0.606168918671023 0.611205850170604 0.628835279459349 0.644391774924756 0.646341077553578 0.664127873894674 0.659637572302713 0.610665656395649 0.788273719162816 0.623408460857307 0.64770853608283 0.628531995608293 0.647543852866344 0.661150835929886 0.649428249443561 0.642440619063809 0.640889452050437 0.616380374165464 0.534016633434027 0.579979134639072 0.683629403910647 0.849807619258337 0.671637953116956 0.60299098345413 0.601676785708145 0.626237167580987 0.693131678684473 0.627468398885132 0.95017967009976 0.662812274255886 0.625218673414387 0.627003223584979 0.606903470858721 0.573301036071776 0.589263567160408 0.633799110681239 0.533769992781548 0.372331954277544 0.375419881882081 0.0564456382298575 0 0 0 0 0 0 0 0 0 0 0 0 0 0 0 0 0 0 0 0 0 0 0 0 0 0 0 0
0 0 0 0 0 0 0 0 0 0 0 0 0 0 0 0 0 0 0 0 0 0 0 0 0 0 0 0 0 0.0058869171265388 0.342333219864378 0.503524255447846 0.565123868900045 0.599627399661028 0.617323852500685 0.6181120578006 0.630434591148269 0.627991364745787 0.653322361670941 0.600221511044109 0.762355954045501 0.645273558105837 0.647961133008991 0.643132632693438 0.635046482858331 0.693260347459206 0.664897408752134 0.6301486237217 0.731854552452042 0.618818322904345 0.523661906083105 0.563905960095288 0.715340700191752 0.787731240215338 0.672686010080564 0.602426616891289 0.625941122763497 0.655109270552514 0.717454621747514 0.68003459980771 0.95556929080126 0.557423590906092 0.492230793475143 0.598974707467982 0.58169555174983 0.512275876972037 0.540878315681901 0.144453164259901 0.127519948438178 0.112726132713324 0 0 0 0 0 0 0 0 0 0 0 0 0 0 0 0 0 0 0 0 0 0 0 0 0 0 0 0 0 0
0 0 0 0 0 0 0 0 0 0 0 0 0 0 0 0 0 0 0 0 0 0 0 0 0 0 0 0 0 0 0.026348347151541 0.235633270255993 0.530004887494521 0.617439911402926 0.585158136770758 0.595926034125284 0.609546429363534 0.625921979516565 0.633885162215358 0.576710309840304 0.708896929535587 0.660475933712014 0.624343232820691 0.629915035762057 0.647094067302988 0.628917371884197 0.637154428846639 0.632368207160138 0.719870776001837 0.62232491840539 0.540954588515898 0.564139233211157 0.661187535752233 0.69400929612557 0.674516213898688 0.627837026991356 0.62067464919829 0.634964695398956 0.69204575075422 0.680595788422243 0.729364255049332 0.491669352659995 0.620705700784146 0.591672049662475 0.144437851869353 0.0780895415983378 0 0 0 0 0 0 0 0 0 0 0 0 0 0 0 0 0 0 0 0 0 0 0 0 0 0 0 0 0 0 0 0 0 0
0 0 0 0 0 0 0 0 0 0 0 0 0 0 0 0 0 0 0 0 0 0 0 0 0 0 0 0 0 0 0 0 0.146500048236347 0.163842238263872 0.31352646302697 0.56418108214411 0.584953427193102 0.596600050129881 0.625629765972237 0.597810872003874 0.681157074863426 0.709042536559383 0.642342991005727 0.637234395825023 0.647956605400838 0.734263296114272 0.609629634757397 0.69125424083042 0.609875453448535 0.596332535476224 0.5891762106575 0.617728648457825 0.636843528517295 0.641383682352293 0.724741296448122 0.684209835889114 0.709198150901871 0.740908023857254 0.638291688574439 0.510212634094668 0.609781439999553 0.46400442684872 0.313379611354958 0.0133562769876412 0 0 0 0 0 0 0 0 0 0 0 0 0 0 0 0 0 0 0 0 0 0 0 0 0 0 0 0 0 0 0 0 0 0 0 0
0 0 0 0 0 0 0 0 0 0 0 0 0 0 0 0 0 0 0 0 0 0 0 0 0 0 0 0 0 0 0 0 0 0 0 0.119389163354607 0.476196441948198 0.557839678873718 0.58251913522916 0.58030942099128 0.714235109213325 0.631177187896974 0.640285241647025 0.60901196443339 0.599804970641107 0.628539494375923 0.594295936908377 0.566715353484125 0.583897116207069 0.579947401756732 0.63765693281853 0.669056455114047 0.660628954958388 0.652690443322164 0.744411325083985 0.611891616842778 0.537184326759046 0.224677245744513 0.194509819867382 0.203564108105201 0.211246092933325 0 0 0 0 0 0 0 0 0 0 0 0 0 0 0 0 0 0 0 0 0 0 0 0 0 0 0 0 0 0 0 0 0 0 0 0 0 0 0
0 0 0 0 0 0 0 0 0 0 0 0 0 0 0 0 0 0 0 0 0 0 0 0 0 0 0 0 0 0 0 0 0 0 0 0 0 0.237677573908256 0.47239603266265 0.783224501515011 0.718044088488755 0.610472134549853 0.594436935340375 0.586198695847879 0.674937964037584 0.72033900163217 0.745070346922846 0.63691440849381 0.599526263946595 0.601658978986835 0.639838739164108 0.636888596959563 0.494024638753539 0.487223770049494 0.44466572635735 0.308789020044027 0.0275565853303121 0 0 0 0 0 0 0 0 0 0 0 0 0 0 0 0 0 0 0 0 0 0 0 0 0 0 0 0 0 0 0 0 0 0 0 0 0 0 0 0 0 0 0
0 0 0 0 0 0 0 0 0 0 0 0 0 0 0 0 0 0 0 0 0 0 0 0 0 0 0 0 0 0 0 0 0 0 0 0 0 0 0 0 0.0643518792649377 0.305252991282952 0.380498954496618 0.363778009205119 0.299771016516568 0.113787519256155 0 0 0 0 0 0 0 0 0 0 0 0 0 0 0 0 0 0 0 0 0 0 0 0 0 0 0 0 0 0 0 0 0 0 0 0 0 0 0 0 0 0 0 0 0 0 0 0 0 0 0 0 0 0
0 0 0 0 0 0 0 0 0 0 0 0 0 0 0 0 0 0 0 0 0 0 0 0 0 0 0 0 0 0 0 0 0 0 0 0 0 0 0 0 0 0 0 0 0 0 0 0 0 0 0 0 0 0 0 0 0 0 0 0 0 0 0 0 0 0 0 0 0 0 0 0 0 0 0 0 0 0 0 0 0 0 0 0 0 0 0 0 0 0 0 0 0 0 0 0 0 0 0 0
0 0 0 0 0 0 0 0 0 0 0 0 0 0 0 0 0 0 0 0 0 0 0 0 0 0 0 0 0 0 0 0 0 0 0 0 0 0 0 0 0 0 0 0 0 0 0 0 0 0 0 0 0 0 0 0 0 0 0 0 0 0 0 0 0 0 0 0 0 0 0 0 0 0 0 0 0 0 0 0 0 0 0 0 0 0 0 0 0 0 0 0 0 0 0 0 0 0 0 0
0 0 0 0 0 0 0 0 0 0 0 0 0 0 0 0 0 0 0 0 0 0 0 0 0 0 0 0 0 0 0 0 0 0 0 0 0 0 0 0 0 0 0 0 0 0 0 0 0 0 0 0 0 0 0 0 0 0 0 0 0 0 0 0 0 0 0 0 0 0 0 0 0 0 0 0 0 0 0 0 0 0 0 0 0 0 0 0 0 0 0 0 0 0 0 0 0 0 0 0
0 0 0 0 0 0 0 0 0 0 0 0 0 0 0 0 0 0 0 0 0 0 0 0 0 0 0 0 0 0 0 0 0 0 0 0 0 0 0 0 0 0 0 0 0 0 0 0 0 0 0 0 0 0 0 0 0 0 0 0 0 0 0 0 0 0 0 0 0 0 0 0 0 0 0 0 0 0 0 0 0 0 0 0 0 0 0 0 0 0 0 0 0 0 0 0 0 0 0 0
0 0 0 0 0 0 0 0 0 0 0 0 0 0 0 0 0 0 0 0 0 0 0 0 0 0 0 0 0 0 0 0 0 0 0 0 0 0 0 0 0 0 0 0 0 0 0 0 0 0 0 0 0 0 0 0 0 0 0 0 0 0 0 0 0 0 0 0 0 0 0 0 0 0 0 0 0 0 0 0 0 0 0 0 0 0 0 0 0 0 0 0 0 0 0 0 0 0 0 0
0 0 0 0 0 0 0 0 0 0 0 0 0 0 0 0 0 0 0 0 0 0 0 0 0 0 0 0 0 0 0 0 0 0 0 0 0 0 0 0 0 0 0 0 0 0 0 0 0 0 0 0 0 0 0 0 0 0 0 0 0 0 0 0 0 0 0 0 0 0 0 0 0 0 0 0 0 0 0 0 0 0 0 0 0 0 0 0 0 0 0 0 0 0 0 0 0 0 0 0
0 0 0 0 0 0 0 0 0 0 0 0 0 0 0 0 0 0 0 0 0 0 0 0 0 0 0 0 0 0 0 0 0 0 0 0 0 0 0 0 0 0 0 0 0 0 0 0 0 0 0 0 0 0 0 0 0 0 0 0 0 0 0 0 0 0 0 0 0 0 0 0 0 0 0 0 0 0 0 0 0 0 0 0 0 0 0 0 0 0 0 0 0 0 0 0 0 0 0 0
0 0 0 0 0 0 0 0 0 0 0 0 0 0 0 0 0 0 0 0 0 0 0 0 0 0 0 0 0 0 0 0 0 0 0 0 0 0 0 0 0 0 0 0 0 0 0 0 0 0 0 0 0 0 0 0 0 0 0 0 0 0 0 0 0 0 0 0 0 0 0 0 0 0 0 0 0 0 0 0 0 0 0 0 0 0 0 0 0 0 0 0 0 0 0 0 0 0 0 0
0 0 0 0 0 0 0 0 0 0 0 0 0 0 0 0 0 0 0 0 0 0 0 0 0 0 0 0 0 0 0 0 0 0 0 0 0 0 0 0 0 0 0 0 0 0 0 0 0 0 0 0 0 0 0 0 0 0 0 0 0 0 0 0 0 0 0 0 0 0 0 0 0 0 0 0 0 0 0 0 0 0 0 0 0 0 0 0 0 0 0 0 0 0 0 0 0 0 0 0
0 0 0 0 0 0 0 0 0 0 0 0 0 0 0 0 0 0 0 0 0 0 0 0 0 0 0 0 0 0 0 0 0 0 0 0 0 0 0 0 0 0 0 0 0 0 0 0 0 0 0 0 0 0 0 0 0 0 0 0 0 0 0 0 0 0 0 0 0 0 0 0 0 0 0 0 0 0 0 0 0 0 0 0 0 0 0 0 0 0 0 0 0 0 0 0 0 0 0 0
0 0 0 0 0 0 0 0 0 0 0 0 0 0 0 0 0 0 0 0 0 0 0 0 0 0 0 0 0 0 0 0 0 0 0 0 0 0 0 0 0 0 0 0 0 0 0 0 0 0 0 0 0 0 0 0 0 0 0 0 0 0 0 0 0 0 0 0 0 0 0 0 0 0 0 0 0 0 0 0 0 0 0 0 0 0 0 0 0 0 0 0 0 0 0 0 0 0 0 0
0 0 0 0 0 0 0 0 0 0 0 0 0 0 0 0 0 0 0 0 0 0 0 0 0 0 0 0 0 0 0 0 0 0 0 0 0 0 0 0 0 0 0 0 0 0 0 0 0 0 0 0 0 0 0 0 0 0 0 0 0 0 0 0 0 0 0 0 0 0 0 0 0 0 0 0 0 0 0 0 0 0 0 0 0 0 0 0 0 0 0 0 0 0 0 0 0 0 0 0
0 0 0 0 0 0 0 0 0 0 0 0 0 0 0 0 0 0 0 0 0 0 0 0 0 0 0 0 0 0 0 0 0 0 0 0 0 0 0 0 0 0 0 0 0 0 0 0 0 0 0 0 0 0 0 0 0 0 0 0 0 0 0 0 0 0 0 0 0 0 0 0 0 0 0 0 0 0 0 0 0 0 0 0 0 0 0 0 0 0 0 0 0 0 0 0 0 0 0 0
