0 0 0 0 0 0 0 0 0 0 0 0 0 0 0 0 0 0 0 0 0 0 0 0 0 0 0 0 0 0 0 0 0 0 0 0 0 0 0 0 0 0 0 0 0 0 0 0 0 0 0 0 0 0 0 0 0 0 0 0 0 0 0 0 0 0 0 0 0 0 0 0 0 0 0 0 0 0 0 0 0 0 0 0 0 0 0 0 0 0 0 0 0 0 0 0 0 0 0 0
0 0 0 0 0 0 0 0 0 0 0 0 0 0 0 0 0 0 0 0 0 0 0 0 0 0 0 0 0 0 0 0 0 0 0 0 0 0 0 0 0 0 0 0 0 0 0 0 0 0 0 0 0 0 0 0 0 0 0 0 0 0 0 0 0 0 0 0 0 0 0 0 0 0 0 0 0 0 0 0 0 0 0 0 0 0 0 0 0 0 0 0 0 0 0 0 0 0 0 0
0 0 0 0 0 0 0 0 0 0 0 0 0 0 0 0 0 0 0 0 0 0 0 0 0 0 0 0 0 0 0 0 0 0 0 0 0 0 0 0 0 0 0 0 0 0 0 0 0 0 0 0 0 0 0 0 0 0 0 0 0 0 0 0 0 0 0 0 0 0 0 0 0 0 0 0 0 0 0 0 0 0 0 0 0 0 0 0 0 0 0 0 0 0 0 0 0 0 0 0
0 0 0 0 0 0 0 0 0 0 0 0 0 0 0 0 0 0 0 0 0 0 0 0 0 0 0 0 0 0 0 0 0 0 0 0 0 0 0 0 0 0 0 0 0 0 0 0 0 0 0 0 0 0 0 0 0 0 0 0 0 0 0 0 0 0 0 0 0 0 0 0 0 0 0 0 0 0 0 0 0 0 0 0 0 0 0 0 0 0 0 0 0 0 0 0 0 0 0 0
0 0 0 0 0 0 0 0 0 0 0 0 0 0 0 0 0 0 0 0 0 0 0 0 0 0 0 0 0 0 0 0 0 0 0 0 0 0 0 0 0 0 0 0 0 0 0 0 0 0 0 0 0 0 0 0 0 0 0 0 0 0 0 0 0 0 0 0 0 0 0 0 0 0 0 0 0 0 0 0 0 0 0 0 0 0 0 0 0 0 0 0 0 0 0 0 0 0 0 0
0 0 0 0 0 0 0 0 0 0 0 0 0 0 0 0 0 0 0 0 0 0 0 0 0 0 0 0 0 0 0 0 0 0 0 0 0 0 0 0 0 0 0 0 0 0 0 0 0 0 0 0 0 0 0 0 0 0 0 0 0 0 0 0 0 0 0 0 0 0 0 0 0 0 0 0 0 0 0 0 0 0 0 0 0 0 0 0 0 0 0 0 0 0 0 0 0 0 0 0
0 0 0 0 0 0 0 0 0 0 0 0 0 0 0 0 0 0 0 0 0 0 0 0 0 0 0 0 0 0 0 0 0 0 0 0 0 0 0 0 0 0 0 0 0 0 0 0 0 0 0 0 0 0 0 0 0 0 0 0 0 0 0 0 0 0 0 0 0 0 0 0 0 0 0 0 0 0 0 0 0 0 0 0 0 0 0 0 0 0 0 0 0 0 0 0 0 0 0 0
0 0 0 0 0 0 0 0 0 0 0 0 0 0 0 0 0 0 0 0 0 0 0 0 0 0 0 0 0 0 0 0 0 0 0 0 0 0 0 0 0 0 0 0 0 0 0 0 0 0 0 0 0 0 0 0 0 0 0 0 0 0 0 0 0 0 0 0 0 0 0 0 0 0 0 0 0 0 0 0 0 0 0 0 0 0 0 0 0 0 0 0 0 0 0 0 0 0 0 0
0 0 0 0 0 0 0 0 0 0 0 0 0 0 0 0 0 0 0 0 0 0 0 0 0 0 0 0 0 0 0 0 0 0 0 0 0 0 0 0 0 0 0 0 0 0 0 0 0 0 0 0 0 0 0 0 0 0 0 0 0 0 0 0 0 0 0 0 0 0 0 0 0 0 0 0 0 0 0 0 0 0 0 0 0 0 0 0 0 0 0 0 0 0 0 0 0 0 0 0
0 0 0 0 0 0 0 0 0 0 0 0 0 0 0 0 0 0 0 0 0 0 0 0 0 0 0 0 0 0 0 0 0 0 0 0 0 0 0 0 0 0 0 0 0 0 0 0 0 0 0 0 0 0 0 0 0 0 0 0 0 0 0 0 0 0 0 0 0 0 0 0 0 0 0 0 0 0 0 0 0 0 0 0 0 0 0 0 0 0 0 0 0 0 0 0 0 0 0 0
0 0 0 0 0 0 0 0 0 0 0 0 0 0 0 0 0 0 0 0 0 0 0 0 0 0 0 0 0 0 0 0 0 0 0 0 0 0 0 0 0 0 0 0 0 0 0 0 0 0 0 0 0 0 0 0 0 0 0 0 0 0 0 0 0 0 0 0 0 0 0 0 0 0 0 0 0 0 0 0 0 0 0 0 0 0 0 0 0 0 0 0 0 0 0 0 0 0 0 0
0 0 0 0 0 0 0 0 0 0 0 0 0 0 0 0 0 0 0 0 0 0 0 0 0 0 0 0 0 0 0 0 0 0 0 0 0 0 0 0 0 0 0 0 0 0 0 0 0 0 0 0 0 0 0 0 0 0 0 0 0 0 0 0 0 0 0 0 0 0 0 0 0 0 0 0 0 0 0 0 0 0 0 0 0 0 0 0 0 0 0 0 0 0 0 0 0 0 0 0
0 0 0 0 0 0 0 0 0 0 0 0 0 0 0 0 0 0 0 0 0 0 0 0 0 0 0 0 0 0 0 0 0 0 0 0 0 0 0 0 0 0 0 0 0 0 0 0 0 0 0 0 0 0 0 0 0 0 0 0 0 0 0 0 0 0 0 0 0 0 0 0 0 0 0 0 0 0 0 0 0 0 0 0 0 0 0 0 0 0 0 0 0 0 0 0 0 0 0 0
0 0 0 0 0 0 0 0 0 0 0 0 0 0 0 0 0 0 0 0 0 0 0 0 0 0 0 0 0 0 0 0 0 0 0 0 0 0 0 0 0 0 0 0 0 0 0 0 0 0 0 0 0 0 0 0 0 0 0 0 0 0 0 0 0 0 0 0 0 0 0 0 0 0 0 0 0 0 0 0 0 0 0 0 0 0 0 0 0 0 0 0 0 0 0 0 0 0 0 0
0 0 0 0 0 0 0 0 0 0 0 0 0 0 0 0 0 0 0 0 0 0 0 0 0 0 0 0 0 0 0 0 0 0 0 0 0 0 0 0 0 0 0 0 0 0 0 0 0 0 0 0 0 0 0 0 0 0 0 0 0 0 0 0 0 0 0 0 0 0 0 0 0 0 0 0 0 0 0 0 0 0 0 0 0 0 0 0 0 0 0 0 0 0 0 0 0 0 0 0
0 0 0 0 0 0 0 0 0 0 0 0 0 0 0 0 0 0 0 0 0 0 0 0 0 0 0 0 0 0 0 0 0 0 0 0 0 0 0 0 0 0 0 0 0 0 0 0 0 0 0 0 0 0 0 0 0 0 0 0 0 0 0 0 0 0 0 0 0 0 0 0 0 0 0 0 0 0 0 0 0 0 0 0 0 0 0 0 0 0 0 0 0 0 0 0 0 0 0 0
0 0 0 0 0 0 0 0 0 0 0 0 0 0 0 0 0 0 0 0 0 0 0 0 0 0 0 0 0 0 0 0 0 0 0 0 0 0 0 0 0 0 0 0 0 0 0 0 0 0 0 0 0 0 0 0 0 0 0 0 0 0 0 0 0 0 0 0 0 0 0 0 0 0 0 0 0 0 0 0 0 0 0 0 0 0 0 0 0 0 0 0 0 0 0 0 0 0 0 0
0 0 0 0 0 0 0 0 0 0 0 0 0 0 0 0 0 0 0 0 0 0 0 0 0 0 0 0 0 0 0 0 0 0 0 0 0 0 0 0 0 0 0 0 0 0 0 0 0 0 0 0 0 0 0 0 0 0 0 0 0 0 0 0 0 0 0 0 0 0 0 0 0 0 0 0 0 0 0 0 0 0 0 0 0 0 0 0 0 0 0 0 0 0 0 0 0 0 0 0
0 0 0 0 0 0 0 0 0 0 0 0 0 0 0 0 0 0 0 0 0 0 0 0 0 0 0 0 0 0 0 0 0 0 0 0 0 0 0 0 0 0 0 0 0 0 0 0 0 0 0 0 0 0 0 0 0 0 0 0 0 0 0 0 0 0 0 0 0 0 0 0 0 0 0 0 0 0 0 0 0 0 0 0 0 0 0 0 0 0 0 0 0 0 0 0 0 0 0 0
0 0 0 0 0 0 0 0 0 0 0 0 0 0 0 0 0 0 0 0 0 0 0 0 0 0 0 0 0 0 0 0 0 0 0 0 0 0 0 0 0 0 0 0 0 0 0 0 0 0 0 0 0 0 0 0 0 0 0 0 0 0 0 0 0 0 0 0 0 0 0 0 0 0 0 0 0 0 0 0 0 0 0 0 0 0 0 0 0 0 0 0 0 0 0 0 0 0 0 0
0 0 0 0 0 0 0 0 0 0 0 0 0 0 0 0 0 0 0 0 0 0 0 0 0 0 0 0 0 0 0 0 0 0 0 0 0 0 0 0 0 0 0 0 0 0 0 0 0 0 0 0 0 0 0 0 0 0 0 0 0 0 0 0 0 0 0 0 0 0 0 0 0 0 0 0 0 0 0 0 0 0 0 0 0 0 0 0 0 0 0 0 0 0 0 0 0 0 0 0
0 0 0 0 0 0 0 0 0 0 0 0 0 0 0 0 0 0 0 0 0 0 0 0 0 0 0 0 0 0 0 0 0 0 0 0 0 0 0 0 0 0 0 0 0 0 0 0 0 0 0 0 0 0 0 0 0 0 0 0 0 0 0 0 0 0 0 0 0 0 0 0 0 0 0 0 0 0 0 0 0 0 0 0 0 0 0 0 0 0 0 0 0 0 0 0 0 0 0 0
0 0 0 0 0 0 0 0 0 0 0 0 0 0 0 0 0 0 0 0 0 0 0 0 0 0 0 0 0 0 0 0 0 0 0 0 0 0 0 0 0 0 0 0 0 0 0 0 0 0 0 0 0 0 0 0 0 0 0 0 0 0 0 0 0 0 0 0 0 0 0 0 0 0 0 0 0 0 0 0 0 0 0 0 0 0 0 0 0 0 0 0 0 0 0 0 0 0 0 0
0 0 0 0 0 0 0 0 0 0 0 0 0 0 0 0 0 0 0 0 0 0 0 0 0 0 0 0 0 0 0 0 0 0 0 0 0 0 0 0 0 0 0 0 0 0 0 0 0 0 0 0 0 0 0 0 0 0 0 0 0 0 0 0 0 0 0 0 0 0 0 0 0 0 0 0 0 0 0 0 0 0 0 0 0 0 0 0 0 0 0 0 0 0 0 0 0 0 0 0
0 0 0 0 0 0 0 0 0 0 0 0 0 0 0 0 0 0 0 0 0 0 0 0 0 0 0 0 0 0 0 0 0 0 0 0 0 0 0 0 0 0 0 0 0 0 0 0 0 0 0 0 0 0 0 0 0 0 0 0 0 0 0 0 0 0 0 0 0 0 0 0 0 0 0 0 0 0 0 0 0 0 0 0 0 0 0 0 0 0 0 0 0 0 0 0 0 0 0 0
0 0 0 0 0 0 0 0 0 0 0 0 0 0 0 0 0 0 0 0 0 0 0 0 0 0 0 0 0 0 0 0 0 0 0 0 0 0 0 0 0 0 0 0 0 0 0 0 0 0 0 0 0 0 0 0 0 0 0 0 0 0 0 0 0 0 0 0 0 0 0 0 0 0 0 0 0 0 0 0 0 0 0 0 0 0 0 0 0 0 0 0 0 0 0 0 0 0 0 0
0 0 0 0 0 0 0 0 0 0 0 0 0 0 0 0 0 0 0 0 0 0 0 0 0 0 0 0 0 0 0 0 0 0 0 0 0 0 0 0 0 0 0 0 0 0 0 0 0 0 0 0 0 0 0 0 0 0 0 0 0 0 0 0 0 0 0 0 0 0 0 0 0 0 0 0 0 0 0 0 0 0 0 0 0 0 0 0 0 0 0 0 0 0 0 0 0 0 0 0
0 0 0 0 0 0 0 0 0 0 0 0 0 0 0 0 0 0 0 0 0 0 0 0 0 0 0 0 0 0 0 0 0 0 0 0 0 0 0 0 0 0 0 0 0 0 0 0 0 0 0 0 0 0 0 0 0 0 0 0 0 0 0 0 0 0 0 0 0 0 0 0 0 0 0 0 0 0 0 0 0 0 0 0 0 0 0 0 0 0 0 0 0 0 0 0 0 0 0 0
0 0 0 0 0 0 0 0 0 0 0 0 0 0 0 0 0 0 0 0 0 0 0 0 0 0 0 0 0 0 0 0 0 0 0 0 0 0 0 0 0 0 0 0 0 0 0 0 0 0 0 0 0 0 0 0 0 0 0 0 0 0 0 0 0 0 0 0 0 0 0 0 0 0 0 0 0 0 0 0 0 0 0 0 0 0 0 0 0 0 0 0 0 0 0 0 0 0 0 0
0 0 0 0 0 0 0 0 0 0 0 0 0 0 0 0 0 0 0 0 0 0 0 0 0 0 0 0 0 0 0 0 0 0 0 0 0 0 0 0 0 0 0 0 0 0 0 0 0 0 0 0 0 0 0 0 0 0 0 0 0 0 0 0 0 0 0 0 0 0 0 0 0 0 0 0 0 0 0 0 0 0 0 0 0 0 0 0 0 0 0 0 0 0 0 0 0 0 0 0
0 0 0 0 0 0 0 0 0 0 0 0 0 0 0 0 0 0 0 0 0 0 0 0 0 0 0 0 0 0 0 0 0 0 0 0 0 0 0 0 0 0 0 0 0 0 0 0 0 0 0 0 0 0 0 0 0 0 0 0 0 0 0 0 0 0 0 0 0 0 0 0 0 0 0 0 0 0 0 0 0 0 0 0 0 0 0 0 0 0 0 0 0 0 0 0 0 0 0 0
0 0 0 0 0 0 0 0 0 0 0 0 0 0 0 0 0 0 0 0 0 0 0 0 0 0 0 0 0 0 0 0 0 0 0 0 0 0 0 0 0 0 0 0 0 0 0 0 0 0 0 0 0 0 0 0 0 0 0 0 0 0 0 0 0 0 0 0 0 0 0 0 0 0 0 0 0 0 0 0 0 0 0 0 0 0 0 0 0 0 0 0 0 0 0 0 0 0 0 0
0 0 0 0 0 0 0 0 0 0 0 0 0 0 0 0 0 0 0 0 0 0 0 0 0 0 0 0 0 0 0 0 0 0 0 0 0 0 0 0 0 0 0 0 0 0 0 0 0 0 0 0 0 0 0 0 0 0 0 0 0 0 0 0 0 0 0 0 0 0 0 0 0 0 0 0 0 0 0 0 0 0 0 0 0 0 0 0 0 0 0 0 0 0 0 0 0 0 0 0
0 0 0 0 0 0 0 0 0 0 0 0 0 0 0 0 0 0 0 0 0 0 0 0 0 0 0 0 0 0 0 0 0 0 0 0 0 0 0 0 0 0 0 0 0 0 0 0 0 0 0 0 0 0 0 0 0 0 0 0 0 0 0 0 0 0 0 0 0 0 0 0 0 0 0 0 0 0 0 0 0 0 0 0 0 0 0 0 0 0 0 0 0 0 0 0 0 0 0 0
0 0 0 0 0 0 0 0 0 0 0 0 0 0 0 0 0 0 0 0 0 0 0 0 0 0 0 0 0 0 0 0 0 0 0 0 0 0 0 0 0 0 0 0 0 0 0 0 0 0 0 0 0 0 0 0 0 0 0 0 0 0 0 0 0 0 0 0 0 0 0 0 0 0 0 0 0 0 0 0 0 0 0 0 0 0 0 0 0 0 0 0 0 0 0 0 0 0 0 0
0 0 0 0 0 0 0 0 0 0 0 0 0 0 0 0 0 0 0 0 0 0 0 0 0 0 0 0 0 0 0 0 0 0 0 0 0 0 0 0 0 0 0 0 0 0 0 0 0 0 0 0 0 0 0 0 0 0 0 0 0 0 0 0 0 0 0 0 0 0 0 0 0 0 0 0 0 0 0 0 0 0 0 0 0 0 0 0 0 0 0 0 0 0 0 0 0 0 0 0
0 0 0 0 0 0 0 0 0 0 0 0 0 0 0 0 0 0 0 0 0 0 0 0 0 0 0 0 0 0 0 0 0 0 0 0 0 0 0 0 0 0 0 0 0 0 0 0 0 0 0 0 0 0 0 0 0 0 0 0 0 0 0 0 0 0 0 0 0 0 0 0 0 0 0 0 0 0 0 0 0 0 0 0 0 0 0 0 0 0 0 0 0 0 0 0 0 0 0 0
0 0 0 0 0 0 0 0 0 0 0 0 0 0 0 0 0 0 0 0 0 0 0 0 0 0 0 0 0 0 0 0 0 0 0 0 0 0 0 0 0 0 0 0 0 0 0 0 0 0 0 0 0 0 0 0 0 0 0 0 0 0 0 0 0 0 0 0 0 0 0 0 0 0 0 0 0 0 0 0 0 0 0 0 0 0 0 0 0 0 0 0 0 0 0 0 0 0 0 0
0 0 0 0 0 0 0 0 0 0 0 0 0 0 0 0 0 0 0 0 0 0 0 0 0 0 0 0 0 0 0 0 0 0 0 0 0 0 0 0 0 0 0 0 0 0 0 0 0 0 0 0 0 0 0 0 0 0 0 0 0 0 0 0 0 0 0 0 0 0 0 0 0 0 0 0 0 0 0 0 0 0 0 0 0 0 0 0 0 0 0 0 0 0 0 0 0 0 0 0
0 0 0 0 0 0 0 0 0 0 0 0 0 0 0 0 0 0 0 0 0 0 0 0 0 0 0 0 0 0 0 0 0 0 0 0 0 0 0 0 0 0 0 0 0 0 0 0 0 0 0 0 0 0 0 0 0 0 0 0 0 0 0 0 0 0 0 0 0 0 0 0 0 0 0 0 0 0 0 0 0 0 0 0 0 0 0 0 0 0 0 0 0 0 0 0 0 0 0 0
0 0 0 0 0 0 0 0 0 0 0 0 0 0 0 0 0 0 0 0 0 0 0 0 0 0 0 0 0 0 0 0 0 0 0 0 0 0 0 0 0 0 0 0 0 0 0 0 0 0 0 0 0 0 0 0 0 0 0 0 0 0 0 0 0 0 0 0 0 0 0 0 0 0 0 0 0 0 0 0 0 0 0 0 0 0 0 0 0 0 0 0 0 0 0 0 0 0 0 0
0 0 0 0 0 0 0 0 0 0 0 0 0 0 0 0 0 0 0 0 0 0 0 0 0 0 0 0 0 0 0 0 0 0 0 0 0 0 0 0 0 0 0 0 0 0 0 0 0 0 0 0 0 0 0 0 0 0 0 0 0 0 0 0 0 0 0 0 0 0 0 0 0 0 0 0 0 0 0 0 0 0 0 0 0 0 0 0 0 0 0 0 0 0 0 0 0 0 0 0
0 0 0 0 0 0 0 0 0 0 0 0 0 0 0 0 0 0 0 0 0 0 0 0 0 0 0 0 0 0 0 0 0 0 0 0 0 0 0 0 0 0 0 0 0 0 0 0 0 0 0 0 0 0 0 0 0 0 0 0 0 0 0 0 0 0 0 0 0 0 0 0 0 0 0 0 0 0 0 0 0 0 0 0 0 0 0 0 0 0 0 0 0 0 0 0 0 0 0 0
0 0 0 0 0 0 0 0 0 0 0 0 0 0 0 0 0 0 0 0 0 0 0 0 0 0 0 0 0 0 0 0 0 0 0 0 0 0 0 0 0 0 0 0 0 0 0 0 0 0 0 0 0 0 0 0 0 0 0 0 0 0 0 0 0 0 0 0 0 0 0 0 0 0 0 0 0 0 0 0 0 0 0 0 0 0 0 0 0 0 0 0 0 0 0 0 0 0 0 0
0 0 0 0 0 0 0 0 0 0 0 0 0 0 0 0 0 0 0 0 0 0 0 0 0 0 0 0 0 0 0 0 0 0 0 0 0 0 0 0 0 0 0 0 0 0 0 0 0 0 0 0 0 0 0 0 0 0 0 0 0 0 0 0 0 0 0 0 0 0 0 0 0 0 0 0 0 0 0 0 0 0 0 0 0 0 0 0 0 0 0 0 0 0 0 0 0 0 0 0
0 0 0 0 0 0 0 0 0 0 0 0 0 0 0 0 0 0 0 0 0 0 0 0 0 0 0 0 0 0 0 0 0 0 0 0 0 0 0 0 0 0 0 0 0 0 0 0 0 0 0 0 0 0 0 0 0 0 0 0 0 0 0 0 0 0 0 0 0 0 0 0 0 0 0 0 0 0 0 0 0 0 0 0 0 0 0 0 0 0 0 0 0 0 0 0 0 0 0 0
0 0 0 0 0 0 0 0 0 0 0 0 0 0 0 0 0 0 0 0 0 0 0 0 0 0 0 0 0 0 0 0 0 0 0 0 0 0 0 0 0 0 0 0 0 0 0 0 0 0 0 0 0 0 0 0 0 0 0 0 0 0 0 0 0 0 0 0 0 0 0 0 0 0 0 0 0 0 0 0 0 0 0 0 0 0 0 0 0 0 0 0 0 0 0 0 0 0 0 0
0 0 0 0 0 0 0 0 0 0 0 0 0 0 0 0 0 0 0 0 0 0 0 0 0 0 0 0 0 0 0 0 0 0 0 0 0 0 0 0 0 0 0 0 0 0 0 0 0 0 0 0 0 0 0 0 0 0 0 0 0 0 0 0 0 0 0 0 0 0 0 0 0 0 0 0 0 0 0 0 0 0 0 0 0 0 0 0 0 0 0 0 0 0 0 0 0 0 0 0
0 0 0 0 0 0 0 0 0 0 0 0 0 0 0 0 0 0 0 0 0 0 0 0 0 0 0 0 0 0 0 0 0 0 0 0 0 0 0 0 0 0 0 0 0 0 0 0 0 0 0 0 0 0 0 0 0 0 0 0 0 0 0 0 0 0 0 0 0 0 0 0 0 0 0 0 0 0 0 0 0 0 0 0 0 0 0 0 0 0 0 0 0 0 0 0 0 0 0 0
0 0 0 0 0 0 0 0 0 0 0 0 0 0 0 0 0 0 0 0 0 0 0 0 0 0 0 0 0 0 0 0 0 0 0 0 0 0 0 0 0 0 0 0 0 0 0 0 0 0 0 0 0 0 0 0 0 0 0 0 0 0 0 0 0 0 0 0 0 0 0 0 0 0 0 0 0 0 0 0 0 0 0 0 0 0 0 0 0 0 0 0 0 0 0 0 0 0 0 0
0 0 0 0 0 0 0 0 0 0 0 0 0 0 0 0 0 0 0 0 0 0 0 0 0 0 0 0 0 0 0 0 0 0 0 0 0 0 0 0 0 0 0 0 0 0 0 0 0 0 0 0 0 0 0 0 0 0 0 0 0 0 0 0 0 0 0 0 0 0 0 0 0 0 0 0 0 0 0 0 0 0 0 0 0 0 0 0 0 0 0 0 0 0 0 0 0 0 0 0
0 0 0 0 0 0 0 0 0 0 0 0 0 0 0 0 0 0 0 0 0 0 0 0 0 0 0 0 0 0 0 0 0 0 0 0 0 0 0 0 0 0 0 0 0 0 0 0 0 0 0 0 0 0 0 0 0 0 0 0 0 0 0 0 0 0 0 0 0 0 0 0 0 0 0 0 0 0 0 0 0 0 0 0 0 0 0 0 0 0 0 0 0 0 0 0 0 0 0 0
0 0 0 0 0 0 0 0 0 0 0 0 0 0 0 0 0 0 0 0 0 0 0 0 0 0 0 0 0 0 0 0 0 0 0 0 0 0 0 0 0 0 0 0 0 0 0 0 0 0 0 0 0 0 0.286137446342747 0.118930303200208 0 0 0 0 0 0 0 0 0 0 0 0 0 0 0 0 0 0 0 0 0 0 0 0 0 0 0 0 0 0 0 0 0 0 0 0 0 0 0 0 0 0 0 0
0 0 0 0 0 0 0 0 0 0 0 0 0 0 0 0 0 0 0 0 0 0 0 0 0 0 0 0 0 0 0 0 0 0 0 0 0 0 0 0 0 0 0 0 0 0 0 0 0 0 0 0 0 0 0.358651920591546 0.156335525212007 0.220657055636513 0 0 0 0 0 0 0 0 0.271144495578203 0 0.0389402706843793 0.439151448271211 0.536201429869369 0.523274329493315 0.516401527547643 0.245328444210561 0 0 0 0 0 0 0 0 0 0 0 0 0 0 0 0 0 0 0 0 0 0 0 0 0 0 0
0 0 0 0 0 0 0 0 0 0 0 0 0 0 0 0 0 0 0 0 0 0 0 0 0 0 0 0 0 0 0 0 0 0 0 0 0 0 0 0 0 0 0 0 0 0 0 0 0 0 0 0 0 0 0.390335495963304 0.467247727310224 0.470790892833664 0 0 0 0.338828330953114 0.26799478069204 0.221600495781947 0 0.124499416224005 0.691921311288302 0.710851688932665 0.482823962975384 0.676555102224205 0.700061357121816 0.6920857686749 0.629438224462271 0.568179563989213 0 0 0 0 0 0 0 0 0 0 0 0 0 0 0 0 0 0 0 0 0 0 0 0 0 0 0
0 0 0 0 0 0 0 0 0 0 0 0 0 0 0 0 0 0 0 0 0 0 0 0 0 0 0 0 0 0 0 0 0 0 0 0 0 0 0 0 0 0 0 0 0 0 0 0 0 0 0 0 0 0.479592273177491 0.480889311696452 0.578476098294341 0.57835373291299 0.569851199870568 0.541059998060005 0.46501763567547 0.376752999162416 0.332098497691338 0.31384707854524 0.356728336715009 0.11185331947656 0.65395949916569 0.704715133151413 0.702754811583827 0.688460365893246 0.706528637610301 0.696489357570425 0.696827617713942 0.716658019161544 0.335908979683625 0 0 0 0.64744258402228 0.479652563608811 0.297145581010603 0 0 0 0 0 0 0 0 0 0 0 0 0 0 0 0 0 0 0 0
0 0 0 0 0 0 0 0 0 0 0 0 0 0 0 0 0 0 0 0 0 0 0 0 0 0 0 0 0 0 0 0 0 0 0 0 0 0 0 0 0 0 0 0 0 0 0 0 0 0.29861391541898 0 0.39821500742875 0.369587307178035 0.664530324529452 0.643675554259673 0.688869615798726 0.644036879165253 0.635530586161994 0.64623828276604 0.618450332102409 0.562979424919737 0.453361841422479 0.341822133136836 0.331257708164045 0.087933747010904 0.550340818394229 0.681195806980797 0.697644942635139 0.707770751332855 0.705618480746328 0.691202164471626 0.699041537364599 0.684666977869348 0.693450699253195 0 0 0.251277646684003 0.640851563019511 0.673927774684651 0.671004917738085 0.104294440777228 0 0 0 0 0 0 0 0 0 0 0 0 0 0 0 0 0 0 0
0 0 0 0 0 0 0 0 0 0 0 0 0 0 0 0 0 0 0 0 0 0 0 0 0 0 0 0 0 0 0 0 0 0 0 0 0 0 0 0 0 0 0 0 0 0 0 0 0.388638076132831 0.606249376511004 0.681328275084772 0.631076160854982 0.638056216196882 0.642450953285073 0.661440372225978 0.694949824496769 0.683722225682158 0.693384298974471 0.698870936053544 0.687195929723331 0.684584361991656 0.630813269968651 0.52931312480353 0.43428720117175 0.0769728125728943 0.472187104086179 0.646609436231942 0.69377320709504 0.702005241915526 0.701518953635762 0.70947852594446 0.706820519306378 0.700324201724073 0.689607172759624 0 0.130301753994857 0.453563580134927 0.652641043516665 0.679183862087436 0.673961924468546 0.105711388746119 0.282180182385397 0 0 0 0 0 0 0 0 0 0 0 0 0 0 0 0 0 0
0 0 0 0 0 0 0 0 0 0 0 0 0 0 0 0 0 0 0 0 0 0 0 0 0 0 0 0 0 0 0 0 0 0 0 0 0 0 0 0 0 0 0 0 0 0 0 0.195785215396014 0.487055492617788 0.629567252877044 0.63499903153249 0.578631094283999 0.596139967396175 0.595959402387893 0.612085471224151 0.639625616377938 0.653019723834259 0.687480579351622 0.716845011393754 0.697047124934006 0.689220719100877 0.680392987688688 0.655679383867022 0.633822176565939 0.559456353367769 0.523845519962858 0.624572464138028 0.690579893224843 0.69980270131652 0.697877701492841 0.702254823589349 0.704695805456886 0.70127854530978 0.70545446025936 0.650078104668072 0.264933251249425 0.65344393361239 0.638906999479288 0.678343962694217 0.695863734205796 0.717609062080295 0.702968516468504 0.116961143621571 0.193664907873918 0 0 0 0 0 0 0 0 0 0 0 0 0 0 0 0
0 0 0 0 0 0 0 0 0 0 0 0 0 0 0 0 0 0 0 0 0 0 0 0 0 0 0 0 0 0 0 0 0 0 0 0 0 0 0 0 0 0 0 0 0 0 0.00787136390888757 0.679373082304358 0.653711025856929 0.647786500114419 0.630133026686642 0.611869717606374 0.600845475522273 0.600356656191562 0.622543168072212 0.626510206929488 0.642932664395682 0.665224403686366 0.703803891670516 0.696845865534875 0.677784934454823 0.692249372984596 0.680715379928971 0.685509536011907 0.685982827487225 0.694290444703062 0.650213231250605 0.67155777862289 0.690581351651794 0.69527288322616 0.685272155035972 0.706246471319427 0.700310791716183 0.690363754570789 0.70165569153383 0.687973673784927 0.672146104181234 0.657167010472859 0.676459445657206 0.676335541747543 0.701037072961712 0.70251541289929 0.430561502373531 0.547495717762736 0.659945471559793 0 0 0 0 0 0 0 0 0 0 0 0 0 0 0
0 0 0 0 0 0 0 0 0 0 0 0 0 0 0 0 0 0 0 0 0 0 0 0 0 0 0 0 0 0 0 0 0 0 0 0 0 0 0 0 0 0 0 0 0 0.158959383752253 0.68276105124705 0.693430627814512 0.660736824372149 0.654330651756289 0.645886234544582 0.668175797433683 0.662245763236049 0.628426201021374 0.63129818996521 0.658240963453087 0.646907720519059 0.662672057318325 0.689706761409119 0.70354663546102 0.70163529624201 0.71390258264667 0.667056904011299 0.73332221081458 0.90165781105323 0.895260761478829 0.725547189364904 0.660071399797937 0.675429459766607 0.676148899630748 0.683717337540692 0.679809337045484 0.694820685433148 0.695061560285291 0.679236582284396 0.677348428217996 0.684341751640975 0.694675968039303 0.673884559556962 0.668293768290081 0.670546542910186 0.681991875526442 0.69403542308399 0.692237553223538 0.677986014482699 0 0 0 0 0 0 0 0 0 0 0 0 0 0 0
0 0 0 0 0 0 0 0 0 0 0 0 0 0 0 0 0 0 0 0 0 0 0 0 0 0 0 0 0 0 0 0 0 0 0 0 0 0 0 0 0 0 0 0.0435470702432294 0.0549886578685595 0.691631566896357 0.714015404297379 0.67929977710597 0.684174630374431 0.662494986310619 0.652048932900182 0.670490171639613 0.685833990089667 0.679546942041066 0.68986702748934 0.670769710100168 0.664341556929854 0.661620682782047 0.687503078656102 0.704720268789886 0.686499349959056 0.690157282758294 0.688342427629339 0.892582679280578 0.884937981902233 0.810961221019872 0.920121803350993 0.667631334857286 0.674634540246743 0.664969504855483 0.676922524170363 0.682773903701857 0.680942849037971 0.677176033365969 0.688931847143284 0.686562782394256 0.682518790150648 0.670050817442887 0.634799228620787 0.636102952650069 0.661715740878637 0.66879511819347 0.680057867058534 0.688275209227634 0.654437297732297 0 0 0 0 0 0 0 0 0 0 0 0 0 0 0
0 0 0 0 0 0 0 0 0 0 0 0 0 0 0 0 0 0 0 0 0 0 0 0 0 0 0 0 0 0 0 0 0 0 0 0 0 0 0 0 0 0 0 0.0673488515204952 0.680443155654226 0.691129688482356 0.692859192484889 0.687656122561364 0.658334458739542 0.681616539570177 0.66304459464344 0.668426042644824 0.707519651486267 0.707104740610189 0.676870068030349 0.685306269163811 0.677066233046804 0.665028030674944 0.67769246669845 0.701999246608606 0.663274962607505 0.677680507893104 0.759026129651015 0.974504181293903 0.767484697839293 0.684325881340099 0.951960714879894 0.702232626304205 0.659384978075202 0.666844512490781 0.676181388778234 0.688852010022927 0.674798214223417 0.682410616162575 0.700189442569397 0.699763664538817 0.674691523920177 0.638181908867978 0.620314384777275 0.643516206424016 0.662375669206329 0.667460096003562 0.688105071793213 0.683942586344359 0.642804388676475 0 0 0 0 0 0 0 0 0 0 0 0 0 0 0
0 0 0 0 0 0 0 0 0 0 0 0 0 0 0 0 0 0 0 0 0 0 0 0 0 0 0 0 0 0 0 0 0 0 0 0 0 0 0 0 0 0 0.00635640891495587 0.67800353789803 0.677742557515992 0.658689401771717 0.698191419141847 0.682219213289424 0.66793523601289 0.699441153260301 0.700414062293768 0.672333347260537 0.677364920989305 0.674155312382243 0.682000195828867 0.684775333967939 0.672536260964288 0.663586271138913 0.680520300518092 0.736883547585571 0.670551271557359 0.709202986599596 0.905626282730083 0.809822091146631 0.589986502175948 0.531961556347996 0.802007370214729 0.899185923169256 0.666034338753587 0.687480513458213 0.685773602682197 0.670031023406392 0.659827256976805 0.663073260633436 0.684568785626144 0.679418091490959 0.664691908287381 0.636642975286445 0.667322449641982 0.656056052061587 0.670331654540134 0.682563868361919 0.680574859634884 0.668962823213976 0.637643861640655 0 0 0 0 0 0 0 0 0 0 0 0 0 0 0
0 0 0 0 0 0 0 0 0 0 0 0 0 0 0 0 0 0 0 0 0 0 0 0 0 0 0 0 0 0 0 0 0 0 0 0 0 0 0 0 0 0.312497622525603 0.665349488603483 0.698461339382736 0.665741218642067 0.678100979600877 0.659930753881942 0.672001831550588 0.676611381883796 0.703723727452414 0.699358659476535 0.694629270680418 0.678327457218401 0.668237160596043 0.675707008141022 0.668887711894478 0.687902939204073 0.659917007765082 0.679939825631516 0.696254951500271 0.687815134590312 0.80236262378314 0.904625229617815 0.565889817928523 0.46701601410896 0.432809620932165 0.554289792617115 0.952321724557864 0.752921909618599 0.689181947022429 0.677986756443184 0.664857426125578 0.65078522817136 0.642022864783373 0.671113632563448 0.650122334191551 0.644395930556129 0.645826042893562 0.657234478026148 0.687567624701893 0.6906343063752 0.663856483024575 0.664076297259189 0.65047867037124 0.608552094165489 0 0 0 0 0 0 0 0 0 0 0 0 0 0 0
0 0 0 0 0 0 0 0 0 0 0 0 0 0 0 0 0 0 0 0 0 0 0 0 0 0 0 0 0 0 0 0 0 0 0 0 0 0 0 0.596918322979032 0.669449360429648 0.696402859294774 0.698670402757095 0.69279420785813 0.681776969348041 0.709946975318371 0.630400325542349 0.6742169376636 0.395308314860108 0.697925109548424 0.692551314699155 0.682327849784499 0.676199186303919 0.675083898371632 0.674523206361422 0.652824923917797 0.673711936036416 0.666993751429454 0.682320926244154 0.682730895103472 0.677651206225972 0.958141021933174 0.691806037948092 0.447723497857425 0.437572281442661 0.413611548822898 0.433645473175796 0.653021222224513 0.900728586956 0.678043209622402 0.676645122111874 0.674151159671117 0.658551027177442 0.654905180585978 0.652331884655425 0.650637705093553 0.643736516575177 0.662119836444673 0.691158926456934 0.676887129234647 0.667797435276601 0.66234110350492 0.646078240844002 0.631154072217767 0.59659183187458 0 0 0 0 0 0 0 0 0 0 0 0 0 0 0
0 0 0 0 0 0 0 0 0 0 0 0 0 0 0 0 0 0 0 0 0 0 0 0 0 0 0 0 0 0 0 0 0 0 0 0 0.519137402919934 0.640769083349244 0.567929028347075 0.669532968869331 0.703013946655997 0.710516486294687 0.713953541627519 0.658010909532769 0.818611602838303 0.66430357831001 0.644477813106731 0.675230693377322 0.0607843005046792 0.689053478422994 0.678599209910371 0.680561153645057 0.686170133349143 0.683509107682703 0.675295844474047 0.643525863944214 0.652678854939222 0.655389847026094 0.661169844800995 0.683037722097441 0.774061298082859 0.901371493973435 0.545415825557241 0.423912511100307 0.416409717543875 0.398481237885852 0.413273484651508 0.476739062455132 0.920655369447045 0.741864563041807 0.72306688808454 0.680385480307794 0.65794378949417 0.65324707718112 0.641338189451677 0.641196225517928 0.653579973393899 0.655830045844219 0.678452617048018 0.665140089386199 0.659524538047147 0.646504390546726 0.636849928160503 0.63712806967951 0.603676795656819 0 0 0 0 0 0 0 0 0 0 0 0 0 0 0
0 0 0 0 0 0 0 0 0 0 0 0 0 0 0 0 0 0 0 0 0 0 0 0 0 0 0 0 0 0 0 0 0 0 0 0 0.669058202200893 0.68773665901678 0.694059221576163 0.696351191314312 0.730384428908353 0.721620323474364 0.693008284865196 0.677229264309273 0.681200203168198 0.66267788613639 0.648283669090714 0.647645506505841 0 0.0959642383495715 0.679879646747974 0.686218408576231 0.672405650070226 0.676623622844107 0.669112680855811 0.658115322905101 0.642900230937069 0.644435435864062 0.649220757925975 0.685340156151764 0.912631049179064 0.546632928005529 0.456897194040538 0.417751493291139 0.408471625260419 0.3913800897645 0.396009956346088 0.435325447123844 0.752940198487527 0.916325020086344 0.816356577458258 0.72010133209504 0.657395990552255 0.641507633408966 0.643618308157106 0.629285898574148 0.644811083967058 0.665874862021504 0.672850583190367 0.664644448647094 0.657144359526635 0.644556931364558 0.612495526817308 0.624644527440222 0.535772140990961 0 0 0 0 0 0 0 0 0 0 0 0 0 0 0
0 0 0 0 0 0 0 0 0 0 0 0 0 0 0 0 0 0 0 0 0 0 0 0 0 0 0 0 0 0 0 0 0 0 0 0 0.674097788657089 0.678109273017606 0.718413667799168 0.725814302741113 0.743457608662729 0.726246612016719 0.682429368257953 0.734893157118315 0.648223619571161 0.661486158158541 0.647501173085628 0.627445411869076 0 0.0969325591041316 0.706283646156482 0.677412141765981 0.670421615258178 0.663219273455573 0.685393666619396 0.66685651763058 0.633740261533047 0.62505087551051 0.640736578688721 0.651941763682706 0.856009408437877 0.457863963570151 0.435776665770949 0.40986398049375 0.394223214915317 0.400607387486247 0.419810788399945 0.451760130175063 0.597581625302454 0.971948264995789 0.815713129156436 0.722465335282155 0.664634286868194 0.648348187096856 0.645588390754344 0.637848036012411 0.659656265801131 0.656861075207718 0.65551424819045 0.657373738697555 0.659300213229475 0.6487290678318 0.596841455892031 0.517160948223263 0 0 0 0 0 0 0 0 0 0 0 0 0 0 0 0
0 0 0 0 0 0 0 0 0 0 0 0 0 0 0 0 0 0 0 0 0 0 0 0 0 0 0 0 0 0 0 0 0 0 0 0 0.67845944948745 0.66737593112854 0.70681884691476 0.749166018101355 0.721737892712506 0.71019168414494 0.666774256318815 0.744547311817765 0.634833039981506 0.655616318916358 0.673380592627596 0.642693702294343 0 0.096467031549427 0.678700707050645 0.687034482183843 0.677025416254413 0.645325139721233 0.66600754868392 0.637347496288143 0.637635297299932 0.624781024916135 0.627324096822948 0.63804717785528 0.668712491087163 0.437161075987778 0.423829864883718 0.409059684364176 0.413057875200754 0.434288232454148 0.441379587616132 0.457693099507235 0.543283584835593 0.965813415851647 0.741494754477779 0.702144583190492 0.671658247370372 0.673020800776527 0.652716388803737 0.649282982398764 0.64882964532954 0.642969197625255 0.648278478440311 0.635251680144988 0.651603476439391 0.643231922907481 0.626793942730667 0.544873476633658 0 0 0 0 0 0 0 0 0 0 0 0 0 0 0 0
0 0 0 0 0 0 0 0 0 0 0 0 0 0 0 0 0 0 0 0 0 0 0 0 0 0 0 0 0 0 0 0 0 0 0 0 0.703240442711587 0.668136969274364 0.689639055837612 0.72113161796312 0.709801925910279 0.485346319975227 0.650364874807559 0.658366938406664 0.617614272664336 0.655175082228225 0.707126865622909 0.665123832051275 0 0.0946269658121866 0.661120771266493 0.693906332434457 0.666067301681554 0.657991182699491 0.660698354838846 0.646562172135576 0.651681251328699 0.649633633176475 0.598318614485266 0.669317436163555 0.536993521544795 0.457297817771976 0.449706847255058 0.431855170941888 0.442526309024633 0.475230404201819 0.467452320620557 0.468775329109686 0.63343124750633 0.868554617137186 0.671231617448328 0.67884514608671 0.66730893326888 0.679518282278955 0.660674116295319 0.674683566621864 0.679430232515451 0.669238546777331 0.66031951354398 0.656477229895898 0.66100323981914 0.652315102005694 0.633220368817014 0.369761298542549 0 0 0 0 0 0 0 0 0 0 0 0 0 0 0 0
0 0 0 0 0 0 0 0 0 0 0 0 0 0 0 0 0 0 0 0 0 0 0 0 0 0 0 0 0 0 0 0 0 0 0 0 0.381302792811006 0.68173923459962 0.680954211981505 0.705552764396677 0.714817290937036 0.317516167172288 0.654210168727809 0.635248856071765 0.620186623145048 0.645761797114922 0.682102859571849 0.701493637230582 0 0.0950776083563699 0.658476623209279 0.691680180598572 0.656966052291748 0.665859707568397 0.649465678895759 0.659799967291013 0.659911102134344 0.625731772646388 0.605280657263149 0.647113751921261 0.549442402307698 0.464536890596946 0.476950611019061 0.448315141044894 0.478682918053667 0.478479305234471 0.481821383437933 0.564389352813711 0.904896879219091 0.66441397100394 0.694233288186944 0.679555974453898 0.676372460484105 0.680981879688545 0.673897250615736 0.69230647686596 0.671905129089434 0.670921789854619 0.680927208139234 0.667222425667146 0.661423305410917 0.651786064773335 0.504044209139595 0 0 0 0 0 0 0 0 0 0 0 0 0 0 0 0 0
0 0 0 0 0 0 0 0 0 0 0 0 0 0 0 0 0 0 0 0 0 0 0 0 0 0 0 0 0 0 0 0 0 0 0 0 0.0333915102616542 0.573617417338213 0.584227568548918 0.699655358488424 0.685428411806986 0.3007148333597 0.675847875965543 0.63004437270028 0.641245451912672 0.657966840742544 0.646306724109507 0.721345357867839 0 0.095973962499947 0.653313534677351 0.681330905618144 0.652768594162778 0.66977233358545 0.645437358164498 0.650316900064873 0.64211369028945 0.599855403865709 0.598217583468134 0.681427005062345 0.585358385693635 0.472763358056376 0.48190094861967 0.480169443055223 0.484683585378722 0.494716286132592 0.517569197533947 0.867014201363246 0.713228752925341 0.66385533151142 0.676091696923438 0.68499903392226 0.684808136608172 0.663304823368949 0.680983305948064 0.654219179701983 0.654002609981038 0.648792359846783 0.652248326169482 0.646539220440471 0.649323265486966 0.586529155543272 0 0 0 0 0 0 0 0 0 0 0 0 0 0 0 0 0 0
0 0 0 0 0 0 0 0 0 0 0 0 0 0 0 0 0 0 0 0 0 0 0 0 0 0 0 0 0 0 0 0 0 0 0 0 0 0 0.44729471360926 0.66190662853604 0.658995800889876 0.308184462344664 0.71368396346373 0.620697640481929 0.659145863305683 0.714511840436188 0.660374675013375 0.702324177102204 0 0.0953275717746333 0.654505600217239 0.681071935304687 0.659493293870439 0.66204176065535 0.646023396365422 0.651326133741015 0.629025237419989 0.596260378141208 0.635563854785259 0.77008762866973 0.594176198147508 0.467824220218811 0.482084198411297 0.481481715304513 0.473852042297411 0.518974568752067 0.73508518711235 0.832036221539386 0.667495816977528 0.676317235766105 0.668051409987675 0.657784489905727 0.67710790868429 0.546224850541793 0.676907698153146 0.66973370867147 0.685412262584734 0.631625848840492 0.282836890171088 0 0 0 0 0 0 0 0 0 0 0 0 0 0 0 0 0 0 0 0 0
0 0 0 0 0 0 0 0 0 0 0 0 0 0 0 0 0 0 0 0 0 0 0 0 0 0 0 0 0 0 0 0 0 0 0 0 0 0 0 0.654015693243821 0.648222273660167 0.299590297017507 0.779112335795436 0.639421713994391 0.650041037808296 0.728685556306561 0.678069116012577 0.673800166884003 0 0.0928780016608086 0.663429906433121 0.712756933875548 0.664794673428697 0.66265115136045 0.659331379415942 0.650290722207578 0.651439202641568 0.603670779964438 0.800313460086002 0.893454380568889 0.574190714983167 0.45663212574744 0.480928151148141 0.477062948084948 0.501298780552369 0.714368132397269 0.912915709389721 0.664293832719403 0.651252657870887 0.685307637857905 0.6953318234408 0.67735186806778 0.575941544858201 0.545936013004438 0.665382872615772 0.666259658527743 0.661593104080542 0.608081926827459 0 0 0 0 0 0 0 0 0 0 0 0 0 0 0 0 0 0 0 0 0 0
0 0 0 0 0 0 0 0 0 0 0 0 0 0 0 0 0 0 0 0 0 0 0 0 0 0 0 0 0 0 0 0 0 0 0 0 0 0 0 0 0.648658879166889 0.301238308393881 0.71808115615825 0.673985936453098 0.636325687976569 0.662169698521277 0.664546539276729 0.66205232467435 0 0.0924740305643005 0.664296815638312 0.709905013760224 0.670418179704628 0.670450193254905 0.671306071379678 0.650610199179267 0.673877397044381 0.723356006896832 0.97491348079891 0.962989452353599 0.514430907769408 0.463805053057608 0.473960149104306 0.483178162039067 0.524943015079731 0.826640831896114 0.802925056430364 0.675254826303423 0.658216916080108 0.679496385432556 0.740502300283901 0.752659116166542 0.321893593454345 0 0.662685871820693 0.658750241557218 0.640775972126156 0.53277413071029 0 0 0 0 0 0 0 0 0 0 0 0 0 0 0 0 0 0 0 0 0 0
0 0 0 0 0 0 0 0 0 0 0 0 0 0 0 0 0 0 0 0 0 0 0 0 0 0 0 0 0 0 0 0 0 0 0 0 0 0 0 0 0.134809554722324 0.294947750689981 0.661193831354495 0.648002119679976 0.642844330726606 0.667601837144035 0.661028445474715 0.612113261327383 0 0.0913685626061675 0.682575412114035 0.679125747498834 0.677423302171032 0.681004912914466 0.643078314867037 0.668288302147103 0.743761221561427 0.806803057954212 0.991697241991784 0.970594686866822 0.547765408595188 0.616838043173534 0.511515920175115 0.548682067704219 0.649603586568728 0.904383920172376 0.75923703529844 0.674928945687496 0.651704923336254 0.661435280577842 0.675196887780072 0.662472985213277 0.26565355943901 0 0.0705105154868336 0.594933505659122 0.479706347764085 0.00993923531041275 0 0 0 0 0 0 0 0 0 0 0 0 0 0 0 0 0 0 0 0 0 0
0 0 0 0 0 0 0 0 0 0 0 0 0 0 0 0 0 0 0 0 0 0 0 0 0 0 0 0 0 0 0 0 0 0 0 0 0 0 0 0 0 0 0.651093936986089 0.670490917812895 0.639759837239373 0.642414570207967 0.653670596638567 0.651072358925195 0 0.0898376809770286 0.670286277198349 0.667675449956776 0.695608177549113 0.67909041902642 0.662913803073036 0.691189087126591 0.748384244504097 0.782521268319678 0.899752471545998 0.979748633588624 0.8535895970118 0.725388676582122 0.627749188265483 0.670505845560622 0.786967957282885 0.951556193747532 0.738243590505707 0.655114572725254 0.630483341086178 0.651614972586603 0.651690040924883 0.646212698459502 0 0 0 0 0 0 0 0 0 0 0 0 0 0 0 0 0 0 0 0 0 0 0 0 0 0 0 0
0 0 0 0 0 0 0 0 0 0 0 0 0 0 0 0 0 0 0 0 0 0 0 0 0 0 0 0 0 0 0 0 0 0 0 0 0 0 0 0 0 0 0.531508998962344 0.659042523733338 0.638309387978417 0.641155109650107 0.65922352676057 0.664683249893956 0 0.0937296855242657 0.679367387555831 0.672682941262612 0.686064054908782 0.686606339702946 0.660558056382442 0.662836819257286 0.77035005913499 0.816273326103364 0.843752254903467 0.836858948246655 0.877444378051283 0.726985330991273 0.742208992262183 0.870748365822654 0.890523986229199 0.993270523552234 0.802315189577055 0.620941340421135 0.609539807360327 0.634558625434125 0.622859991503881 0.48605642097242 0 0 0 0 0 0 0 0 0 0 0 0 0 0 0 0 0 0 0 0 0 0 0 0 0 0 0 0
0 0 0 0 0 0 0 0 0 0 0 0 0 0 0 0 0 0 0 0 0 0 0 0 0 0 0 0 0 0 0 0 0 0 0 0 0 0 0 0 0 0 0 0.0374085043933967 0 0 0.659033263130572 0.642055538670439 0 0.0953418606305238 0.700098581304937 0.674053301291949 0.677366269123194 0.678357741016292 0.650327935247886 0.654075955364708 0.693441497971183 0.894575418271077 0.860826035340127 0.700124715752807 0.837427257696254 0.652633287064476 0.645178782709302 0.816358045245926 0.952870260864919 0.947154955007786 0.82180853656083 0.584600970937568 0.597252446187364 0.619786150205237 0.621846212071932 0.0313922592025319 0 0 0 0 0 0 0 0 0 0 0 0 0 0 0 0 0 0 0 0 0 0 0 0 0 0 0 0
0 0 0 0 0 0 0 0 0 0 0 0 0 0 0 0 0 0 0 0 0 0 0 0 0 0 0 0 0 0 0 0 0 0 0 0 0 0 0 0 0 0 0 0 0 0 0.00139199125079844 0 0 0.108371666428841 0.677434292976432 0.691861737800463 0.671534184725222 0.655541897043814 0.650115543352687 0.633435220756462 0.638619650104041 0.767560057035204 0.86283784786733 0.75551867156581 0.792117436095861 0.739039234421724 0.632150659174964 0.659063889333012 0.671682421028031 0.630034957115127 0.6172537431191 0.565991868596425 0.57630410393023 0.585475212025144 0.592924840946508 0 0 0 0 0 0 0 0 0 0 0 0 0 0 0 0 0 0 0 0 0 0 0 0 0 0 0 0 0
0 0 0 0 0 0 0 0 0 0 0 0 0 0 0 0 0 0 0 0 0 0 0 0 0 0 0 0 0 0 0 0 0 0 0 0 0 0 0 0 0 0 0 0 0 0 0 0 0 0.0238723268301769 0.0987955559306182 0.672825124312099 0.673065569744056 0.645835416424751 0.720502754703785 0.642361788519308 0.645129575457904 0.719568756040544 0.694141392204199 0.640344532605462 0.655422517792921 0.811267857021187 0.256420703619327 0.600317656343509 0.511539380751812 0.116222729465416 0.111912284922302 0.116588379142384 0.115265950910723 0.113620734975991 0 0 0 0 0 0 0 0 0 0 0 0 0 0 0 0 0 0 0 0 0 0 0 0 0 0 0 0 0 0
0 0 0 0 0 0 0 0 0 0 0 0 0 0 0 0 0 0 0 0 0 0 0 0 0 0 0 0 0 0 0 0 0 0 0 0 0 0 0 0 0 0 0 0 0 0 0 0 0 0 0.095732376748024 0.672913060024715 0.671152086117724 0.650736183581723 0.724600786328653 0.644430450872382 0.64809597148605 0.658585681930042 0.623230152247214 0.602615493652407 0.5919344112228 0.838072580081211 0.290988393158282 0 0.131491035963217 0 0 0 0 0 0 0 0 0 0 0 0 0 0 0 0 0 0 0 0 0 0 0 0 0 0 0 0 0 0 0 0 0 0 0
0 0 0 0 0 0 0 0 0 0 0 0 0 0 0 0 0 0 0 0 0 0 0 0 0 0 0 0 0 0 0 0 0 0 0 0 0 0 0 0 0 0 0 0 0 0 0 0 0 0 0.0323282023762675 0.462270068916672 0.226393076938238 0.631311376683921 0.208734133288506 0.475198276176383 0.635464130370716 0.6480923336522 0.421562959282858 0.588601263264008 0.222653161676202 0.665596279087805 0.0819993602722181 0 0 0 0 0 0 0 0 0 0 0 0 0 0 0 0 0 0 0 0 0 0 0 0 0 0 0 0 0 0 0 0 0 0 0 0 0
0 0 0 0 0 0 0 0 0 0 0 0 0 0 0 0 0 0 0 0 0 0 0 0 0 0 0 0 0 0 0 0 0 0 0 0 0 0 0 0 0 0 0 0 0 0 0 0 0 0 0 0 0 0 0 0.389729309014336 0.642381008968594 0.26400630088414 0.139027759533697 0.0604185946067276 0 0 0 0 0 0 0 0 0 0 0 0 0 0 0 0 0 0 0 0 0 0 0 0 0 0 0 0 0 0 0 0 0 0 0 0 0 0 0 0
0 0 0 0 0 0 0 0 0 0 0 0 0 0 0 0 0 0 0 0 0 0 0 0 0 0 0 0 0 0 0 0 0 0 0 0 0 0 0 0 0 0 0 0 0 0 0 0 0 0 0 0 0 0 0 0.199114051820022 0 0 0 0 0 0 0 0 0 0 0 0 0 0 0 0 0 0 0 0 0 0 0 0 0 0 0 0 0 0 0 0 0 0 0 0 0 0 0 0 0 0 0 0
0 0 0 0 0 0 0 0 0 0 0 0 0 0 0 0 0 0 0 0 0 0 0 0 0 0 0 0 0 0 0 0 0 0 0 0 0 0 0 0 0 0 0 0 0 0 0 0 0 0 0 0 0 0 0 0 0 0 0 0 0 0 0 0 0 0 0 0 0 0 0 0 0 0 0 0 0 0 0 0 0 0 0 0 0 0 0 0 0 0 0 0 0 0 0 0 0 0 0 0
0 0 0 0 0 0 0 0 0 0 0 0 0 0 0 0 0 0 0 0 0 0 0 0 0 0 0 0 0 0 0 0 0 0 0 0 0 0 0 0 0 0 0 0 0 0 0 0 0 0 0 0 0 0 0 0 0 0 0 0 0 0 0 0 0 0 0 0 0 0 0 0 0 0 0 0 0 0 0 0 0 0 0 0 0 0 0 0 0 0 0 0 0 0 0 0 0 0 0 0
0 0 0 0 0 0 0 0 0 0 0 0 0 0 0 0 0 0 0 0 0 0 0 0 0 0 0 0 0 0 0 0 0 0 0 0 0 0 0 0 0 0 0 0 0 0 0 0 0 0 0 0 0 0 0 0 0 0 0 0 0 0 0 0 0 0 0 0 0 0 0 0 0 0 0 0 0 0 0 0 0 0 0 0 0 0 0 0 0 0 0 0 0 0 0 0 0 0 0 0
0 0 0 0 0 0 0 0 0 0 0 0 0 0 0 0 0 0 0 0 0 0 0 0 0 0 0 0 0 0 0 0 0 0 0 0 0 0 0 0 0 0 0 0 0 0 0 0 0 0 0 0 0 0 0 0 0 0 0 0 0 0 0 0 0 0 0 0 0 0 0 0 0 0 0 0 0 0 0 0 0 0 0 0 0 0 0 0 0 0 0 0 0 0 0 0 0 0 0 0
0 0 0 0 0 0 0 0 0 0 0 0 0 0 0 0 0 0 0 0 0 0 0 0 0 0 0 0 0 0 0 0 0 0 0 0 0 0 0 0 0 0 0 0 0 0 0 0 0 0 0 0 0 0 0 0 0 0 0 0 0 0 0 0 0 0 0 0 0 0 0 0 0 0 0 0 0 0 0 0 0 0 0 0 0 0 0 0 0 0 0 0 0 0 0 0 0 0 0 0
0 0 0 0 0 0 0 0 0 0 0 0 0 0 0 0 0 0 0 0 0 0 0 0 0 0 0 0 0 0 0 0 0 0 0 0 0 0 0 0 0 0 0 0 0 0 0 0 0 0 0 0 0 0 0 0 0 0 0 0 0 0 0 0 0 0 0 0 0 0 0 0 0 0 0 0 0 0 0 0 0 0 0 0 0 0 0 0 0 0 0 0 0 0 0 0 0 0 0 0
0 0 0 0 0 0 0 0 0 0 0 0 0 0 0 0 0 0 0 0 0 0 0 0 0 0 0 0 0 0 0 0 0 0 0 0 0 0 0 0 0 0 0 0 0 0 0 0 0 0 0 0 0 0 0 0 0 0 0 0 0 0 0 0 0 0 0 0 0 0 0 0 0 0 0 0 0 0 0 0 0 0 0 0 0 0 0 0 0 0 0 0 0 0 0 0 0 0 0 0
0 0 0 0 0 0 0 0 0 0 0 0 0 0 0 0 0 0 0 0 0 0 0 0 0 0 0 0 0 0 0 0 0 0 0 0 0 0 0 0 0 0 0 0 0 0 0 0 0 0 0 0 0 0 0 0 0 0 0 0 0 0 0 0 0 0 0 0 0 0 0 0 0 0 0 0 0 0 0 0 0 0 0 0 0 0 0 0 0 0 0 0 0 0 0 0 0 0 0 0
0 0 0 0 0 0 0 0 0 0 0 0 0 0 0 0 0 0 0 0 0 0 0 0 0 0 0 0 0 0 0 0 0 0 0 0 0 0 0 0 0 0 0 0 0 0 0 0 0 0 0 0 0 0 0 0 0 0 0 0 0 0 0 0 0 0 0 0 0 0 0 0 0 0 0 0 0 0 0 0 0 0 0 0 0 0 0 0 0 0 0 0 0 0 0 0 0 0 0 0
0 0 0 0 0 0 0 0 0 0 0 0 0 0 0 0 0 0 0 0 0 0 0 0 0 0 0 0 0 0 0 0 0 0 0 0 0 0 0 0 0 0 0 0 0 0 0 0 0 0 0 0 0 0 0 0 0 0 0 0 0 0 0 0 0 0 0 0 0 0 0 0 0 0 0 0 0 0 0 0 0 0 0 0 0 0 0 0 0 0 0 0 0 0 0 0 0 0 0 0
0 0 0 0 0 0 0 0 0 0 0 0 0 0 0 0 0 0 0 0 0 0 0 0 0 0 0 0 0 0 0 0 0 0 0 0 0 0 0 0 0 0 0 0 0 0 0 0 0 0 0 0 0 0 0 0 0 0 0 0 0 0 0 0 0 0 0 0 0 0 0 0 0 0 0 0 0 0 0 0 0 0 0 0 0 0 0 0 0 0 0 0 0 0 0 0 0 0 0 0
0 0 0 0 0 0 0 0 0 0 0 0 0 0 0 0 0 0 0 0 0 0 0 0 0 0 0 0 0 0 0 0 0 0 0 0 0 0 0 0 0 0 0 0 0 0 0 0 0 0 0 0 0 0 0 0 0 0 0 0 0 0 0 0 0 0 0 0 0 0 0 0 0 0 0 0 0 0 0 0 0 0 0 0 0 0 0 0 0 0 0 0 0 0 0 0 0 0 0 0
0 0 0 0 0 0 0 0 0 0 0 0 0 0 0 0 0 0 0 0 0 0 0 0 0 0 0 0 0 0 0 0 0 0 0 0 0 0 0 0 0 0 0 0 0 0 0 0 0 0 0 0 0 0 0 0 0 0 0 0 0 0 0 0 0 0 0 0 0 0 0 0 0 0 0 0 0 0 0 0 0 0 0 0 0 0 0 0 0 0 0 0 0 0 0 0 0 0 0 0
0 0 0 0 0 0 0 0 0 0 0 0 0 0 0 0 0 0 0 0 0 0 0 0 0 0 0 0 0 0 0 0 0 0 0 0 0 0 0 0 0 0 0 0 0 0 0 0 0 0 0 0 0 0 0 0 0 0 0 0 0 0 0 0 0 0 0 0 0 0 0 0 0 0 0 0 0 0 0 0 0 0 0 0 0 0 0 0 0 0 0 0 0 0 0 0 0 0 0 0
