0 0 0 0 0 0 0 0 0 0 0 0 0 0 0 0 0 0 0 0 0 0 0 0 0 0 0 0 0 0 0 0 0 0 0 0 0 0 0 0 0 0 0 0 0 0 0 0 0 0 0 0 0 0 0 0 0 0 0 0 0 0 0 0 0 0 0 0 0 0 0 0 0 0 0 0 0 0 0 0 0 0 0 0 0 0 0 0 0 0 0 0 0 0 0 0 0 0 0 0
0 0 0 0 0 0 0 0 0 0 0 0 0 0 0 0 0 0 0 0 0 0 0 0 0 0 0 0 0 0 0 0 0 0 0 0 0 0 0 0 0 0 0 0 0 0 0 0 0 0 0 0 0 0 0 0 0 0 0 0 0 0 0 0 0 0 0 0 0 0 0 0 0 0 0 0 0 0 0 0 0 0 0 0 0 0 0 0 0 0 0 0 0 0 0 0 0 0 0 0
0 0 0 0 0 0 0 0 0 0 0 0 0 0 0 0 0 0 0 0 0 0 0 0 0 0 0 0 0 0 0 0 0 0 0 0 0 0 0 0 0 0 0 0 0 0 0 0 0 0 0 0 0 0 0 0 0 0 0 0 0 0 0 0 0 0 0 0 0 0 0 0 0 0 0 0 0 0 0 0 0 0 0 0 0 0 0 0 0 0 0 0 0 0 0 0 0 0 0 0
0 0 0 0 0 0 0 0 0 0 0 0 0 0 0 0 0 0 0 0 0 0 0 0 0 0 0 0 0 0 0 0 0 0 0 0 0 0 0 0 0 0 0 0 0 0 0 0 0 0 0 0 0 0 0 0 0 0 0 0 0 0 0 0 0 0 0 0 0 0 0 0 0 0 0 0 0 0 0 0 0 0 0 0 0 0 0 0 0 0 0 0 0 0 0 0 0 0 0 0
0 0 0 0 0 0 0 0 0 0 0 0 0 0 0 0 0 0 0 0 0 0 0 0 0 0 0 0 0 0 0 0 0 0 0 0 0 0 0 0 0 0 0 0 0 0 0 0 0 0 0 0 0 0 0 0 0 0 0 0 0 0 0 0 0 0 0 0 0 0 0 0 0 0 0 0 0 0 0 0 0 0 0 0 0 0 0 0 0 0 0 0 0 0 0 0 0 0 0 0
0 0 0 0 0 0 0 0 0 0 0 0 0 0 0 0 0 0 0 0 0 0 0 0 0 0 0 0 0 0 0 0 0 0 0 0 0 0 0 0 0 0 0 0 0 0 0 0 0 0 0 0 0 0 0 0 0 0 0 0 0 0 0 0 0 0 0 0 0 0 0 0 0 0 0 0 0 0 0 0 0 0 0 0 0 0 0 0 0 0 0 0 0 0 0 0 0 0 0 0
0 0 0 0 0 0 0 0 0 0 0 0 0 0 0 0 0 0 0 0 0 0 0 0 0 0 0 0 0 0 0 0 0 0 0 0 0 0 0 0 0 0 0 0 0 0 0 0 0 0 0 0 0 0 0 0 0 0 0 0 0 0 0 0 0 0 0 0 0 0 0 0 0 0 0 0 0 0 0 0 0 0 0 0 0 0 0 0 0 0 0 0 0 0 0 0 0 0 0 0
0 0 0 0 0 0 0 0 0 0 0 0 0 0 0 0 0 0 0 0 0 0 0 0 0 0 0 0 0 0 0 0 0 0 0 0 0 0 0 0 0 0 0 0 0 0 0 0 0 0 0 0 0 0 0 0 0 0 0 0 0 0 0 0 0 0 0 0 0 0 0 0 0 0 0 0 0 0 0 0 0 0 0 0 0 0 0 0 0 0 0 0 0 0 0 0 0 0 0 0
0 0 0 0 0 0 0 0 0 0 0 0 0 0 0 0 0 0 0 0 0 0 0 0 0 0 0 0 0 0 0 0 0 0 0 0 0 0 0 0 0 0 0 0 0 0 0 0 0 0 0 0 0 0 0 0 0 0 0 0 0 0 0 0 0 0 0 0 0 0 0 0 0 0 0 0 0 0 0 0 0 0 0 0 0 0 0 0 0 0 0 0 0 0 0 0 0 0 0 0
0 0 0 0 0 0 0 0 0 0 0 0 0 0 0 0 0 0 0 0 0 0 0 0 0 0 0 0 0 0 0 0 0 0 0 0 0 0 0 0 0 0 0 0 0 0 0 0 0 0 0 0 0 0 0 0 0 0 0 0 0 0 0 0 0 0 0 0 0 0 0 0 0 0 0 0 0 0 0 0 0 0 0 0 0 0 0 0 0 0 0 0 0 0 0 0 0 0 0 0
0 0 0 0 0 0 0 0 0 0 0 0 0 0 0 0 0 0 0 0 0 0 0 0 0 0 0 0 0 0 0 0 0 0 0 0 0 0 0 0 0 0 0 0 0 0 0 0 0 0 0 0 0 0 0 0 0 0 0 0 0 0 0 0 0 0 0 0 0 0 0 0 0 0 0 0 0 0 0 0 0 0 0 0 0 0 0 0 0 0 0 0 0 0 0 0 0 0 0 0
0 0 0 0 0 0 0 0 0 0 0 0 0 0 0 0 0 0 0 0 0 0 0 0 0 0 0 0 0 0 0 0 0 0 0 0 0 0 0 0 0 0 0 0 0 0 0 0 0 0 0 0 0 0 0 0 0 0 0 0 0 0 0 0 0 0 0 0 0 0 0 0 0 0 0 0 0 0 0 0 0 0 0 0 0 0 0 0 0 0 0 0 0 0 0 0 0 0 0 0
0 0 0 0 0 0 0 0 0 0 0 0 0 0 0 0 0 0 0 0 0 0 0 0 0 0 0 0 0 0 0 0 0 0 0 0 0 0 0 0 0 0 0 0 0 0 0 0 0 0 0 0 0 0 0 0 0 0 0 0 0 0 0 0 0 0 0 0 0 0 0 0 0 0 0 0 0 0 0 0 0 0 0 0 0 0 0 0 0 0 0 0 0 0 0 0 0 0 0 0
0 0 0 0 0 0 0 0 0 0 0 0 0 0 0 0 0 0 0 0 0 0 0 0 0 0 0 0 0 0 0 0 0 0 0 0 0 0 0 0.290376993626715 0.194843330027907 0.24859393019225 0.307954961454498 0 0 0 0 0 0 0 0 0 0 0 0 0 0 0 0 0 0 0 0 0 0 0 0 0 0 0 0 0 0 0 0 0 0 0 0 0 0 0 0 0 0 0 0 0 0 0 0 0 0 0 0 0 0 0 0 0
0 0 0 0 0 0 0 0 0 0 0 0 0 0 0 0 0 0 0 0 0 0 0 0 0 0 0 0 0 0 0 0 0 0 0 0.203898432846406 0.329842577627529 0.575768610511762 0.599333925770545 0.630365440929492 0.601160637944428 0.52753941669046 0.521389733039752 0.562789767593805 0.608947502160238 0.636797218064177 0.554230801896948 0.319061003444182 0.358870520608709 0.555166330347267 0.592297084531472 0.656332642398152 0.649025028200226 0.660845963482369 0.319431573324178 0.121394167102956 0 0 0 0 0 0 0 0 0 0 0 0 0 0 0 0 0 0 0 0 0 0 0 0 0 0 0 0 0 0 0 0 0 0 0 0 0 0 0 0 0 0 0 0
0 0 0 0 0 0 0 0 0 0 0 0 0 0 0 0 0 0 0 0 0 0 0 0 0 0 0 0 0 0 0 0 0 0.242461519375838 0.573892952482879 0.594123429976476 0.617555348948237 0.622964959546774 0.631638689510177 0.638012352344354 0.638475434295757 0.590977492721751 0.574064993763142 0.63875756892297 0.62491252920777 0.664472844676563 0.631208095882909 0.497839448072321 0.43530003365356 0.618103233495225 0.572597280661027 0.645176486779883 0.63199603433636 0.677312133471056 0.674602840655201 0.6510291088609 0.253366040631786 0.221998225702342 0.243445013057778 0.0596109347953742 0 0 0 0 0 0 0 0 0 0 0 0 0 0 0 0 0 0 0 0 0 0 0 0 0 0 0 0 0 0 0 0 0 0 0 0 0 0 0 0
0 0 0 0 0 0 0 0 0 0 0 0 0 0 0 0 0 0 0 0 0 0 0 0 0 0 0 0 0 0 0 0.109893126990374 0.512050055605435 0.606944139959076 0.613917387373213 0.64083006843683 0.615642816451778 0.641895363891066 0.640165929960104 0.647575734282684 0.642809463009012 0.599340380346157 0.645450310141087 0.638291069489273 0.651214598820657 0.655475718103723 0.594943630661078 0.5207583975803 0.510124550885468 0.512746514080245 0.630377798724033 0.649162365377887 0.633801923482726 0.642933416003408 0.639100241673715 0.664489448989345 0.539437655868708 0.665861465009365 0.663784964331665 0.653628751801301 0.604798990903259 0.218026654136173 0.058911998533299 0 0 0 0 0 0 0 0 0 0 0 0 0 0 0 0 0 0 0 0 0 0 0 0 0 0 0 0 0 0 0 0 0 0 0 0 0
0 0 0 0 0 0 0 0 0 0 0 0 0 0 0 0 0 0 0 0 0 0 0 0 0 0 0 0 0 0 0.296788961489731 0.59042086107964 0.574494937329001 0.667647993031192 0.644157496796953 0.658101921217325 0.645235226343611 0.657432912335065 0.663866060419799 0.63883023753743 0.654927133382581 0.617639946584084 0.671655065355948 0.65510621293968 0.712861073310701 0.588241933464973 0.584762350464655 0.636168192503592 0.623989092457132 0.590189092424072 0.653475404044233 0.651626264121996 0.619822667013408 0.626278652172467 0.659994549821879 0.633980950714418 0.668052599789095 0.648155404622942 0.660924548165098 0.659838391429713 0.652916789001984 0.64993421424785 0.548859567472484 0.128816615673636 0.115855375060172 0 0 0 0 0 0 0 0 0 0 0 0 0 0 0 0 0 0 0 0 0 0 0 0 0 0 0 0 0 0 0 0 0 0 0
0 0 0 0 0 0 0 0 0 0 0 0 0 0 0 0 0 0 0 0 0 0 0 0 0 0 0 0.0481941924411255 0.0966797005280251 0.514178031601413 0.586078588391753 0.627429846641653 0.623145114925248 0.663284715814519 0.638296636503199 0.661829527490915 0.660033361147334 0.656158983389496 0.666701011785626 0.649048242182777 0.651378547416177 0.67445682512214 0.674119211058657 0.665990953349304 0.886224620387145 0.546272558360755 0.641931801169343 0.677838794959154 0.644753425528482 0.657576207076086 0.663547874208637 0.662176236002058 0.639831485711885 0.658132736017927 0.604615608624253 0.557681165900734 0.673223017020197 0.626088225846073 0.635642435088316 0.642978009321298 0.662736140249438 0.653371776214985 0.608917521274302 0.508507205851951 0.571241314495757 0.539367428873814 0.553978791796882 0.115623763821624 0.107564129193938 0 0 0 0 0 0 0 0 0 0 0 0 0 0 0 0 0 0 0 0 0 0 0 0 0 0 0 0 0 0 0
0 0 0 0 0 0 0 0 0 0 0 0 0 0 0 0 0 0 0 0 0 0 0 0 0 0 0.0865478411926664 0.459703508500558 0.487185085295254 0.544365637532909 0.619656528140529 0.629100140006179 0.658838933913708 0.65536981798142 0.660178228348877 0.65464384082069 0.65446956651878 0.66054492477169 0.666775917632167 0.667570431032887 0.656284054117545 0.66398989187127 0.646366404086928 0.657641113558325 0.519348894608768 0.581857938309247 0.665559426830293 0.6850782128689 0.671430923424919 0.663693002498018 0.611781606481836 0.652694899471304 0.623104288899655 0.714016902327126 0.517195697696067 0.662143215837693 0.650141667854205 0.620728799296004 0.634866077859764 0.644558358636344 0.652873879629415 0.653992990579081 0.570637393151481 0.587704259627339 0.668924103274381 0.639148589108683 0.68091408020602 0.622028022929446 0.66480689177908 0.643571296658441 0.118328819037585 0 0 0 0 0 0 0 0 0 0 0 0 0 0 0 0 0 0 0 0 0 0 0 0 0 0 0 0 0
0 0 0 0 0 0 0 0 0 0 0 0 0 0 0 0 0 0 0 0 0 0 0 0 0 0.0480007064964993 0.60780265238213 0.501805260285109 0.556028669190524 0.589306622556894 0.641992717490444 0.641038800558898 0.66058778554913 0.677022018633339 0.669871163864077 0.643625856442731 0.668445461326916 0.686593142379828 0.667047508435351 0.685087570227426 0.668711287717743 0.660947904236611 0.642910582748307 0.68259680774798 0.596346470489777 0.627161813651246 0.677363955593232 0.677997929110366 0.68836216639887 0.646014715623401 0.653207339353957 0.671001774109532 0.640161124555358 0.790556599156672 0.678794446981497 0.678346657153138 0.646706340011506 0.633555063778511 0.656897755453775 0.665914490430909 0.69428536460233 0.631148610610312 0.592660028370564 0.662559285991315 0.651111456712866 0.671329367473958 0.664243058049928 0.67126458246695 0.63866548259618 0.65252375483401 0.664954349438911 0.637996333858871 0.0195904794790906 0 0 0 0 0 0 0 0 0 0 0 0 0 0 0 0 0 0 0 0 0 0 0 0 0 0 0
0 0 0 0 0 0 0 0 0 0 0 0 0 0 0 0 0 0 0 0 0 0 0 0 0.441268534015526 0.63704496211853 0.516138649494918 0.617770109171224 0.624014961640577 0.621958511143946 0.649041594549046 0.64310627631108 0.656440741144691 0.677240664738185 0.68157701419479 0.642582054850155 0.656866253433838 0.681999390144338 0.683516787805525 0.690835158205266 0.658485347352853 0.645889071741072 0.64410473602901 0.683789789920362 0.611152514099011 0.645933175085352 0.666418077432565 0.668610488218593 0.646850989479535 0.675143826227038 0.682501055163565 0.670280506630524 0.658115239160837 0.642268811318528 0.698934193607357 0.651954198946398 0.646537234178277 0.688233040704105 0.68249820634253 0.680355904660976 0.638063861564142 0.583389051997923 0.639601339006166 0.658824517815969 0.669431631248539 0.683066734249812 0.652254010001894 0.648942489069087 0.643069464876432 0.63445556091041 0.640669591183154 0.647336876131598 0.609554427931351 0.102236754511534 0 0 0 0 0 0 0 0 0 0 0 0 0 0 0 0 0 0 0 0 0 0 0 0 0 0
0 0 0 0 0 0 0 0 0 0 0 0 0 0 0 0 0 0 0 0 0 0 0 0.549113521761892 0.74153495894445 0.489740821671111 0.621509589037085 0.64979651265394 0.67162957824282 0.659568974323484 0.665597327286723 0.656311241852429 0.638337319457473 0.664798048198976 0.662798683314094 0.647153334134751 0.661246005944072 0.686412032596961 0.680597151391495 0.687623574954258 0.674896265596159 0.653824652277504 0.66149814238707 0.652753401973982 0.669920884772678 0.661493002446066 0.679411299033727 0.672129677297038 0.678243169115965 0.66636015512281 0.678601783876417 0.65123288115786 0.658718562840739 0.675683880884438 0.651426875325248 0.667995562648109 0.675726106578245 0.694930489229916 0.689414005857108 0.689809603836969 0.673635967113937 0.690284803192241 0.690327217666827 0.664604450484604 0.649579420828161 0.691116137504824 0.662827760284636 0.668334284977474 0.65006712056756 0.631983854626884 0.667955058005596 0.617074943930149 0.601203484858684 0.603499931723118 0.613571030438426 0 0 0 0 0 0 0 0 0 0 0 0 0 0 0 0 0 0 0 0 0 0 0 0 0
0 0 0 0 0 0 0 0 0 0 0 0 0 0 0 0 0 0 0 0 0 0 0.531792523045377 0.751670119037289 0.514585654578357 0.618485846132245 0.644264447766123 0.645701409993972 0.661235139875828 0.623816583776191 0.66232748220393 0.64996584911253 0.647887150167958 0.656341155961779 0.693416987461487 0.647806862338314 0.658262443569637 0.664481615091619 0.690406809851543 0.669017860163467 0.658195415271112 0.643559130324117 0.668705586273768 0.650428170092339 0.708998558411637 0.662444904365766 0.673528200019559 0.660744718813853 0.653778585817791 0.649974309729693 0.664553270916057 0.649725954220201 0.65418964901369 0.666851859524117 0.644456569119252 0.658543858781745 0.689670205716027 0.679652127332591 0.666210036394711 0.666921121137893 0.660244320660607 0.668868380804212 0.662870100019886 0.663901483288111 0.64465576133305 0.666758946190638 0.646791936467141 0.656685164448893 0.65362622040401 0.648406953004724 0.669141242399651 0.653152012707088 0.645764035567076 0.636563766429902 0.658927189883787 0.656977168101935 0.578733654166464 0 0 0 0 0 0 0 0 0 0 0 0 0 0 0 0 0 0 0 0 0 0 0
0 0 0 0 0 0 0 0 0 0 0 0 0 0 0 0 0 0 0 0 0 0.502315957815561 0.707998697630671 0.650912645579159 0.599611676022242 0.624970436135155 0.64867820003845 0.660683876625988 0.676125170068788 0.691429801182505 0.652408265366061 0.647377655981741 0.665070174450662 0.646819004644276 0.675020105296901 0.640432974135325 0.656167762165596 0.673702514900324 0.672473664690263 0.665120407812135 0.657851093247172 0.669110298304328 0.704233310387557 0.608988494748678 0.67770688726402 0.6750313980319 0.688416612423515 0.646988260437909 0.661950825630761 0.666851905189497 0.668020943877757 0.66933121486346 0.652958854197103 0.663249428002823 0.634989497951284 0.642388565725465 0.67723962800009 0.669395038839895 0.651356795204365 0.655604752551165 0.656274087158392 0.669141554763633 0.672420259347305 0.640102876582034 0.65804501570573 0.663827318824294 0.655611981364898 0.651058076202731 0.658022015919266 0.671930647200298 0.661789581840383 0.666466287312521 0.668477793018812 0.651182397745884 0.641587684194876 0.644301781492944 0.652534353912409 0.501673028543991 0 0 0 0 0 0 0 0 0 0 0 0 0 0 0 0 0 0 0 0 0 0
0 0 0 0 0 0 0 0 0 0 0 0 0 0 0 0 0 0 0 0 0.449026642203855 0.690050767575732 0.612941543315408 0.559244685257111 0.603888020291254 0.653639629845156 0.639338936878093 0.649403739388038 0.670761780534517 0.697513731786114 0.686701234706419 0.657077853010215 0.662140126525233 0.672189023259291 0.67836760293106 0.646677142620505 0.653515567275572 0.6810002988314 0.661013774387929 0.658428400128915 0.648911923131975 0.662144702515247 0.675780394012239 0.646828143416024 0.674656075197328 0.698205191933448 0.682873508149335 0.668620075390146 0.674665185180066 0.673895885479533 0.680298475777245 0.677400211735475 0.691711385739228 0.658998235104777 0.652779109555162 0.649149990104024 0.672220675568658 0.66897470969652 0.679070390501261 0.648086616019819 0.645270447603845 0.646285602226976 0.639353003296497 0.631020193159503 0.661900662416424 0.65716762496165 0.657883781183187 0.664089221457461 0.666785917157047 0.666843959307923 0.661827081734906 0.675753553966791 0.656844424031523 0.674550751835998 0.654343820987807 0.660338118202539 0.652726643002805 0.64070509150645 0.600047196153233 0.468204446964497 0 0 0 0 0 0 0 0 0 0 0 0 0 0 0 0 0 0 0 0
0 0 0 0 0 0 0 0 0 0 0 0 0 0 0 0 0 0 0 0.381151215138805 0.670855499884699 0.692256774722875 0.677052990149615 0.578697974049999 0.620730655599126 0.661965616936495 0.666546443714283 0.649985454875168 0.643674900415247 0.672292332885522 0.69114564875538 0.670675226790394 0.667538587017714 0.675620557860698 0.668655042609057 0.661546970902493 0.654067669902858 0.674691223545975 0.672191957691695 0.672508956148011 0.666406551778467 0.660631692878776 0.664849430653924 0.664019150289556 0.677592641863209 0.682929158912248 0.69495158177716 0.680641746711878 0.665811109184007 0.678315915353857 0.669666652689086 0.594992576109911 0.667341374721729 0.670665804182342 0.654617175743215 0.650313875940543 0.686922378665195 0.678372282542302 0.66292398492726 0.64884468146229 0.671871337890625 0.640674669923701 0.644323436273629 0.658676836177422 0.66282497086937 0.664787343108005 0.675418421457058 0.664438081274458 0.667322869586527 0.663229199618619 0.667023867209855 0.678369177581417 0.672584260780663 0.667447676377276 0.658740896123926 0.656560731960923 0.640245768462686 0.627892933764592 0.645591256876806 0.649823926569968 0.458612526688911 0 0 0 0 0 0 0 0 0 0 0 0 0 0 0 0 0 0 0
0 0 0 0 0 0 0 0 0 0 0 0 0 0 0 0 0 0 0.176670553569977 0.66781324473281 0.682899933640601 0.636018184934414 0.641188338591876 0.639017113568274 0.634032302986324 0.631975368819533 0.680146865683362 0.667603778460298 0.638840849051132 0.651352781353336 0.685787326036423 0.66790529790194 0.670993894705429 0.684898028098464 0.666602946472562 0.67379520804125 0.651207980388399 0.660579031412215 0.673558704083993 0.678380608622364 0.666059648279126 0.657391379328096 0.660415912123418 0.68117995231103 0.696309290687417 0.648561506978316 0.696340137000548 0.66001744858469 0.64145048644563 0.670903374003601 0.607763851910606 0.524233724027864 0.715518187768134 0.633587634409584 0.649102111792792 0.645359497267098 0.678426004059019 0.68248298934295 0.667973776474176 0.644898310360479 0.657475294890956 0.659019522575672 0.653092242209666 0.658491732412618 0.671482517631084 0.669272842214376 0.671342336588248 0.665396003870734 0.674407413107789 0.686110083193579 0.679135883227986 0.674044363813422 0.67351410199417 0.666393515731737 0.634446758105947 0.662128832132508 0.643052906224308 0.64388572990018 0.648670594891106 0.645491755546785 0.659654256596835 0.620437064000866 0 0 0 0 0 0 0 0 0 0 0 0 0 0 0 0 0 0
0 0 0 0 0 0 0 0 0 0 0 0 0 0 0 0 0 0 0.602327913359377 0.721973018125347 0.624664779462364 0.641292798626112 0.650960977683708 0.670823179408032 0.663691245571842 0.624274653033162 0.661172674795116 0.685257994660896 0.672291444533542 0.647227992243419 0.665106310898193 0.665850152709111 0.662543023708403 0.681993317423366 0.670650525051901 0.688261631543876 0.676447494583189 0.656222951562865 0.683302157491232 0.687039421943072 0.665565817722796 0.657577454664906 0.657025032198918 0.65662554486117 0.804366895883564 0.642343705082407 0.680436952971035 0.684127683090985 0.663742377864512 0.67921003589881 0.569325227226472 0.514293260069683 0.683602576672247 0.648746294797632 0.649332427895078 0.654892571988424 0.656684150289241 0.666221127757775 0.674355222372311 0.651333842785087 0.661160550848504 0.672986351668481 0.672336459707162 0.67913119358538 0.65635314377811 0.659114063206856 0.667540607526975 0.664295948114166 0.675764314757656 0.664941234805284 0.668830813278265 0.657726146380976 0.656789296667509 0.654311175304115 0.652611447138045 0.651540017516791 0.65488268952762 0.664150474361393 0.657967309014588 0.651510133350403 0.652767315089767 0.64114503387459 0.508332332238172 0 0 0 0 0 0 0 0 0 0 0 0 0 0 0 0 0
0 0 0 0 0 0 0 0 0 0 0 0 0 0 0 0 0 0.339820459999006 0.801022674390524 0.557644516546934 0.603518198455976 0.670529288576927 0.668123739711396 0.671310457905673 0.674799067837152 0.692253903992471 0.666720930008277 0.690416899446178 0.682641380796907 0.664363755794011 0.661983007376422 0.658473003947307 0.665056825391343 0.667672552430411 0.661207866121833 0.673093651860443 0.68642366459738 0.677840490097664 0.682844283732527 0.67965863252472 0.648756026471531 0.663934344266744 0.653635811896985 0.68962302949958 0.78102315670837 0.67796872037032 0.67969120118321 0.672689680735598 0.671188569658037 0.699986445034796 0.633627968402398 0.556816069454639 0.5958596300898 0.671642602266711 0.656554058549796 0.675208326081637 0.653942702747234 0.647045907403072 0.671958251495007 0.661407837953093 0.654271612498451 0.665483264514371 0.673947156030922 0.683494457729164 0.660671293967982 0.648606029026601 0.659261083184637 0.668542645430546 0.67922829643527 0.666098667182361 0.665079612170306 0.668499939109678 0.658139007725788 0.638457297383432 0.649378078619893 0.656059679845181 0.658277929826037 0.651306022520068 0.639067232729302 0.658576621941976 0.663248392724093 0.643227417521148 0.670216706880811 0.384363580141222 0 0 0 0 0 0 0 0 0 0 0 0 0 0 0 0
0 0 0 0 0 0 0 0 0 0 0 0 0 0 0 0 0.0705556753501482 0.793222750085453 0.745433497480697 0.541414230323065 0.601012239757555 0.666989331243602 0.683614682004475 0.671400533833281 0.662217987639885 0.691211913689394 0.671094009949628 0.698013764474636 0.69682998915095 0.658197083508184 0.660076482778042 0.674562363320292 0.664362808648661 0.663651699765343 0.667148468315119 0.666963682989475 0.699508631833608 0.671995355951931 0.68532482218414 0.683285308140481 0.664684420038813 0.666876834782602 0.668175644932379 0.712346531169144 0.648441127964637 0.666574104011148 0.690879847883766 0.681809484647604 0.675972304459543 0.691523206192973 0.768596840647456 0.596784448670394 0.63673182431453 0.675609185058972 0.659716230964021 0.668569879090568 0.648851646696085 0.595537664980688 0.679606589777063 0.659985979694074 0.651825841253998 0.673033513018923 0.680068904511671 0.676194704679893 0.647277423966284 0.631988248868465 0.677821957873683 0.681613885099752 0.678037838062663 0.684555748098008 0.6701931202658 0.6703718922542 0.672235844338343 0.659825457080431 0.655625997157339 0.662490303204457 0.656974296540306 0.665453135492631 0.641878550382136 0.665949221799396 0.663550073684562 0.668579955276989 0.687403892054643 0.655214505369331 0 0 0 0 0 0 0 0 0 0 0 0 0 0 0 0
0 0 0 0 0 0 0 0 0 0 0 0 0 0 0 0 0.288076135375129 0.705930530444783 0.493830406371976 0.639003199000995 0.653914434940396 0.664754167857353 0.679141358846606 0.652543208961202 0.654270491606777 0.677961167689282 0.688590537104337 0.682427338685515 0.665548352176724 0.663530007700789 0.681231232262494 0.666668632002371 0.666379772084934 0.660600409798257 0.680992961234348 0.675860290250269 0.691916657671708 0.668273117030008 0.674824879801516 0.691739265879153 0.675865606121135 0.678950079405526 0.69024357932826 0.66997614211308 0.6428740920623 0.673262716644106 0.681663174407778 0.680061761942173 0.683820372157654 0.684708954998781 0.742594801405739 0.66240497465018 0.673263081068227 0.685930013848384 0.655013974673606 0.644731204685687 0.724991552306168 0.616120113173065 0.640134539226604 0.66861569245353 0.665772031970709 0.671563790315004 0.67114268619989 0.643912290279614 0.651359588832427 0.65711845398028 0.667177622899648 0.67356930764754 0.679027750774361 0.679458737606888 0.662346317031306 0.662689804614768 0.67358556608604 0.660044565105069 0.655628189172713 0.676246342435595 0.667451468913285 0.670353729806919 0.67022701001663 0.681739341931445 0.66914562494427 0.642541433168755 0.628181584509495 0.610222936674821 0 0 0 0 0 0 0 0 0 0 0 0 0 0 0 0
0 0 0 0 0 0 0 0 0 0 0 0 0 0 0 0 0.570829679889103 0.447816960745814 0.621778476631454 0.633060530714931 0.658490346487939 0.638464864947792 0.667265939542796 0.655320654104812 0.659850599311079 0.647090804671946 0.666001982139133 0.675042959099613 0.66015341243985 0.670989274877785 0.678963804814199 0.674988014171995 0.654958578783242 0.664312716921181 0.662695472408331 0.659254801067581 0.676163541812026 0.672867879407566 0.675747778860293 0.681567902807787 0.688677478324884 0.693176575297389 0.677268580175227 0.70045373003834 0.69583630263255 0.676464526066498 0.654363415387232 0.688251384334648 0.698393649506883 0.679463448962078 0.674482753286295 0.694398216855627 0.676319971210046 0.6588078809595 0.646803082174636 0.65866599558431 0.687929400948048 0.694522924415838 0.652313282122156 0.665283268473706 0.672144902797775 0.668572294891019 0.662588620228899 0.640144664615831 0.659423781636268 0.665079387130521 0.669428527666731 0.676151214631095 0.665127520451264 0.673742443998788 0.673148036788535 0.675059183187143 0.668666054816906 0.671293726132215 0.686630792924292 0.671847951531379 0.665947483892197 0.676606093813286 0.689898090928308 0.677952881670133 0.663913295514626 0.63347722307923 0.634561507033416 0.6101628745893 0.446947483616698 0 0 0 0 0 0 0 0 0 0 0 0 0 0 0
0 0 0 0 0 0 0 0 0 0 0 0 0 0 0 0.524123481184137 0.507624766048169 0.553851079634302 0.654760109555036 0.62775580039429 0.643868003883391 0.690329766403328 0.677027484286714 0.672003777449605 0.669521127444492 0.654687178133615 0.6528122361178 0.657329749169594 0.665326784660412 0.662380528127431 0.658201361520062 0.66460879938196 0.676740512425794 0.681637014073885 0.676190467396427 0.663819046877708 0.698350271947279 0.689283068609939 0.684517562147548 0.683846127441343 0.697756343564675 0.698931570194491 0.673690597545987 0.67006587995756 0.717161220734926 0.679122195188194 0.675332048206659 0.714669495841108 0.701261138058029 0.684456722815442 0.675111928786818 0.687008669465394 0.653209908718358 0.669934545204177 0.657624962217081 0.648763930544731 0.663912195839635 0.667469483799377 0.667510725139532 0.666537561140634 0.67264551052185 0.661349234577894 0.66526294046067 0.669110877592034 0.671403676158324 0.675235118167967 0.677045618516451 0.678354003717335 0.664374413468993 0.669740652841288 0.67415408903274 0.674612762556649 0.669165776026197 0.682999301184457 0.686163500198864 0.666196636578764 0.675300334773975 0.653310045023385 0.667339769306631 0.679724827835835 0.666972753399329 0.657976826903289 0.664241619748678 0.647825206590701 0.581800160432569 0.405901175101496 0 0 0 0 0 0 0 0 0 0 0 0 0 0
0 0 0 0 0 0 0 0 0 0 0 0 0 0 0.0292522162043156 0.528536216849583 0.624106961427167 0.669101704776303 0.66999464016556 0.644856314106593 0.633154081750082 0.678017742490141 0.65797608427058 0.650258470765026 0.667595809476044 0.655900141810313 0.646577999551265 0.656416175194859 0.664451344895578 0.659473928676366 0.645942893286492 0.668882757886366 0.653735378907887 0.678546617767594 0.685682693469638 0.686745229136713 0.687508204321459 0.671929010839415 0.682570767006469 0.691555589368819 0.666238726764135 0.68047646673447 0.663141765170409 0.672552577242139 0.716967829872586 0.691530616662255 0.723787482599392 0.705957019065009 0.685782415489687 0.687117434047712 0.680636402519566 0.689669065388189 0.680108885160205 0.702817777269318 0.67836662884649 0.658849178788267 0.660564729303966 0.671161464507167 0.67482145354099 0.674770808784932 0.665950695444992 0.675529995141117 0.674089484481674 0.678143202941123 0.674302888330947 0.670993325713568 0.682106834374232 0.68518748083304 0.672390074295071 0.672919553641102 0.69646810546749 0.685178794754182 0.675479350902999 0.67958835084771 0.665974888652165 0.665556198898603 0.64947116653407 0.65082672940132 0.667575040153797 0.675704850859171 0.673053168206341 0.668854256796769 0.651394418334174 0.590875275531933 0.70875044837304 0.52195721784094 0.151252934695308 0 0 0 0 0 0 0 0 0 0 0 0 0
0 0 0 0 0 0 0 0 0 0 0 0 0 0 0.311934921577144 0.607478216665296 0.649851136108745 0.672864266864658 0.683898868362234 0.637646915139628 0.631703551488861 0.6248665292334 0.623636956105443 0.630338187412973 0.629711425137366 0.648851246404955 0.669868522504325 0.686600639305872 0.681980789186932 0.677370407986881 0.661297360878886 0.646235511524357 0.658652511946959 0.695324239765174 0.662472166669962 0.654242582170921 0.62971696467209 0.607933469097855 0.58521729132195 0.614254569470885 0.658892837895159 0.659483738922993 0.63861176889423 0.677578358975446 0.665343275333195 0.705844662437016 0.684581859948545 0.675858688059313 0.676906200537437 0.66029189800413 0.677250763126793 0.678140569038775 0.692293259489558 0.715422706841328 0.692358327172619 0.682265227651215 0.676631370146532 0.667917216436993 0.665747758432329 0.666864422492499 0.658130733324887 0.659090022469502 0.664133894642143 0.673487484458626 0.67516522045042 0.659525680355439 0.689190086472191 0.695010563356224 0.681823163474661 0.6904470264056 0.689966960268805 0.6916881209418 0.692779539653866 0.670210437047927 0.669089453101386 0.671816984605728 0.667952291278972 0.66288825240589 0.663648308139159 0.654747929055266 0.646645641104339 0.639635787766294 0.635410788492041 0.536098269464406 0.450578091684124 0.517355802969039 0.576317317685769 0 0 0 0 0 0 0 0 0 0 0 0 0
0 0 0 0 0 0 0 0 0 0 0 0 0 0 0.453923522443872 0.62909280766725 0.64490554896471 0.661842503824891 0.666701519128358 0.66189224634847 0.657796222962858 0.633059920892329 0.627973841437181 0.653296030219597 0.639583355945885 0.658785795272501 0.682037031636645 0.697189084119701 0.66783342496898 0.681770927816868 0.672114906083944 0.673733565156202 0.674603185969036 0.669237610661445 0.667039991463894 0.609923636279083 0.550084615026222 0.511833220711374 0.473972901384788 0.449001271878513 0.481500622045375 0.55206593809445 0.677186872118738 0.671500683540224 0.663309473769272 0.66320116658854 0.675710893049971 0.639939023155387 0.643464534742401 0.652962147349982 0.682051271869068 0.670055681436345 0.685035614304915 0.682653383411548 0.680685996222527 0.674287107449645 0.676043138211112 0.658402563685943 0.676537744630229 0.66507651613721 0.644194692760957 0.653344878652915 0.653623309190783 0.675493711924264 0.677505339722908 0.671334154724011 0.676778821099896 0.679865277919813 0.690963703521343 0.68358712231565 0.679791436575515 0.675630598729537 0.674433887417734 0.687299371386694 0.676423922394956 0.689148908396385 0.675515646739347 0.675780348208321 0.658327893988939 0.668319851268171 0.618050942274501 0.549511468798676 0.568848472242967 0.563225205213987 0.596684192687973 0.631733685929301 0.640831233798999 0 0 0 0 0 0 0 0 0 0 0 0 0
0 0 0 0 0 0 0 0 0 0 0 0 0 0.135730047769573 0.547407598370032 0.661464970244062 0.668580482370742 0.660648431745976 0.637641702631807 0.644222796668642 0.642899823605722 0.624947781960067 0.620267310055193 0.636115199166043 0.637002159278049 0.696096595565406 0.646230892705831 0.672926283140972 0.655975153157783 0.675855712024766 0.664896185173643 0.678786667299111 0.685896137346765 0.685150153411243 0.658648999292641 0.646469747106962 0.512543640884505 0.439167353305615 0.393641726808939 0.386344418155492 0.39944906829527 0.425193930137148 0.494149621762287 0.673087416110901 0.681691194091041 0.675818524069167 0.669475161021353 0.631639703254217 0.631237286835071 0.620934233115695 0.667930936540314 0.677005198677699 0.682168804421571 0.67158228022369 0.671105124468898 0.665964868135725 0.653472465178633 0.66231652240886 0.65072276700118 0.639191024894409 0.645114947209077 0.639426731230643 0.641061954532729 0.658888756508737 0.651356833799617 0.653691040739621 0.666248647528947 0.66968995085198 0.687279811738107 0.69845717820981 0.702211445396882 0.68993938994094 0.69643926062103 0.687631266360004 0.662110263607014 0.681688585692163 0.683691369096797 0.664442613870789 0.653223273489073 0.603538287351941 0.568291997547951 0.611028757712753 0.639388921195033 0.613798332342266 0.627861407232986 0.634405247627044 0.659226185520931 0.0792112795692269 0 0 0 0 0 0 0 0 0 0 0 0
0 0 0 0 0 0 0 0 0 0 0 0 0 0.434795235063911 0.628264959997807 0.674989985542996 0.682325624389491 0.701721655915747 0.647084415459209 0.631593653163954 0.632329104641808 0.637406592277033 0.668588670684838 0.656620469942996 0.667204980498662 0.665853687252332 0.60350656180196 0.646739658594808 0.660492683311071 0.647564322840051 0.65730711225028 0.660328569013838 0.687968185192597 0.663194470079455 0.656573913353818 0.643687320483908 0.624682704609302 0.444114582906964 0.398369862357458 0.37539752851776 0.357629451662958 0.381263798852369 0.430111566066865 0.474059649631439 0.676993914999579 0.661378741831333 0.672578713431173 0.661308719826876 0.627128816775326 0.622599419537875 0.665326635608373 0.639061650562852 0.651711367721498 0.64530813528577 0.669248658208918 0.670985151753833 0.655229359648171 0.646701451681126 0.639308725443937 0.645422899006826 0.636749452198059 0.637436105774099 0.648476712923244 0.642933460784038 0.656465908671004 0.676766785423627 0.681563143954746 0.683130045271178 0.684241009545099 0.693336333959312 0.69431615672216 0.691595897008046 0.694625746204769 0.691276154049334 0.698650439648337 0.701554371841033 0.705550026318951 0.687413684828244 0.665057880983114 0.657498857198956 0.631751023992657 0.633783996539526 0.649790432547982 0.633655705099472 0.643611667902063 0.646951984169964 0.631399166833121 0.0782468044545683 0 0 0 0 0 0 0 0 0 0 0 0
0 0 0 0 0 0 0 0 0 0 0 0 0 0.47499269160757 0.627452121924911 0.671604748587108 0.693154529142343 0.73908793720819 0.687696818700303 0.643968695118737 0.642294752333599 0.662188842121682 0.649997894405181 0.653148136784177 0.702412127128249 0.631539934685613 0.579978304239017 0.630855726232718 0.685190890985449 0.665888316924947 0.649291112947501 0.636856048034558 0.664053131009058 0.687366829816982 0.663163634713925 0.661709900591882 0.656955893992025 0.612180146381416 0.420715212413678 0.390147213838 0.384859166098244 0.376245493917044 0.416285438992173 0.419332221850655 0.542200102301975 0.682063721285612 0.660340409119424 0.626949608890119 0.624702048317489 0.640729588266313 0.634340259865876 0.646424420074707 0.635336921973299 0.649047439002942 0.657343440002174 0.65738692721253 0.675903270383947 0.662698497647258 0.658402390369399 0.657218045324956 0.663734530568019 0.67647964139382 0.657446555353361 0.655852435031957 0.671726261089916 0.687883428218311 0.711596080573207 0.712927641082677 0.717163535437733 0.699030355376056 0.701254654296686 0.69701061636251 0.691814619755542 0.696978274388937 0.697159144576149 0.680457827871351 0.694740217051532 0.704490316867705 0.680941744427586 0.674768732681255 0.659332298852243 0.678865919911422 0.66249308121558 0.671320343820465 0.654839837320607 0.652943739263354 0.607958722967581 0.581777530814804 0 0 0 0 0 0 0 0 0 0 0 0
0 0 0 0 0 0 0 0 0 0 0 0 0.0677781716800086 0.538646378506475 0.62730565525908 0.64872912641264 0.660405008078618 0.695519090937313 0.670547722225273 0.642477570841083 0.652368510779026 0.656598419331139 0.633152664526978 0.643170744667319 0.689062704943996 0.621914442602457 0.638981094002201 0.626579759166325 0.661357393293796 0.662144896550999 0.657802807983997 0.649205811193907 0.659504925090011 0.680031579358423 0.689880024259153 0.650574538388767 0.65857272108234 0.651233198172289 0.570863983987883 0.433212281585607 0.433103567377366 0.396008252280577 0.394427740345488 0.40893419560749 0.422087368559524 0.58294019393547 0.693202357114133 0.66164409299176 0.67580811320008 0.655389828602198 0.653196828852888 0.651128265780729 0.656268944378947 0.67509796065438 0.663989001853693 0.68595963159482 0.691979739209073 0.673831823459691 0.68265965847894 0.690749346983651 0.694709413692857 0.716656897980201 0.705567099605912 0.705846473775317 0.686027651893315 0.696575486348024 0.716779915282196 0.712453073599488 0.711763915696044 0.706522101444051 0.710891646824862 0.700822277085819 0.702436121820819 0.700735632883091 0.70833698323043 0.697745030840937 0.699621448457613 0.699830477884021 0.70139292635914 0.699383064718298 0.702513653655762 0.689138798646137 0.667216869370975 0.682111760862211 0.649145601082783 0.654909757402492 0.603917088255293 0.496546876113809 0 0 0 0 0 0 0 0 0 0 0 0
0 0 0 0 0 0 0 0 0 0 0 0 0.0569667763423452 0.621187981300856 0.630372151840167 0.648382720049921 0.642038036953521 0.687220643349274 0.643101435897312 0.640006011415039 0.709264297796274 0.674005888420619 0.661126673177188 0.647197549506958 0.653031319347398 0.655210886511952 0.64832485580464 0.652721951307327 0.652427604979524 0.685263443252135 0.667678833042447 0.661126297638593 0.663506698801249 0.693013112295808 0.682057542230913 0.676605071404363 0.654962986711685 0.649652194420886 0.664290468747166 0.610529570708278 0.480395883245619 0.408852769056571 0.396385996407506 0.402685896492939 0.401156091927289 0.425529582712224 0.508326006156757 0.627301613859579 0.718470432287594 0.739918350659741 0.694468484878835 0.685872053576242 0.710569953585889 0.702895344004657 0.722231291824117 0.716123381310503 0.692570499889107 0.680194743819848 0.689919462995158 0.69496336465107 0.687601405195541 0.696856186601837 0.696196588216628 0.697471570258722 0.672777331579177 0.625624317147739 0.645184982269106 0.687838741165724 0.715485584498916 0.714203265794897 0.698937431479103 0.709524553679829 0.692478254057004 0.682583269843337 0.685164667807543 0.679397186210028 0.690167059058543 0.695228314950474 0.691659718645089 0.697963339368 0.677575241579258 0.691856074918679 0.69104494710297 0.690261119522358 0.675897181394281 0.663330557637465 0.632171166080675 0.603093691145234 0.420376930899203 0 0 0 0 0 0 0 0 0 0 0
0 0 0 0 0 0 0 0 0 0 0 0 0.676602889349512 0.677206158622012 0.618085693918247 0.658704527989964 0.663326872590709 0.68224023857835 0.615029856471509 0.70332619464708 0.70554315831005 0.6872065738248 0.658179152761503 0.669613383232394 0.666212072309957 0.632191582365629 0.638630619697482 0.669962033558851 0.621235803847648 0.660882092467774 0.658545624196483 0.659834199155149 0.652406618533013 0.677926902174734 0.672897794576413 0.650428670234277 0.658909434856014 0.641074915451274 0.632098150615874 0.653890305490324 0.612932124852458 0.486827363371142 0.424285767825572 0.406491192502584 0.389804781984846 0.400077053586632 0.415344706970482 0.469252938798693 0.57258703049686 0.757807590637128 0.719852494242513 0.736775726034988 0.740726862275972 0.728684686959389 0.760634780053352 0.716916501489718 0.679417305738495 0.689363861438199 0.662990988427596 0.671855843430608 0.645961647031723 0.62278492928486 0.606078051512223 0.571478518435104 0.515274467714244 0.581282572480862 0.685359015031116 0.727095426451708 0.71906531222198 0.686334171195789 0.678417592219603 0.691827213117134 0.688313567737405 0.676992084880019 0.667326188853699 0.667361223828402 0.675267013923698 0.67663313028583 0.677715263754368 0.67860342223822 0.678695661622038 0.686228303505398 0.676100935760096 0.674795861056025 0.694541033989073 0.683780982221436 0.651051406903645 0.631399986182472 0.459441360178458 0 0 0 0 0 0 0 0 0 0 0
0 0 0 0 0 0 0 0 0 0 0 0 0.716397123968967 0.700109848221608 0.618750174905001 0.651018114900626 0.669756926624376 0.660975052781163 0.628039170694536 0.724644500368762 0.703861527104018 0.698644640034894 0.671949104275629 0.655270299006775 0.633902214740225 0.633420535786028 0.656034795413683 0.680920839441047 0.602976057325063 0.596787741243935 0.634763596923136 0.643907995662143 0.619963486312067 0.656628197984004 0.669855282563648 0.639094856453876 0.668099735357418 0.652404371787507 0.631954134117207 0.641544945267349 0.651875567763916 0.614124053391484 0.484479589163658 0.423760055484531 0.382148141260666 0.406273458177489 0.385217108710807 0.425287807111368 0.478065062850783 0.538760236130173 0.707056266001066 0.626263715849593 0.708597799714888 0.715771723455862 0.688783311132194 0.6630337791618 0.659717255142443 0.63339488639369 0.632510569913134 0.630036743579674 0.608202274374264 0.56270416477096 0.524718415656592 0.498858225977368 0.481472496353477 0.668140037409498 0.709035094980275 0.712807977510599 0.693759571035098 0.684489751740722 0.699096531800434 0.703029741957779 0.672239507573334 0.667566299179506 0.654667782713206 0.642901258578926 0.640771055009914 0.676550350768744 0.680582315693979 0.66416284766897 0.668580045471112 0.667963848459767 0.670797047093322 0.676333056590248 0.681239477498131 0.675404389296741 0.649333274433961 0.614072543172022 0.463728611348027 0 0 0 0 0 0 0 0 0 0 0
0 0 0 0 0 0 0 0 0 0 0 0 0.662954985958293 0.709241760121666 0.644387036165873 0.639836891265232 0.650562749305865 0.648976046527019 0.645800402676177 0.698787946564185 0.701279064472268 0.698868850609615 0.662037919039329 0.641446558621584 0.649154230153515 0.661569362212371 0.642211625353774 0.668994809429886 0.654690714222788 0.633570546766689 0.633782154963869 0.590247114794015 0.64842439750571 0.661658595746198 0.64269445563536 0.6624109233991 0.682378778592538 0.63383322128599 0.635185033460238 0.631084681872864 0.635547880930848 0.62936112304719 0.628494311734392 0.551247606668579 0.449572862295998 0.426490322481617 0.411125073755406 0.39428117864932 0.43267406898717 0.472936574365725 0.532195459124486 0.569613133225184 0.396773858913356 0.435154527167397 0.419790949007417 0.413848092277473 0.473589095423877 0.546830039704495 0.576685662536385 0.555840264121964 0.527199982171972 0.476675897653662 0.430492051453943 0.456798869545311 0.529402635733247 0.701606400613733 0.694938599248359 0.695487182325944 0.677000462541637 0.688518458372544 0.695226813591108 0.671228592129113 0.658814449771766 0.642389025409768 0.606195258410604 0.566482968670971 0.633299949318938 0.675200615623854 0.670973674291847 0.658562276920204 0.658048203340363 0.656996113194035 0.653276104627702 0.66281264133173 0.664500092343027 0.663302431891252 0.64482823082838 0.551540494480482 0.483067372738631 0 0 0 0 0 0 0 0 0 0 0
0 0 0 0 0 0 0 0 0 0 0 0 0.527115510945956 0.729141617266026 0.615270367278934 0.650128153316723 0.620507751463269 0.663723448534186 0.640186009770852 0.675936711972689 0.652104162800739 0.710442476703052 0.650400416490556 0.66931870569638 0.661578037320015 0.653176003120743 0.658534853539554 0.66265705753904 0.649956356966591 0.62319105550487 0.561856598522234 0.623984113534333 0.682310748313056 0.663151334014097 0.641071003604679 0.67176113183959 0.694530611745752 0.664579587576775 0.647355868871107 0.670489869670657 0.636226131877058 0.634805671896159 0.63759591092318 0.626340573520774 0.559825686040194 0.480509303322655 0.45821375989818 0.556179821507354 0.514049282488998 0.455131684978998 0.477601836574928 0.765730868800264 0.475359960332187 0.333697425335758 0.338331266161644 0.361935776691963 0.366401715353158 0.389516222261355 0.423200950735513 0.446856457287323 0.425899003595957 0.401099818411357 0.404262257994897 0.488526938175559 0.628971984753082 0.68313468680196 0.656971600231597 0.678811718436717 0.679923513483023 0.681148982721682 0.685528767457597 0.673119756154396 0.621289035823685 0.608401425300777 0.567047600614653 0.558927902537325 0.638462230256725 0.677871377287189 0.668029321997492 0.64936225847899 0.646221058182105 0.657803292006797 0.655116804759036 0.646357859346096 0.676452112458716 0.668576870958172 0.657911226603872 0.590601403858971 0.483366194456281 0 0 0 0 0 0 0 0 0 0 0
0 0 0 0 0 0 0 0 0 0 0 0 0.0946292239020158 0.744641393871371 0.621252173383672 0.58705709395705 0.621519823729146 0.630422075548583 0.623446609313666 0.649991966233784 0.589639477443031 0.712099744452082 0.641678896467373 0.666156988155433 0.639855521545331 0.625970717948498 0.656567132629756 0.668543475426808 0.667473082743584 0.675526520061911 0.576455885462531 0.662632422670016 0.668045045991887 0.654480090898775 0.663282559255266 0.670595809476044 0.714127261142372 0.678471681104359 0.657101012306715 0.704541333125884 0.660409847996485 0.640627967520796 0.620161225223221 0.63337022268528 0.619023902502249 0.555059726176485 0.519106934047145 0.529846350861973 0.662481198912771 0.668758105819817 0.519788148971216 0.577288304626607 0.700618278977672 0.378330147446423 0.353514844456855 0.363912150659136 0.365058270014934 0.339050582307191 0.324832613337578 0.334930765704061 0.336414228385117 0.368465989282435 0.445294509033644 0.568104879463989 0.660536791781233 0.67186424395404 0.655948444981018 0.682674929882775 0.676609304851289 0.671769165029617 0.66684106204289 0.673683296411026 0.638108463581549 0.605273537977375 0.560469488372685 0.596490022877243 0.640604455493989 0.672097154894286 0.645071527878882 0.651197939070888 0.662802109245593 0.640487590175232 0.644897432112282 0.639387247139392 0.658577431226902 0.647302066764999 0.629434745996774 0.604198178302882 0.356980231704694 0 0 0 0 0 0 0 0 0 0 0
0 0 0 0 0 0 0 0 0 0 0 0 0.0758069528142344 0.700683073431984 0.671540163620187 0.584346816319979 0.576678274473949 0.599955630180668 0.624708029151978 0.666886494854722 0.533197603632563 0.719247404289885 0.592991478511406 0.64209483573152 0.63149294785762 0.667895506482226 0.639031270591691 0.67129843148307 0.678462699892105 0.657881758813116 0.578453446737294 0.667845775534389 0.659259415912604 0.675829701720546 0.675623269038561 0.664207592334211 0.733529897292803 0.671449026521531 0.686561909964628 0.680139998834712 0.662690882240278 0.649520371014721 0.626117509945724 0.628277537781029 0.633265913094754 0.619311653261182 0.588687153743167 0.517491758187654 0.552411233263899 0.698456468788285 0.789896836590515 0.735196349774927 0.682598832322054 0.394225623763711 0.363656156223583 0.357252136159626 0.347597508546339 0.347062357149082 0.346552478781428 0.334936932067635 0.359172320578681 0.421419251578476 0.4888870617087 0.607011751188209 0.69079179646411 0.672473189429952 0.66221158207659 0.672113494007188 0.656428904913429 0.665957787955271 0.660544101308725 0.685043972028172 0.718619552073111 0.590687635506863 0.57263153431961 0.620192774739437 0.643720736814769 0.633144676360021 0.626728520946095 0.661221225607662 0.639115275290752 0.621287578355476 0.627359858432442 0.639313407364659 0.629231997966398 0.624235742104063 0.60218951669476 0.51939458859345 0 0 0 0 0 0 0 0 0 0 0 0
0 0 0 0 0 0 0 0 0 0 0 0 0 0.31478257710297 0.76232238115572 0.593030495988335 0.6051826097789 0.671137862911229 0.663454773270373 0.664579055336673 0.55572230521835 0.655506995982794 0.601312183756972 0.588317523624714 0.640885240581474 0.670778614849241 0.668434030753533 0.668072610268188 0.649647673638014 0.519347183640789 0.541354736355675 0.674671773798453 0.668510004696417 0.690322527607034 0.689143687033192 0.702718083693509 0.687438636939968 0.649478164724016 0.685189900218146 0.719132402163336 0.711064624210778 0.646954621990717 0.624422037049363 0.63238370519859 0.673618533540085 0.651750842481942 0.652436310733838 0.652304357733836 0.632127407091489 0.561984435822628 0.505020399965882 0.572096594704271 0.6767235007612 0.413590156535891 0.371103606286687 0.363192243125114 0.351827701902943 0.357129191617299 0.32724844963855 0.347458352500555 0.361711071077573 0.448469578349557 0.532160988257415 0.625421662362457 0.674511966627985 0.669734543886497 0.695302970332475 0.665599026416054 0.637834040539308 0.632742614629596 0.64466059013959 0.650521124398244 0.735395291835892 0.598133729389103 0.523078294861768 0.601452559255896 0.632936513108594 0.612882570468921 0.65695325253939 0.62312117415205 0.590291361496133 0.596595208713471 0.616512811109274 0.621076408139461 0.633846707524065 0.59477730925262 0.54751131909567 0.596707262497205 0 0 0 0 0 0 0 0 0 0 0 0
0 0 0 0 0 0 0 0 0 0 0 0 0 0 0.925516083097422 0.707610578845649 0.648501281834313 0.65830197123876 0.66835492270339 0.65668675717208 0.571169520492888 0.486237063235759 0.596397916095724 0.512267199533859 0.619268009094285 0.666167503963428 0.643511336952034 0.616393847812104 0.579344362078557 0.448188982338816 0.416450725374574 0.501682065660792 0.528571490370676 0.593149432497415 0.562091647088555 0.559978166101517 0.520661773240839 0.535116318571589 0.582402814772327 0.645990862629368 0.737947021123863 0.721127130325314 0.698234406438536 0.646942668438769 0.621868034123895 0.668117906869451 0.643196671776701 0.638517198658555 0.626586253069233 0.632996021882166 0.633084789961922 0.666660033375226 0.65179138103305 0.608087277458611 0.536493116951137 0.488112610286766 0.49288826700584 0.477357602288436 0.511269099895801 0.509074409310511 0.478192616371548 0.547866716531199 0.626601421089557 0.690488399516832 0.712854531768256 0.775475304878241 0.722865800375715 0.639161908771317 0.620146695779875 0.604985777061134 0.640668103420916 0.64805580562565 0.693692423728252 0.649364559663385 0.494646858982404 0.51592314982873 0.597494720924974 0.632738087266199 0.636355875514603 0.59441721847727 0.58907592028012 0.571521119401453 0.586257430514694 0.549888533094404 0.545073391301723 0.5067389716982 0.516298680307203 0.81804525615937 0 0 0 0 0 0 0 0 0 0 0 0
0 0 0 0 0 0 0 0 0 0 0 0 0 0 0.939797650943074 0.783437684840334 0.669636729445714 0.526677924993759 0.498167783767979 0.587674187311463 0.501193931319439 0.453859281114958 0.454263871549852 0.57812471907613 0.599038870868186 0.602451062006996 0.605167435011176 0.56648953239986 0.601702982230945 0.59977462045248 0.575461507383696 0.509650515154351 0.56660878656253 0.613404120430345 0.499144211201131 0.495819131000589 0.577508431050456 0.616342570747886 0.623383431873809 0.699170850078513 0.743988356406522 0.690680627877484 0.631595361197459 0.633952920690443 0.634972723953841 0.646224477937672 0.624307244839987 0.611550464495328 0.582377130773985 0.539453241388706 0.51272571276295 0.497827698559941 0.509992638029817 0.532386796254573 0.54386087776678 0.476879371005086 0.42966214774434 0.3723289877021 0.380324684815681 0.418874852619854 0.525854647704355 0.632666007854313 0.67922540845224 0.712153325531266 0.718300661275065 0.81328661863786 0.840778164697253 0.718223369441944 0.659779693305975 0.587763023524842 0.613071494392196 0.624557102499138 0.667967458792375 0.651793114444082 0.506080525064654 0.502164094452543 0.599164483138806 0.657072545336668 0.6298163446481 0.635859207864112 0.638552101725219 0.580085808022661 0.563778263539728 0.453218430353361 0.464752327653689 0.55073481425319 0.557694057050759 0.636088806262544 0 0 0 0 0 0 0 0 0 0 0 0
0 0 0 0 0 0 0 0 0 0 0 0 0 0 0.624431775092832 0.548119638748698 0.674108206667148 0.624173571980427 0.654834429385364 0.694735990772342 0.64904269060475 0.700957949892861 0.64726880971433 0.647807934179889 0.669209294168169 0.664383879676959 0.693892595758603 0.58969625301917 0.614827959586383 0.66774428098382 0.692148418756524 0.665154204402881 0.682183233340315 0.695887957581055 0.647198139773752 0.644349816121556 0.676593451554301 0.679502022472398 0.67780845191135 0.700994726524717 0.684592210267356 0.652685403290464 0.656990512732781 0.633375794771562 0.626766987757453 0.619367064052185 0.594217844056923 0.569174854616052 0.50808610735311 0.513091698126981 0.487984617668665 0.522939944218717 0.377901012098909 0.388859621792513 0.374378165622147 0.354088018930281 0.358847751534585 0.347816382820655 0.346422230387706 0.325269236786463 0.327829030386566 0.430703663323151 0.528640256128514 0.649939933067244 0.717323829414342 0.696717387486562 0.698971143029945 0.656990623452474 0.676846889492898 0.637265392142299 0.637286447610331 0.630773284326474 0.64401449716414 0.652418141082614 0.597017787909933 0.589243613171523 0.595389161395215 0.661410456828859 0.648573851276484 0.665859043332096 0.688264198712144 0.641892693342436 0.569081862159632 0.470088089352132 0.5565084537084 0.594320698101446 0.585387563399737 0.543353131805648 0 0 0 0 0 0 0 0 0 0 0 0
0 0 0 0 0 0 0 0 0 0 0 0 0 0 0.615150306746921 0.539695795806499 0.610441667755025 0.635661182969324 0.642355532532289 0.651922662514093 0.639044274763806 0.631356437260015 0.68861557274465 0.644853161260582 0.631028906120908 0.675604946983639 0.627783877699652 0.627977355689402 0.671602426170288 0.656177663004641 0.664666412605402 0.656609439955134 0.664474659767967 0.676522311033771 0.662432929124849 0.662457764679419 0.662694504465059 0.675467511271274 0.669653871730581 0.687719159787237 0.676012925142845 0.654093790530051 0.637484500580975 0.617916802288977 0.630385687284197 0.601561903817032 0.553268616313014 0.55342602959791 0.577519277502281 0.438312431136695 0.441827199141389 0.510130432719264 0.503822000939913 0.462676217327851 0.347722054033572 0.361778831964059 0.373251762384233 0.366836067575568 0.341293817783343 0.317341515348964 0.324896880977573 0.363509562451292 0.448460897564242 0.543034826208335 0.699913569125928 0.710354701819726 0.699967209991857 0.691832369139492 0.676810819958915 0.67570763929523 0.665139501524919 0.65301671521037 0.643190418683225 0.653684932611331 0.652339967276529 0.647197473415309 0.553691721910541 0.664585167129906 0.649788586986228 0.656766978895784 0.642135062307496 0.651318941995475 0.644828923274354 0.63848544101356 0.640840702170037 0.650378588810514 0.665019874578657 0.593703156855723 0.380332008414954 0 0 0 0 0 0 0 0 0 0 0
0 0 0 0 0 0 0 0 0 0 0 0 0 0.224608750005985 0.592593232266965 0.545790510151735 0.596239308114159 0.628704369671664 0.652058654722184 0.636028320569109 0.660597527964398 0.655443532428638 0.63755963507872 0.662342087550012 0.644992710705261 0.67537845824849 0.646366620072982 0.627877340636058 0.667458435915006 0.580399862762994 0.671622600737447 0.644855440151479 0.648403902814903 0.65170597390762 0.658179635899553 0.730593911331488 0.668248540529296 0.663385390231743 0.645759305079561 0.685091770296291 0.685970891153268 0.632614576528735 0.605435615427383 0.61324549092511 0.629506807213036 0.53889357620251 0.470716350230525 0.433960098388608 0.499424552978482 0.382873210899307 0.358130585998267 0.403371340027721 0.472041961571529 0.456731787409276 0.358651920591546 0.402019517374223 0.335246327338171 0.330227277549604 0.350761162433521 0.339561717855017 0.327427272659865 0.331255769200555 0.389366029607041 0.471643493465003 0.644047315466967 0.7191559205912 0.703199624466127 0.698335397944181 0.694848465901735 0.709050180218224 0.689839116800351 0.673557655239622 0.677623113577594 0.655547721808087 0.655681303768242 0.694132065821371 0.524119499557216 0.658879241219187 0.67984007895654 0.690211017266038 0.641027923478507 0.63288133660632 0.630547123013374 0.669979972827155 0.687441967219288 0.666392196926838 0.657585286534949 0.62453397166892 0.435030429271577 0 0 0 0 0 0 0 0 0 0 0
0 0 0 0 0 0 0 0 0 0 0 0 0 0.666849532154586 0.606479725163273 0.560227148560295 0.615358540466639 0.634518657661696 0.639183487526473 0.642100363599193 0.668389498341708 0.678588819938386 0.655540998512487 0.661572556644781 0.671873147684549 0.654922455243299 0.678573917582357 0.660396524542965 0.608558316736661 0.559995422133436 0.663004959173353 0.644750836672819 0.658752167700491 0.626395437687403 0.645957677470147 0.734829746145387 0.678771804004322 0.659428829323978 0.63948930560002 0.697011188638336 0.670827270429098 0.630982477365513 0.626266458223553 0.617906280440438 0.542965088782459 0.418112733069442 0.384574577398057 0.364756345038996 0.360178748781029 0.377513172408432 0.447031003257077 0.454843540008049 0.520991277951016 0.374813876086952 0.390335495963304 0.467247727310224 0.470790892833664 0.414711089930462 0.383071882036282 0.365814585865838 0.338828330953114 0.302248748407765 0.332535974258057 0.398682092611821 0.563734627622891 0.691921311288302 0.710851688932665 0.681146546024129 0.676555102224205 0.700061357121816 0.6920857686749 0.679183588387974 0.680350560229373 0.673331146426 0.66664047632579 0.707285401132115 0.572340639562167 0.680373343297738 0.684009304075165 0.682291060874768 0.658952064622393 0.655031608336347 0.662541990510883 0.660903999066888 0.656113033921441 0.651625288933849 0.642194221987366 0.63709663648903 0.471153307162474 0 0 0 0 0 0 0 0 0 0 0
0 0 0 0 0 0 0 0 0 0 0 0 0.0356061911908879 0.618854251466229 0.568090043428002 0.587397198059696 0.646582638043672 0.667620375850935 0.655198622630003 0.670709176992318 0.656166992239452 0.656358716775905 0.675632236113707 0.64521757167829 0.631817298356657 0.671594575778744 0.696783299750091 0.704569295124077 0.618346834832035 0.601024170137553 0.58294332709107 0.604854066153608 0.666286917311831 0.614244318404652 0.6465488597005 0.679822019280371 0.6740913306574 0.657879809757653 0.638778338838724 0.677316075702989 0.632040980071274 0.614307071646237 0.616704388555252 0.54736573973098 0.416910926256433 0.393405405151115 0.367348600410499 0.374576805034064 0.397525785783163 0.456317456986667 0.537835009656212 0.591834181665594 0.619922874893452 0.482064914630756 0.480889311696452 0.578476098294341 0.57835373291299 0.569851199870568 0.541059998060005 0.46501763567547 0.376752999162416 0.332098497691338 0.31384707854524 0.356728336715009 0.476064951913838 0.65395949916569 0.704715133151413 0.702754811583827 0.688460365893246 0.706528637610301 0.696489357570425 0.696827617713942 0.716658019161544 0.670632991003824 0.675876565067664 0.664968349362526 0.640414584666231 0.663496754683444 0.669762421348558 0.666905364443956 0.666215979679276 0.665930797769951 0.66293950675313 0.67282891931187 0.661192053532791 0.631832673254202 0.616824733713862 0.635621317936521 0.486979219960003 0 0 0 0 0 0 0 0 0 0 0
0 0 0 0 0 0 0 0 0 0 0 0 0.0638964856934665 0.61544265966841 0.584594145741437 0.593465985722969 0.634305277987193 0.661793243683703 0.672220169751411 0.633067624927016 0.642857965360242 0.646144613928471 0.663598432956604 0.666786431344785 0.654019791793135 0.650923375033816 0.658688496781083 0.704205115860689 0.677543223953149 0.654691406528649 0.632001099253083 0.562441938570391 0.633774384812223 0.648514651024056 0.62391891249961 0.64779125527418 0.670276134764302 0.650361809463639 0.643105940912112 0.625129243960022 0.616859844614914 0.61858911141786 0.541223001027002 0.544750080098214 0.387170378434341 0.381716478393334 0.354901492875527 0.365596661823264 0.474436229484821 0.593565818812992 0.689133405863418 0.692334420040387 0.675311382554443 0.664530324529452 0.643675554259673 0.688869615798726 0.644036879165253 0.635530586161994 0.64623828276604 0.618450332102409 0.562979424919737 0.453361841422479 0.341822133136836 0.331257708164045 0.371072231266946 0.550340818394229 0.681195806980797 0.697644942635139 0.707770751332855 0.705618480746328 0.691202164471626 0.699041537364599 0.684666977869348 0.693450699253195 0.67979765684823 0.686056021334629 0.672360242916144 0.657355848184959 0.673927774684651 0.671004917738085 0.673793993315698 0.672754210862186 0.66843549919768 0.668311444638075 0.655996523318169 0.646235982575022 0.63002304937497 0.606582478347869 0.450227986401239 0 0 0 0 0 0 0 0 0 0 0
0 0 0 0 0 0 0 0 0 0 0 0 0.0663605708451132 0.653698455503561 0.616826648097202 0.593413046910894 0.619973800009786 0.643868519426591 0.646732129372239 0.651708707528536 0.652019543214591 0.65281116501929 0.6733909330646 0.69252209689908 0.72392971131111 0.700937077169785 0.680754493246996 0.61994345128982 0.663496002346823 0.667781274023639 0.657783245150625 0.651622348811967 0.589354559834667 0.670879012947387 0.635861359390365 0.622876340026305 0.642560010759001 0.66316847822117 0.652536568583365 0.628214529947119 0.636292845680015 0.586603812728618 0.472688913254323 0.623090255505098 0.377571715182978 0.368640317222707 0.35925072911587 0.435830916827078 0.666069536100383 0.656962543258293 0.681328275084772 0.631076160854982 0.638056216196882 0.642450953285073 0.661440372225978 0.694949824496769 0.683722225682158 0.693384298974471 0.698870936053544 0.687195929723331 0.684584361991656 0.630813269968651 0.52931312480353 0.43428720117175 0.362892579962982 0.472187104086179 0.646609436231942 0.69377320709504 0.702005241915526 0.701518953635762 0.70947852594446 0.706820519306378 0.700324201724073 0.689607172759624 0.691713652580523 0.685593716475531 0.671301680436231 0.652641043516665 0.679183862087436 0.673961924468546 0.6849718647136 0.682159105900609 0.669494663028948 0.657948808403891 0.656911298482726 0.655339679354947 0.649113046775505 0.558971499683379 0 0 0 0 0 0 0 0 0 0 0 0
0 0 0 0 0 0 0 0 0 0 0 0 0.0349593540414994 0.653017445577799 0.652412251267177 0.599724367388001 0.638289818336265 0.666873546546226 0.641522299979119 0.651851734722414 0.638988336085609 0.655642290543464 0.660197786612089 0.691320742650656 0.73053378370992 0.71173793410212 0.717409613780174 0.655730746328509 0.650594506140102 0.697367941047249 0.656708907925987 0.640336851514453 0.657224237126667 0.606037128310539 0.671081268269616 0.656164809362821 0.643743572478532 0.656189241839771 0.638507530286787 0.638110906579404 0.637841819381024 0.418616543782971 0.432129573260198 0.59827371207083 0.381351338474843 0.355141607957259 0.406753857780027 0.681087853802398 0.663008679677802 0.629567252877044 0.63499903153249 0.578631094283999 0.596139967396175 0.595959402387893 0.612085471224151 0.639625616377938 0.653019723834259 0.687480579351622 0.716845011393754 0.697047124934006 0.689220719100877 0.680392987688688 0.655679383867022 0.633822176565939 0.559456353367769 0.523845519962858 0.624572464138028 0.690579893224843 0.69980270131652 0.697877701492841 0.702254823589349 0.704695805456886 0.70127854530978 0.70545446025936 0.691690829942422 0.667970791670844 0.65344393361239 0.638906999479288 0.678343962694217 0.695863734205796 0.717609062080295 0.702968516468504 0.685931952853593 0.665847087039313 0.650843389281754 0.661033773584097 0.635741526182429 0.532680208010867 0 0 0 0 0 0 0 0 0 0 0 0
0 0 0 0 0 0 0 0 0 0 0 0 0 0.609764506449292 0.734046811918269 0.615935579916162 0.658647131889211 0.682300863372748 0.681507729267379 0.662337550029307 0.644928846859975 0.655664705680196 0.655867840373089 0.680291788151869 0.68265536879214 0.718885918729761 0.744157262623147 0.724856236435932 0.651809120994885 0.684252662455215 0.676541573080477 0.64277485124865 0.647229442085776 0.632648574571706 0.671178055392844 0.655425742678363 0.682659490837705 0.648144362289511 0.629040080768545 0.648631131796139 0.459452971505318 0.380990170225901 0.462933145758722 0.409870242242663 0.350650587836879 0.364229388372635 0.692633405890181 0.679373082304358 0.653711025856929 0.647786500114419 0.630133026686642 0.611869717606374 0.600845475522273 0.600356656191562 0.622543168072212 0.626510206929488 0.642932664395682 0.665224403686366 0.703803891670516 0.696845865534875 0.677784934454823 0.692249372984596 0.680715379928971 0.685509536011907 0.685982827487225 0.694290444703062 0.650213231250605 0.67155777862289 0.690581351651794 0.69527288322616 0.685272155035972 0.706246471319427 0.700310791716183 0.690363754570789 0.70165569153383 0.687973673784927 0.672146104181234 0.657167010472859 0.676459445657206 0.676335541747543 0.701037072961712 0.70251541289929 0.695644268871245 0.676694553578131 0.663270922163599 0.651679379246485 0.621517493204742 0.558977655426018 0 0 0 0 0 0 0 0 0 0 0 0
0 0 0 0 0 0 0 0 0 0 0 0 0 0.252968928255086 0.74200220150046 0.656894524016146 0.657275454868556 0.737668192196606 0.738584523220815 0.687833882113957 0.647106361445441 0.670432284335731 0.673454055144611 0.65706330565934 0.665048928449669 0.665504504950255 0.776519298244316 0.723541509195858 0.706341862000157 0.665683850155905 0.654354409294925 0.669871849986134 0.650253255234572 0.653950177212908 0.67647116520537 0.657708032095896 0.67349923858918 0.633062252805256 0.628106753676215 0.541207979526474 0.356693370008531 0.382870170038719 0.381737235678573 0.389894982886541 0.387630926910393 0.60885045891684 0.68276105124705 0.693430627814512 0.660736824372149 0.654330651756289 0.645886234544582 0.668175797433683 0.662245763236049 0.628426201021374 0.63129818996521 0.658240963453087 0.646907720519059 0.662672057318325 0.689706761409119 0.70354663546102 0.70163529624201 0.71390258264667 0.667056904011299 0.73332221081458 0.90165781105323 0.895260761478829 0.725547189364904 0.660071399797937 0.675429459766607 0.676148899630748 0.683717337540692 0.679809337045484 0.694820685433148 0.695061560285291 0.679236582284396 0.677348428217996 0.684341751640975 0.694675968039303 0.673884559556962 0.668293768290081 0.670546542910186 0.681991875526442 0.69403542308399 0.692237553223538 0.681321018264452 0.632206533206588 0.61104592596393 0.613171016485506 0 0 0 0 0 0 0 0 0 0 0 0
0 0 0 0 0 0 0 0 0 0 0 0 0 0.139397735139158 0.684338620129718 0.66031602898441 0.646394880729402 0.67504977978226 0.698451985854453 0.730154681139876 0.66109093847228 0.644666605210126 0.662933969745139 0.667891830193237 0.671769291592948 0.666546578796088 0.69442034417468 0.761070834620577 0.678934474945265 0.643498067263608 0.688118649834335 0.692511740209123 0.655058996799283 0.677137950800595 0.668358791105926 0.644541254702714 0.634310024741829 0.633953086886481 0.594342844571714 0.382562371503443 0.393860516678577 0.383809023219776 0.36644303667739 0.378149238473471 0.545411523764166 0.691631566896357 0.714015404297379 0.67929977710597 0.684174630374431 0.662494986310619 0.652048932900182 0.670490171639613 0.685833990089667 0.679546942041066 0.68986702748934 0.670769710100168 0.664341556929854 0.661620682782047 0.687503078656102 0.704720268789886 0.686499349959056 0.690157282758294 0.688342427629339 0.892582679280578 0.884937981902233 0.810961221019872 0.920121803350993 0.667631334857286 0.674634540246743 0.664969504855483 0.676922524170363 0.682773903701857 0.680942849037971 0.677176033365969 0.688931847143284 0.686562782394256 0.682518790150648 0.670050817442887 0.634799228620787 0.636102952650069 0.661715740878637 0.66879511819347 0.680057867058534 0.688275209227634 0.65766281217979 0.627697273916776 0.579900837781117 0.6176402553886 0 0 0 0 0 0 0 0 0 0 0 0
0 0 0 0 0 0 0 0 0 0 0 0 0 0 0.552901258195585 0.678668173021775 0.675839511732603 0.660746295014884 0.669605140833625 0.736883564364335 0.703329205457655 0.693420066095549 0.662383223822168 0.654291585391411 0.670325436123505 0.658697528499655 0.651746077676517 0.696294542400683 0.717077054310804 0.696381299971058 0.671900631813835 0.67610262949749 0.69090729979839 0.684223895561212 0.683198610138026 0.627030369697356 0.624314622699461 0.605452062544331 0.40807485754108 0.381427210310178 0.388859108803596 0.365800978862535 0.348973241318494 0.488042489465809 0.680443155654226 0.691129688482356 0.692859192484889 0.687656122561364 0.658334458739542 0.681616539570177 0.66304459464344 0.668426042644824 0.707519651486267 0.707104740610189 0.676870068030349 0.685306269163811 0.677066233046804 0.665028030674944 0.67769246669845 0.701999246608606 0.663274962607505 0.677680507893104 0.759026129651015 0.974504181293903 0.767484697839293 0.684325881340099 0.951960714879894 0.702232626304205 0.659384978075202 0.666844512490781 0.676181388778234 0.688852010022927 0.674798214223417 0.682410616162575 0.700189442569397 0.699763664538817 0.674691523920177 0.638181908867978 0.620314384777275 0.643516206424016 0.662375669206329 0.667460096003562 0.688105071793213 0.683942586344359 0.645943664716081 0.604132922912707 0.576018927266433 0.53822803079144 0 0 0 0 0 0 0 0 0 0 0 0
0 0 0 0 0 0 0 0 0 0 0 0 0 0 0.274925910035044 0.697211975582537 0.628969625806476 0.66358400316413 0.668915820983147 0.691085144841133 0.730800902482791 0.744068998570672 0.687746477411923 0.649871489880286 0.652589797960251 0.65102853779885 0.647498336699896 0.654286753947937 0.653824637674406 0.652845717046431 0.692693909198327 0.694623056224698 0.672466652599351 0.640130425228801 0.656152695475911 0.627644464454523 0.646617454247404 0.498221041128628 0.398387151088129 0.409486143974204 0.400460074582222 0.466825606591376 0.598912644538555 0.67800353789803 0.677742557515992 0.658689401771717 0.698191419141847 0.682219213289424 0.66793523601289 0.699441153260301 0.700414062293768 0.672333347260537 0.677364920989305 0.674155312382243 0.682000195828867 0.684775333967939 0.672536260964288 0.663586271138913 0.680520300518092 0.736883547585571 0.670551271557359 0.709202986599596 0.905626282730083 0.809822091146631 0.589986502175948 0.531961556347996 0.802007370214729 0.899185923169256 0.666034338753587 0.687480513458213 0.685773602682197 0.670031023406392 0.659827256976805 0.663073260633436 0.684568785626144 0.679418091490959 0.664691908287381 0.636642975286445 0.667322449641982 0.656056052061587 0.670331654540134 0.682563868361919 0.680574859634884 0.668962823213976 0.640729477988994 0.58540415925859 0.516739077715496 0.062537677165679 0 0 0 0 0 0 0 0 0 0 0 0
0 0 0 0 0 0 0 0 0 0 0 0 0 0 0.00223468707549113 0.674360296255391 0.638545377916401 0.656268442857933 0.669401080145945 0.684020059853495 0.687041441559711 0.706596749478847 0.670497008757828 0.673601961426222 0.676392992502862 0.681636846693982 0.657966087785652 0.66194882631142 0.66465927117254 0.646127702257945 0.663934555400841 0.654309803906968 0.652696021417751 0.6520482139306 0.644283532530652 0.662572739492067 0.656568711285102 0.561686866234836 0.566774216516874 0.60581788399898 0.633298124505518 0.682786896831916 0.673764937807427 0.698461339382736 0.665741218642067 0.678100979600877 0.659930753881942 0.672001831550588 0.676611381883796 0.703723727452414 0.699358659476535 0.694629270680418 0.678327457218401 0.668237160596043 0.675707008141022 0.668887711894478 0.687902939204073 0.659917007765082 0.679939825631516 0.696254951500271 0.687815134590312 0.80236262378314 0.904625229617815 0.565889817928523 0.46701601410896 0.432809620932165 0.554289792617115 0.952321724557864 0.752921909618599 0.689181947022429 0.677986756443184 0.664857426125578 0.65078522817136 0.642022864783373 0.671113632563448 0.650122334191551 0.644395930556129 0.645826042893562 0.657234478026148 0.687567624701893 0.6906343063752 0.663856483024575 0.664076297259189 0.65047867037124 0.611456087938043 0.546972043100927 0.458637404734306 0.000785625832640352 0 0 0 0 0 0 0 0 0 0 0 0
0 0 0 0 0 0 0 0 0 0 0 0 0 0 0 0.555472596560858 0.693186295337298 0.651259348218208 0.676425193004593 0.683908401573482 0.677999415924883 0.681069530096047 0.670788573683492 0.688094435333338 0.707310118449764 0.696395419479185 0.67830793998429 0.682925428026941 0.666785372536743 0.665351876704324 0.663625081016023 0.683025314388516 0.713534359337406 0.691091695852922 0.6586741944729 0.663850389223883 0.693217708940484 0.700471615401439 0.724565125065868 0.68529754160718 0.683617333625437 0.696402859294774 0.698670402757095 0.69279420785813 0.681776969348041 0.709946975318371 0.630400325542349 0.6742169376636 0.697506239830098 0.697925109548424 0.692551314699155 0.682327849784499 0.676199186303919 0.675083898371632 0.674523206361422 0.652824923917797 0.673711936036416 0.666993751429454 0.682320926244154 0.682730895103472 0.677651206225972 0.958141021933174 0.691806037948092 0.447723497857425 0.437572281442661 0.413611548822898 0.433645473175796 0.653021222224513 0.900728586956 0.678043209622402 0.676645122111874 0.674151159671117 0.658551027177442 0.654905180585978 0.652331884655425 0.650637705093553 0.643736516575177 0.662119836444673 0.691158926456934 0.676887129234647 0.667797435276601 0.66234110350492 0.646078240844002 0.631154072217767 0.5993970510684 0.510704949774851 0.171946944010496 0 0 0 0 0 0 0 0 0 0 0 0 0
0 0 0 0 0 0 0 0 0 0 0 0 0 0 0 0 0.662715949257729 0.610084152123287 0.670012767887189 0.660885756033365 0.671619659650526 0.66877835823553 0.683812410604041 0.677237588245155 0.686639030878846 0.695941348183951 0.716634753353423 0.739318519432888 0.690080411642693 0.682812774099331 0.682675557430288 0.674698073474175 0.68511822981265 0.676702532063214 0.651175112701723 0.674213216819104 0.67499516835974 0.680829300662738 0.67474385548676 0.67441255003403 0.703013946655997 0.710516486294687 0.713953541627519 0.658010909532769 0.818611602838303 0.66430357831001 0.644477813106731 0.675230693377322 0.679626410825197 0.689053478422994 0.678599209910371 0.680561153645057 0.686170133349143 0.683509107682703 0.675295844474047 0.643525863944214 0.652678854939222 0.655389847026094 0.661169844800995 0.683037722097441 0.774061298082859 0.901371493973435 0.545415825557241 0.423912511100307 0.416409717543875 0.398481237885852 0.413273484651508 0.476739062455132 0.920655369447045 0.741864563041807 0.72306688808454 0.680385480307794 0.65794378949417 0.65324707718112 0.641338189451677 0.641196225517928 0.653579973393899 0.655830045844219 0.678452617048018 0.665140089386199 0.659524538047147 0.646504390546726 0.636849928160503 0.63712806967951 0.606406635347986 0.0715442960796699 0 0 0 0 0 0 0 0 0 0 0 0 0 0
0 0 0 0 0 0 0 0 0 0 0 0 0 0 0 0 0.279126113572808 0.571489781932422 0.629299250278271 0.669828109288603 0.673200547346972 0.656892218589045 0.684365899315008 0.678950124894586 0.696277399448319 0.688481834704832 0.707285848606238 0.689332575922256 0.667266377265779 0.679511301280236 0.684323242612558 0.671552768111998 0.686038595912442 0.686516253219734 0.676755263365204 0.676652047067504 0.669058202200893 0.68773665901678 0.694059221576163 0.696351191314312 0.730384428908353 0.721620323474364 0.693008284865196 0.677229264309273 0.681200203168198 0.66267788613639 0.648283669090714 0.647645506505841 0.649962009818584 0.650325024171622 0.679879646747974 0.686218408576231 0.672405650070226 0.676623622844107 0.669112680855811 0.658115322905101 0.642900230937069 0.644435435864062 0.649220757925975 0.685340156151764 0.912631049179064 0.546632928005529 0.456897194040538 0.417751493291139 0.408471625260419 0.3913800897645 0.396009956346088 0.435325447123844 0.752940198487527 0.916325020086344 0.816356577458258 0.72010133209504 0.657395990552255 0.641507633408966 0.643618308157106 0.629285898574148 0.644811083967058 0.665874862021504 0.672850583190367 0.664644448647094 0.657144359526635 0.644556931364558 0.612495526817308 0.624644527440222 0.53631625840859 0 0 0 0 0 0 0 0 0 0 0 0 0 0 0
0 0 0 0 0 0 0 0 0 0 0 0 0 0 0 0 0 0.370661400319496 0.559954135038165 0.641220697592951 0.66564249183826 0.662236106504569 0.680214167309816 0.682477938158745 0.692341758646558 0.707533999965177 0.686357468272424 0.663221401101448 0.673026077379921 0.667230005781731 0.674223015756044 0.689498210448274 0.693177666397232 0.680718728418082 0.680395107304118 0.682888114767441 0.674097788657089 0.678109273017606 0.718413667799168 0.725814302741113 0.743457608662729 0.726246612016719 0.682429368257953 0.734893157118315 0.648223619571161 0.661486158158541 0.647501173085628 0.627445411869076 0.643624458470023 0.677163935758775 0.706283646156482 0.677412141765981 0.670421615258178 0.663219273455573 0.685393666619396 0.66685651763058 0.633740261533047 0.62505087551051 0.640736578688721 0.651941763682706 0.856009408437877 0.457863963570151 0.435776665770949 0.40986398049375 0.394223214915317 0.400607387486247 0.419810788399945 0.451760130175063 0.597581625302454 0.971948264995789 0.815713129156436 0.722465335282155 0.664634286868194 0.648348187096856 0.645588390754344 0.637848036012411 0.659656265801131 0.656861075207718 0.65551424819045 0.657373738697555 0.659300213229475 0.6487290678318 0.596841455892031 0.517160948223263 0 0 0 0 0 0 0 0 0 0 0 0 0 0 0 0
0 0 0 0 0 0 0 0 0 0 0 0 0 0 0 0 0 0.0937496853784846 0.311526060061861 0.571725950687496 0.630693186162358 0.658627213823989 0.695705253248827 0.687006115719507 0.721052552475436 0.68922369903651 0.664586274588179 0.662137740439473 0.685892878563748 0.67539146445616 0.666945657127446 0.670705731908027 0.689940330688382 0.696076173597271 0.69638628315703 0.702120655296548 0.67845944948745 0.66737593112854 0.70681884691476 0.749166018101355 0.721737892712506 0.71019168414494 0.666774256318815 0.744547311817765 0.634833039981506 0.655616318916358 0.673380592627596 0.642693702294343 0.647557023288824 0.67419779441741 0.678700707050645 0.687034482183843 0.677025416254413 0.645325139721233 0.66600754868392 0.637347496288143 0.637635297299932 0.624781024916135 0.627324096822948 0.63804717785528 0.668712491087163 0.437161075987778 0.423829864883718 0.409059684364176 0.413057875200754 0.434288232454148 0.441379587616132 0.457693099507235 0.543283584835593 0.965813415851647 0.741494754477779 0.702144583190492 0.671658247370372 0.673020800776527 0.652716388803737 0.649282982398764 0.64882964532954 0.642969197625255 0.648278478440311 0.635251680144988 0.651603476439391 0.643231922907481 0.626793942730667 0.544873476633658 0 0 0 0 0 0 0 0 0 0 0 0 0 0 0 0
0 0 0 0 0 0 0 0 0 0 0 0 0 0 0 0 0 0 0.0366334203628098 0.436584105622747 0.61815568080663 0.660669908254258 0.687733062996026 0.714637699981839 0.67162757253974 0.655935861252496 0.688015139091202 0.702003463072109 0.686229475273347 0.686946037273983 0.688650993701776 0.678863108800888 0.671709708705033 0.676228739406929 0.703987320124971 0.681851755805282 0.703240442711587 0.668136969274364 0.689639055837612 0.72113161796312 0.709801925910279 0.69330095387858 0.650364874807559 0.658366938406664 0.617614272664336 0.655175082228225 0.707126865622909 0.665123832051275 0.649878534954111 0.653705651624048 0.661120771266493 0.693906332434457 0.666067301681554 0.657991182699491 0.660698354838846 0.646562172135576 0.651681251328699 0.649633633176475 0.598318614485266 0.669317436163555 0.536993521544795 0.457297817771976 0.449706847255058 0.431855170941888 0.442526309024633 0.475230404201819 0.467452320620557 0.468775329109686 0.63343124750633 0.868554617137186 0.671231617448328 0.67884514608671 0.66730893326888 0.679518282278955 0.660674116295319 0.674683566621864 0.679430232515451 0.669238546777331 0.66031951354398 0.656477229895898 0.66100323981914 0.652315102005694 0.633220368817014 0.369761298542549 0 0 0 0 0 0 0 0 0 0 0 0 0 0 0 0
0 0 0 0 0 0 0 0 0 0 0 0 0 0 0 0 0 0 0 0.52193901835066 0.516024385637151 0.648118573667119 0.653675687477519 0.663030354573169 0.645056061137359 0.701756482462555 0.74926117175252 0.674808787851872 0.679881963347798 0.67390214343756 0.696963679688193 0.691518566938611 0.656797980819439 0.668757193244263 0.668195986753498 0.677966797471655 0.690981041169087 0.68173923459962 0.680954211981505 0.705552764396677 0.714817290937036 0.677515224266495 0.654210168727809 0.635248856071765 0.620186623145048 0.645761797114922 0.682102859571849 0.701493637230582 0.665662173097466 0.650734636575868 0.658476623209279 0.691680180598572 0.656966052291748 0.665859707568397 0.649465678895759 0.659799967291013 0.659911102134344 0.625731772646388 0.605280657263149 0.647113751921261 0.549442402307698 0.464536890596946 0.476950611019061 0.448315141044894 0.478682918053667 0.478479305234471 0.481821383437933 0.564389352813711 0.904896879219091 0.66441397100394 0.694233288186944 0.679555974453898 0.676372460484105 0.680981879688545 0.673897250615736 0.69230647686596 0.671905129089434 0.670921789854619 0.680927208139234 0.667222425667146 0.661423305410917 0.651786064773335 0.504044209139595 0 0 0 0 0 0 0 0 0 0 0 0 0 0 0 0 0
0 0 0 0 0 0 0 0 0 0 0 0 0 0 0 0 0 0 0 0.0643567828635187 0.69932422442531 0.659169037282421 0.635952230654705 0.64319724181389 0.660869256909803 0.703381063166616 0.646814527809235 0.687581308761884 0.683521759111917 0.6731685231671 0.685529271796588 0.687330491344185 0.653346475085125 0.689778092757002 0.670451944575041 0.703705988142335 0.686076417881157 0.682326322392702 0.680735734767879 0.699655358488424 0.685428411806986 0.656345765632116 0.675847875965543 0.63004437270028 0.641245451912672 0.657966840742544 0.646306724109507 0.721345357867839 0.670028915094351 0.653018750930404 0.653313534677351 0.681330905618144 0.652768594162778 0.66977233358545 0.645437358164498 0.650316900064873 0.64211369028945 0.599855403865709 0.598217583468134 0.681427005062345 0.585358385693635 0.472763358056376 0.48190094861967 0.480169443055223 0.484683585378722 0.494716286132592 0.517569197533947 0.867014201363246 0.713228752925341 0.66385533151142 0.676091696923438 0.68499903392226 0.684808136608172 0.663304823368949 0.680983305948064 0.654219179701983 0.654002609981038 0.648792359846783 0.652248326169482 0.646539220440471 0.649323265486966 0.586529155543272 0 0 0 0 0 0 0 0 0 0 0 0 0 0 0 0 0 0
0 0 0 0 0 0 0 0 0 0 0 0 0 0 0 0 0 0 0 0 0.215538383953412 0.712773202102973 0.681080997115778 0.650962589073231 0.66650627033823 0.681316724235765 0.653805880889224 0.682250488045106 0.671754132018681 0.677252024651213 0.685676003268726 0.673339808378891 0.643125630738596 0.680203588826256 0.714726167448102 0.690347477511607 0.695698740712644 0.674296864137411 0.674197089114225 0.66190662853604 0.658995800889876 0.679335101482085 0.71368396346373 0.620697640481929 0.659145863305683 0.714511840436188 0.660374675013375 0.702324177102204 0.663006017422522 0.645278267076368 0.654505600217239 0.681071935304687 0.659493293870439 0.66204176065535 0.646023396365422 0.651326133741015 0.629025237419989 0.596260378141208 0.635563854785259 0.77008762866973 0.594176198147508 0.467824220218811 0.482084198411297 0.481481715304513 0.473852042297411 0.518974568752067 0.73508518711235 0.832036221539386 0.667495816977528 0.676317235766105 0.668051409987675 0.657784489905727 0.67710790868429 0.671103056490123 0.676907698153146 0.66973370867147 0.685412262584734 0.631625848840492 0.592430431387416 0.607735703345085 0.407179858623549 0 0 0 0 0 0 0 0 0 0 0 0 0 0 0 0 0 0 0
0 0 0 0 0 0 0 0 0 0 0 0 0 0 0 0 0 0 0 0 0 0.371289711840373 0.684145956736545 0.627227797370144 0.630568685455755 0.663948978579728 0.663214984140304 0.651595144000778 0.67201661071856 0.653682994209075 0.66632489602928 0.651458715077248 0.649551724539918 0.6688610834318 0.704687850315348 0.680887142279199 0.680135864989856 0.679837115122726 0.670207246050614 0.662542271211205 0.648222273660167 0.66019605530588 0.779112335795436 0.639421713994391 0.650041037808296 0.728685556306561 0.678069116012577 0.673800166884003 0.655387916096984 0.628852753543534 0.663429906433121 0.712756933875548 0.664794673428697 0.66265115136045 0.659331379415942 0.650290722207578 0.651439202641568 0.603670779964438 0.800313460086002 0.893454380568889 0.574190714983167 0.45663212574744 0.480928151148141 0.477062948084948 0.501298780552369 0.714368132397269 0.912915709389721 0.664293832719403 0.651252657870887 0.685307637857905 0.6953318234408 0.67735186806778 0.679159338690616 0.670133066857756 0.665382872615772 0.666259658527743 0.661593104080542 0.608081926827459 0.553546466110107 0.175469006651485 0 0 0 0 0 0 0 0 0 0 0 0 0 0 0 0 0 0 0 0
0 0 0 0 0 0 0 0 0 0 0 0 0 0 0 0 0 0 0 0 0 0 0.42658815681353 0.600602822308446 0.590988048881902 0.505633720031533 0.543704341184918 0.635105331440577 0.659232762171578 0.641212653041286 0.656266633103366 0.654188408798836 0.676606606991905 0.663799333093706 0.700638650653594 0.674280743860024 0.677140186442645 0.668290613197561 0.664022128811478 0.658237172700746 0.648658879166889 0.655152187517632 0.71808115615825 0.673985936453098 0.636325687976569 0.662169698521277 0.664546539276729 0.66205232467435 0.651904961356891 0.638078827678847 0.664296815638312 0.709905013760224 0.670418179704628 0.670450193254905 0.671306071379678 0.650610199179267 0.673877397044381 0.723356006896832 0.97491348079891 0.962989452353599 0.514430907769408 0.463805053057608 0.473960149104306 0.483178162039067 0.524943015079731 0.826640831896114 0.802925056430364 0.675254826303423 0.658216916080108 0.679496385432556 0.740502300283901 0.752659116166542 0.681413819036319 0.674645306727085 0.662685871820693 0.658750241557218 0.640775972126156 0.53277413071029 0.295597014078129 0 0 0 0 0 0 0 0 0 0 0 0 0 0 0 0 0 0 0 0 0
0 0 0 0 0 0 0 0 0 0 0 0 0 0 0 0 0 0 0 0 0 0 0 0.182594596383025 0.520398134823402 0.448263777864746 0.508340809835611 0.571415856161405 0.661130808187017 0.63584151607235 0.645277414319046 0.656859004308638 0.672230308841669 0.674003602536733 0.691226840262699 0.66437493307858 0.670038766984052 0.655872231936805 0.665453663279071 0.647432695465836 0.654101400867823 0.641755666666373 0.661193831354495 0.648002119679976 0.642844330726606 0.667601837144035 0.661028445474715 0.612113261327383 0.666952235199676 0.649582507942914 0.682575412114035 0.679125747498834 0.677423302171032 0.681004912914466 0.643078314867037 0.668288302147103 0.743761221561427 0.806803057954212 0.991697241991784 0.970594686866822 0.547765408595188 0.616838043173534 0.511515920175115 0.548682067704219 0.649603586568728 0.904383920172376 0.75923703529844 0.674928945687496 0.651704923336254 0.661435280577842 0.675196887780072 0.662472985213277 0.662857513978735 0.681526757140279 0.683281191268028 0.650374505012281 0.479706347764085 0.00993923531041275 0 0 0 0 0 0 0 0 0 0 0 0 0 0 0 0 0 0 0 0 0 0
0 0 0 0 0 0 0 0 0 0 0 0 0 0 0 0 0 0 0 0 0 0 0 0 0 0.574876877204948 0.497618046152245 0.519534137441475 0.591276768292536 0.584828219803639 0.629698388950524 0.632774133059915 0.666275924277238 0.677609958321033 0.669656324896764 0.661393448769385 0.636056833616999 0.636823363620226 0.651818745909999 0.65881291706832 0.66317671980131 0.643689766589409 0.651093936986089 0.670490917812895 0.639759837239373 0.642414570207967 0.653670596638567 0.651072358925195 0.693740342906434 0.628529155244156 0.670286277198349 0.667675449956776 0.695608177549113 0.67909041902642 0.662913803073036 0.691189087126591 0.748384244504097 0.782521268319678 0.899752471545998 0.979748633588624 0.8535895970118 0.725388676582122 0.627749188265483 0.670505845560622 0.786967957282885 0.951556193747532 0.738243590505707 0.655114572725254 0.630483341086178 0.651614972586603 0.651690040924883 0.646212698459502 0.660357490167625 0.649093260994577 0.624784140086267 0 0 0 0 0 0 0 0 0 0 0 0 0 0 0 0 0 0 0 0 0 0 0 0 0
0 0 0 0 0 0 0 0 0 0 0 0 0 0 0 0 0 0 0 0 0 0 0 0 0 0 0.609583901087279 0.616126859368263 0.548113746768617 0.487199368261732 0.56115355805679 0.603986761739089 0.64768288550132 0.68018499805292 0.664745323515295 0.653629034327797 0.654790071617207 0.66823430531413 0.673814426034647 0.652841210506145 0.67561557907014 0.680993375007683 0.648504260449118 0.659418049810103 0.641593105930332 0.644387671942191 0.65922352676057 0.664683249893956 0.73498499671635 0.652468189901294 0.679367387555831 0.672682941262612 0.686064054908782 0.686606339702946 0.660558056382442 0.662836819257286 0.77035005913499 0.816273326103364 0.843752254903467 0.836858948246655 0.877444378051283 0.726985330991273 0.742208992262183 0.870748365822654 0.890523986229199 0.993270523552234 0.802315189577055 0.620941340421135 0.609539807360327 0.634558625434125 0.622859991503881 0.635593225650231 0.638308527055278 0.60504574228226 0 0 0 0 0 0 0 0 0 0 0 0 0 0 0 0 0 0 0 0 0 0 0 0 0 0
0 0 0 0 0 0 0 0 0 0 0 0 0 0 0 0 0 0 0 0 0 0 0 0 0 0 0.040362894537105 0.62277818580531 0.622775251253259 0.595168132951415 0.458807384850101 0.528996590472584 0.547928817501073 0.679916140072488 0.638045270028851 0.65416535058896 0.653176368269036 0.659028105697651 0.662863216228746 0.640797842282071 0.658779564200168 0.686473620175688 0.651264223403281 0.640121904708394 0.65863780417296 0.680423861329888 0.659033263130572 0.642055538670439 0.753980986448401 0.6470291473491 0.700098581304937 0.674053301291949 0.677366269123194 0.678357741016292 0.650327935247886 0.654075955364708 0.693441497971183 0.894575418271077 0.860826035340127 0.700124715752807 0.837427257696254 0.652633287064476 0.645178782709302 0.816358045245926 0.952870260864919 0.947154955007786 0.82180853656083 0.584600970937568 0.597252446187364 0.619786150205237 0.621846212071932 0.60010975780551 0.573293216480002 0.00731862259442439 0 0 0 0 0 0 0 0 0 0 0 0 0 0 0 0 0 0 0 0 0 0 0 0 0 0
0 0 0 0 0 0 0 0 0 0 0 0 0 0 0 0 0 0 0 0 0 0 0 0 0 0 0 0.031173814161061 0.0841154889736163 0.642816011250053 0.606043206487996 0.507557330223085 0.495401137813699 0.528831987303742 0.581960367724143 0.637485974336771 0.639279742609535 0.650522192049063 0.661646423320952 0.653616861589268 0.648051868595166 0.684893962204613 0.672245830363701 0.649527921633441 0.637682572096735 0.678448735497027 0.65575265599591 0.625092161739921 0.730258626679387 0.671053872810543 0.677434292976432 0.691861737800463 0.671534184725222 0.655541897043814 0.650115543352687 0.633435220756462 0.638619650104041 0.767560057035204 0.86283784786733 0.75551867156581 0.792117436095861 0.739039234421724 0.632150659174964 0.659063889333012 0.671682421028031 0.630034957115127 0.6172537431191 0.565991868596425 0.57630410393023 0.585475212025144 0.592924840946508 0.082769104388027 0 0 0 0 0 0 0 0 0 0 0 0 0 0 0 0 0 0 0 0 0 0 0 0 0 0 0 0
0 0 0 0 0 0 0 0 0 0 0 0 0 0 0 0 0 0 0 0 0 0 0 0 0 0 0 0 0 0.0082297132805451 0.717407510946657 0.655910136242373 0.461090350871545 0.470039233715658 0.431626198863022 0.575508334151437 0.616453070183282 0.639119964158809 0.653793333370907 0.65042002685169 0.667147801947231 0.678722887300418 0.666847990054213 0.663155191173067 0.638339211511108 0.639103174564891 0.666904282238842 0.645862473758189 0.709749514713046 0.697496274756942 0.676973560229939 0.672825124312099 0.673065569744056 0.645835416424751 0.720502754703785 0.642361788519308 0.645129575457904 0.719568756040544 0.694141392204199 0.640344532605462 0.655422517792921 0.811267857021187 0.672697464866924 0.647366019543405 0.615434758926404 0.571279314662883 0.588241502270565 0.116588379142384 0.115265950910723 0.113620734975991 0 0 0 0 0 0 0 0 0 0 0 0 0 0 0 0 0 0 0 0 0 0 0 0 0 0 0 0 0 0
0 0 0 0 0 0 0 0 0 0 0 0 0 0 0 0 0 0 0 0 0 0 0 0 0 0 0 0 0 0 0.0640473904377171 0.589529117886291 0.600243066153579 0.676711484990231 0.623591296503219 0.484589775980826 0.584443295624196 0.621994968440873 0.633279639660528 0.655610957301398 0.652225667792618 0.69141455717286 0.682640570246254 0.65903359091943 0.631243494529222 0.670503747585358 0.625185124359643 0.654529656702199 0.660848219593315 0.696840687647227 0.661012064337761 0.672913060024715 0.671152086117724 0.650736183581723 0.724600786328653 0.644430450872382 0.64809597148605 0.658585681930042 0.623230152247214 0.602615493652407 0.5919344112228 0.838072580081211 0.695319780492892 0.53499572613007 0.162713867006443 0.0689408311113241 0 0 0 0 0 0 0 0 0 0 0 0 0 0 0 0 0 0 0 0 0 0 0 0 0 0 0 0 0 0 0 0 0 0
0 0 0 0 0 0 0 0 0 0 0 0 0 0 0 0 0 0 0 0 0 0 0 0 0 0 0 0 0 0 0 0 0.214939563569192 0.212213270096167 0.461424774338368 0.677069448329088 0.468341783191287 0.591775596132591 0.599376116549787 0.652341691772366 0.652990289076795 0.661556620999922 0.695303569590028 0.686441410426587 0.648193658914829 0.675917059869302 0.67357624742352 0.655558852972307 0.627119875664916 0.651380379187166 0.644600780513233 0.647551667512899 0.653365178527124 0.637576329739905 0.67968104566368 0.645876085342671 0.635464130370716 0.6480923336522 0.6041056303318 0.588601263264008 0.627848507278755 0.841012728278096 0.294971696776399 0.0116425305657524 0 0 0 0 0 0 0 0 0 0 0 0 0 0 0 0 0 0 0 0 0 0 0 0 0 0 0 0 0 0 0 0 0 0 0 0
0 0 0 0 0 0 0 0 0 0 0 0 0 0 0 0 0 0 0 0 0 0 0 0 0 0 0 0 0 0 0 0 0 0 0 0.216544424297574 0.601938517418429 0.490287143962113 0.566733647705582 0.608039226832081 0.63712626884486 0.642611101844675 0.697785514786282 0.684235396749296 0.657179218078723 0.65573443678924 0.6915281390458 0.579809336259126 0.587738545691072 0.66089167545172 0.660874029430815 0.67183879431527 0.673321354686707 0.648265721492851 0.652781845262009 0.652086052783556 0.642381008968594 0.26400630088414 0.260614368533763 0.243912577555733 0.22061241757813 0 0 0 0 0 0 0 0 0 0 0 0 0 0 0 0 0 0 0 0 0 0 0 0 0 0 0 0 0 0 0 0 0 0 0 0 0 0 0
0 0 0 0 0 0 0 0 0 0 0 0 0 0 0 0 0 0 0 0 0 0 0 0 0 0 0 0 0 0 0 0 0 0 0 0 0 0.225786011749725 0.371123110595102 0.590398696142968 0.565814653231208 0.66912691867485 0.66548935032555 0.627308337465315 0.665405231567729 0.663116648326733 0.694908316053419 0.583725962511187 0.442621361992185 0.476568534220172 0.61445486646745 0.671044727969912 0.725140086380883 0.708962063791484 0.66800956967019 0.445601659883892 0.0367551260652282 0 0 0 0 0 0 0 0 0 0 0 0 0 0 0 0 0 0 0 0 0 0 0 0 0 0 0 0 0 0 0 0 0 0 0 0 0 0 0 0 0 0 0
0 0 0 0 0 0 0 0 0 0 0 0 0 0 0 0 0 0 0 0 0 0 0 0 0 0 0 0 0 0 0 0 0 0 0 0 0 0 0 0 0.0570135082907046 0.274691263013371 0.332209798160016 0.33210516016902 0.365241283197317 0.104132105350168 0 0 0 0 0 0 0 0 0 0 0 0 0 0 0 0 0 0 0 0 0 0 0 0 0 0 0 0 0 0 0 0 0 0 0 0 0 0 0 0 0 0 0 0 0 0 0 0 0 0 0 0 0 0
0 0 0 0 0 0 0 0 0 0 0 0 0 0 0 0 0 0 0 0 0 0 0 0 0 0 0 0 0 0 0 0 0 0 0 0 0 0 0 0 0 0 0 0 0 0 0 0 0 0 0 0 0 0 0 0 0 0 0 0 0 0 0 0 0 0 0 0 0 0 0 0 0 0 0 0 0 0 0 0 0 0 0 0 0 0 0 0 0 0 0 0 0 0 0 0 0 0 0 0
0 0 0 0 0 0 0 0 0 0 0 0 0 0 0 0 0 0 0 0 0 0 0 0 0 0 0 0 0 0 0 0 0 0 0 0 0 0 0 0 0 0 0 0 0 0 0 0 0 0 0 0 0 0 0 0 0 0 0 0 0 0 0 0 0 0 0 0 0 0 0 0 0 0 0 0 0 0 0 0 0 0 0 0 0 0 0 0 0 0 0 0 0 0 0 0 0 0 0 0
0 0 0 0 0 0 0 0 0 0 0 0 0 0 0 0 0 0 0 0 0 0 0 0 0 0 0 0 0 0 0 0 0 0 0 0 0 0 0 0 0 0 0 0 0 0 0 0 0 0 0 0 0 0 0 0 0 0 0 0 0 0 0 0 0 0 0 0 0 0 0 0 0 0 0 0 0 0 0 0 0 0 0 0 0 0 0 0 0 0 0 0 0 0 0 0 0 0 0 0
0 0 0 0 0 0 0 0 0 0 0 0 0 0 0 0 0 0 0 0 0 0 0 0 0 0 0 0 0 0 0 0 0 0 0 0 0 0 0 0 0 0 0 0 0 0 0 0 0 0 0 0 0 0 0 0 0 0 0 0 0 0 0 0 0 0 0 0 0 0 0 0 0 0 0 0 0 0 0 0 0 0 0 0 0 0 0 0 0 0 0 0 0 0 0 0 0 0 0 0
0 0 0 0 0 0 0 0 0 0 0 0 0 0 0 0 0 0 0 0 0 0 0 0 0 0 0 0 0 0 0 0 0 0 0 0 0 0 0 0 0 0 0 0 0 0 0 0 0 0 0 0 0 0 0 0 0 0 0 0 0 0 0 0 0 0 0 0 0 0 0 0 0 0 0 0 0 0 0 0 0 0 0 0 0 0 0 0 0 0 0 0 0 0 0 0 0 0 0 0
0 0 0 0 0 0 0 0 0 0 0 0 0 0 0 0 0 0 0 0 0 0 0 0 0 0 0 0 0 0 0 0 0 0 0 0 0 0 0 0 0 0 0 0 0 0 0 0 0 0 0 0 0 0 0 0 0 0 0 0 0 0 0 0 0 0 0 0 0 0 0 0 0 0 0 0 0 0 0 0 0 0 0 0 0 0 0 0 0 0 0 0 0 0 0 0 0 0 0 0
0 0 0 0 0 0 0 0 0 0 0 0 0 0 0 0 0 0 0 0 0 0 0 0 0 0 0 0 0 0 0 0 0 0 0 0 0 0 0 0 0 0 0 0 0 0 0 0 0 0 0 0 0 0 0 0 0 0 0 0 0 0 0 0 0 0 0 0 0 0 0 0 0 0 0 0 0 0 0 0 0 0 0 0 0 0 0 0 0 0 0 0 0 0 0 0 0 0 0 0
0 0 0 0 0 0 0 0 0 0 0 0 0 0 0 0 0 0 0 0 0 0 0 0 0 0 0 0 0 0 0 0 0 0 0 0 0 0 0 0 0 0 0 0 0 0 0 0 0 0 0 0 0 0 0 0 0 0 0 0 0 0 0 0 0 0 0 0 0 0 0 0 0 0 0 0 0 0 0 0 0 0 0 0 0 0 0 0 0 0 0 0 0 0 0 0 0 0 0 0
0 0 0 0 0 0 0 0 0 0 0 0 0 0 0 0 0 0 0 0 0 0 0 0 0 0 0 0 0 0 0 0 0 0 0 0 0 0 0 0 0 0 0 0 0 0 0 0 0 0 0 0 0 0 0 0 0 0 0 0 0 0 0 0 0 0 0 0 0 0 0 0 0 0 0 0 0 0 0 0 0 0 0 0 0 0 0 0 0 0 0 0 0 0 0 0 0 0 0 0
0 0 0 0 0 0 0 0 0 0 0 0 0 0 0 0 0 0 0 0 0 0 0 0 0 0 0 0 0 0 0 0 0 0 0 0 0 0 0 0 0 0 0 0 0 0 0 0 0 0 0 0 0 0 0 0 0 0 0 0 0 0 0 0 0 0 0 0 0 0 0 0 0 0 0 0 0 0 0 0 0 0 0 0 0 0 0 0 0 0 0 0 0 0 0 0 0 0 0 0
0 0 0 0 0 0 0 0 0 0 0 0 0 0 0 0 0 0 0 0 0 0 0 0 0 0 0 0 0 0 0 0 0 0 0 0 0 0 0 0 0 0 0 0 0 0 0 0 0 0 0 0 0 0 0 0 0 0 0 0 0 0 0 0 0 0 0 0 0 0 0 0 0 0 0 0 0 0 0 0 0 0 0 0 0 0 0 0 0 0 0 0 0 0 0 0 0 0 0 0
0 0 0 0 0 0 0 0 0 0 0 0 0 0 0 0 0 0 0 0 0 0 0 0 0 0 0 0 0 0 0 0 0 0 0 0 0 0 0 0 0 0 0 0 0 0 0 0 0 0 0 0 0 0 0 0 0 0 0 0 0 0 0 0 0 0 0 0 0 0 0 0 0 0 0 0 0 0 0 0 0 0 0 0 0 0 0 0 0 0 0 0 0 0 0 0 0 0 0 0
0 0 0 0 0 0 0 0 0 0 0 0 0 0 0 0 0 0 0 0 0 0 0 0 0 0 0 0 0 0 0 0 0 0 0 0 0 0 0 0 0 0 0 0 0 0 0 0 0 0 0 0 0 0 0 0 0 0 0 0 0 0 0 0 0 0 0 0 0 0 0 0 0 0 0 0 0 0 0 0 0 0 0 0 0 0 0 0 0 0 0 0 0 0 0 0 0 0 0 0
