0 0 0 0 0 0 0 0 0 0 0 0 0 0 0 0 0 0 0 0 0 0 0 0 0 0 0 0 0 0 0 0 0 0 0 0 0 0 0 0 0 0 0 0 0 0 0 0 0 0 0 0 0 0 0 0 0 0 0 0 0 0 0 0 0 0 0 0 0 0 0 0 0 0 0 0 0 0 0 0 0 0 0 0 0 0 0 0 0 0 0 0 0 0 0 0 0 0 0 0
0 0 0 0 0 0 0 0 0 0 0 0 0 0 0 0 0 0 0 0 0 0 0 0 0 0 0 0 0 0 0 0 0 0 0 0 0 0 0 0 0 0 0 0 0 0 0 0 0 0 0 0 0 0 0 0 0 0 0 0 0 0 0 0 0 0 0 0 0 0 0 0 0 0 0 0 0 0 0 0 0 0 0 0 0 0 0 0 0 0 0 0 0 0 0 0 0 0 0 0
0 0 0 0 0 0 0 0 0 0 0 0 0 0 0 0 0 0 0 0 0 0 0 0 0 0 0 0 0 0 0 0 0 0 0 0 0 0 0 0 0 0 0 0 0 0 0 0 0 0 0 0 0 0 0 0 0 0 0 0 0 0 0 0 0 0 0 0 0 0 0 0 0 0 0 0 0 0 0 0 0 0 0 0 0 0 0 0 0 0 0 0 0 0 0 0 0 0 0 0
0 0 0 0 0 0 0 0 0 0 0 0 0 0 0 0 0 0 0 0 0 0 0 0 0 0 0 0 0 0 0 0 0 0 0 0 0 0 0 0 0 0 0 0 0 0 0 0 0 0 0 0 0 0 0 0 0 0 0 0 0 0 0 0 0 0 0 0 0 0 0 0 0 0 0 0 0 0 0 0 0 0 0 0 0 0 0 0 0 0 0 0 0 0 0 0 0 0 0 0
0 0 0 0 0 0 0 0 0 0 0 0 0 0 0 0 0 0 0 0 0 0 0 0 0 0 0 0 0 0 0 0 0 0 0 0 0 0 0 0 0 0 0 0 0 0 0 0 0 0 0 0 0 0 0 0 0 0 0 0 0 0 0 0 0 0 0 0 0 0 0 0 0 0 0 0 0 0 0 0 0 0 0 0 0 0 0 0 0 0 0 0 0 0 0 0 0 0 0 0
0 0 0 0 0 0 0 0 0 0 0 0 0 0 0 0 0 0 0 0 0 0 0 0 0 0 0 0 0 0 0 0 0 0 0 0 0 0 0 0 0 0 0 0 0 0 0 0 0 0 0 0 0 0 0 0 0 0 0 0 0 0 0 0 0 0 0 0 0 0 0 0 0 0 0 0 0 0 0 0 0 0 0 0 0 0 0 0 0 0 0 0 0 0 0 0 0 0 0 0
0 0 0 0 0 0 0 0 0 0 0 0 0 0 0 0 0 0 0 0 0 0 0 0 0 0 0 0 0 0 0 0 0 0 0 0 0 0 0 0 0 0 0 0 0 0 0 0 0 0 0 0 0 0 0 0 0 0 0 0 0 0 0 0 0 0 0 0 0 0 0 0 0 0 0 0 0 0 0 0 0 0 0 0 0 0 0 0 0 0 0 0 0 0 0 0 0 0 0 0
0 0 0 0 0 0 0 0 0 0 0 0 0 0 0 0 0 0 0 0 0 0 0 0 0 0 0 0 0 0 0 0 0 0 0 0 0 0 0 0 0 0 0 0 0 0 0 0 0 0 0 0 0 0 0 0 0 0 0 0 0 0 0 0 0 0 0 0 0 0 0 0 0 0 0 0 0 0 0 0 0 0 0 0 0 0 0 0 0 0 0 0 0 0 0 0 0 0 0 0
0 0 0 0 0 0 0 0 0 0 0 0 0 0 0 0 0 0 0 0 0 0 0 0 0 0 0 0 0 0 0 0 0 0 0 0 0 0 0 0 0 0 0 0 0 0 0 0 0 0 0 0 0 0 0 0 0 0 0 0 0 0 0 0 0 0 0 0 0 0 0 0 0 0 0 0 0 0 0 0 0 0 0 0 0 0 0 0 0 0 0 0 0 0 0 0 0 0 0 0
0 0 0 0 0 0 0 0 0 0 0 0 0 0 0 0 0 0 0 0 0 0 0 0 0 0 0 0 0 0 0 0 0 0 0 0 0 0 0 0 0 0 0 0 0 0 0 0 0 0 0 0 0 0 0 0 0 0 0 0 0 0 0 0 0 0 0 0 0 0 0 0 0 0 0 0 0 0 0 0 0 0 0 0 0 0 0 0 0 0 0 0 0 0 0 0 0 0 0 0
0 0 0 0 0 0 0 0 0 0 0 0 0 0 0 0 0 0 0 0 0 0 0 0 0 0 0 0 0 0 0 0 0 0 0 0 0 0 0 0 0 0 0 0 0 0 0 0 0 0 0 0 0 0 0 0 0 0 0 0 0 0 0 0 0 0 0 0 0 0 0 0 0 0 0 0 0 0 0 0 0 0 0 0 0 0 0 0 0 0 0 0 0 0 0 0 0 0 0 0
0 0 0 0 0 0 0 0 0 0 0 0 0 0 0 0 0 0 0 0 0 0 0 0 0 0 0 0 0 0 0 0 0 0 0 0 0 0 0 0 0 0 0 0 0 0 0 0 0 0 0 0 0 0 0 0 0 0 0 0 0 0 0 0 0 0 0 0 0 0 0 0 0 0 0 0 0 0 0 0 0 0 0 0 0 0 0 0 0 0 0 0 0 0 0 0 0 0 0 0
0 0 0 0 0 0 0 0 0 0 0 0 0 0 0 0 0 0 0 0 0 0 0 0 0 0 0 0 0 0 0 0 0 0 0 0 0 0 0 0 0 0 0 0 0 0 0 0 0 0 0 0 0 0 0 0 0 0 0 0 0 0 0 0 0 0 0 0 0 0 0 0 0 0 0 0 0 0 0 0 0 0 0 0 0 0 0 0 0 0 0 0 0 0 0 0 0 0 0 0
0 0 0 0 0 0 0 0 0 0 0 0 0 0 0 0 0 0 0 0 0 0 0 0 0 0 0 0 0 0 0 0 0 0 0 0 0 0 0 0.0880910093143863 0.266692422837213 0.276795903435569 0.270582218102635 0 0 0 0 0 0 0 0 0 0 0 0 0 0 0 0 0 0 0 0 0 0 0 0 0 0 0 0 0 0 0 0 0 0 0 0 0 0 0 0 0 0 0 0 0 0 0 0 0 0 0 0 0 0 0 0 0
0 0 0 0 0 0 0 0 0 0 0 0 0 0 0 0 0 0 0 0 0 0 0 0 0 0 0 0 0 0 0 0 0 0 0 0.13266986376485 0.235522966944021 0.403344521195684 0.429758244049447 0.5065994042042 0.537830297138147 0.527388695403873 0.510950202529776 0.321630725516702 0.377684391432809 0.338678737617177 0.321394090184071 0 0.00672443033159187 0.170984931202884 0.326988797827542 0.426953195585233 0.480549132660092 0.391458048814522 0.272088416907078 0.102290705066046 0 0 0 0 0 0 0 0 0 0 0 0 0 0 0 0 0 0 0 0 0 0 0 0 0 0 0 0 0 0 0 0 0 0 0 0 0 0 0 0 0 0 0 0
0 0 0 0 0 0 0 0 0 0 0 0 0 0 0 0 0 0 0 0 0 0 0 0 0 0 0 0 0 0 0 0 0 0.195205952663484 0.437084674334775 0.507392057911808 0.521629177147185 0.534741732181336 0.611907540174598 0.678252558071225 0.63136861138675 0.582906794922318 0.454084556285219 0.471586665431511 0.428600494045374 0.443248219912993 0.494497846721661 0.138541137012199 0.108980448220591 0.366002037695609 0.50111757546943 0.625973853643126 0.628859426338241 0.596174845420086 0.639954529893263 0.542413599264497 0.036441167868653 0.170110144183576 0.235981586412318 0.0544086877131119 0 0 0 0 0 0 0 0 0 0 0 0 0 0 0 0 0 0 0 0 0 0 0 0 0 0 0 0 0 0 0 0 0 0 0 0 0 0 0 0
0 0 0 0 0 0 0 0 0 0 0 0 0 0 0 0 0 0 0 0 0 0 0 0 0 0 0 0 0 0 0 0.0990896649755908 0.344210324325942 0.523332009678519 0.556440508922381 0.571700120525732 0.524124583255666 0.548965156752577 0.671801936595915 0.704834811647946 0.632148144590816 0.472717496769958 0.448000087417693 0.497864040583586 0.552902378949803 0.536108710711423 0.532585677528468 0.414293551098256 0.341191271599325 0.425867730762068 0.483992590904149 0.61856576034816 0.723415634328433 0.685728967616237 0.632570256435205 0.439234168466437 0.104766225105906 0.531454028420053 0.565149370003872 0.519608789497476 0.439319804421111 0.147133462037491 0.0185261077725017 0 0 0 0 0 0 0 0 0 0 0 0 0 0 0 0 0 0 0 0 0 0 0 0 0 0 0 0 0 0 0 0 0 0 0 0 0
0 0 0 0 0 0 0 0 0 0 0 0 0 0 0 0 0 0 0 0 0 0 0 0 0 0 0 0 0 0 0.292049373964371 0.461891181568313 0.455817017903719 0.55785585479113 0.634459743470319 0.682953700650458 0.615474771715218 0.649209184858727 0.747209197118399 0.75039228120545 0.605072364803665 0.4624385071251 0.4770605851605 0.520008564530423 0.576924091680235 0.542134960352915 0.535820183918901 0.453390896485926 0.462023149976068 0.476838394812655 0.518066633462581 0.572364496910729 0.7233942500256 0.693559163914774 0.481084050660342 0.0538381054138413 0.33131348143693 0.546571303067617 0.624358683277465 0.623825594548361 0.568278326622421 0.556544995599263 0.426537827324229 0.0669636491973795 0.13197766983926 0 0 0 0 0 0 0 0 0 0 0 0 0 0 0 0 0 0 0 0 0 0 0 0 0 0 0 0 0 0 0 0 0 0 0
0 0 0 0 0 0 0 0 0 0 0 0 0 0 0 0 0 0 0 0 0 0 0 0 0 0 0 0.0370947553138553 0.109396284425992 0.461983714455818 0.617311501933897 0.408788620446716 0.437652600680164 0.526877067980808 0.628239434116275 0.700381004838428 0.747656366807658 0.758687320593212 0.758104374847897 0.687708754261656 0.567205682956247 0.497555002914339 0.517262557692491 0.521176431752333 0.568427006036912 0.569187107600465 0.562431948550549 0.498819668652521 0.516342294621825 0.511821151747252 0.526535614994446 0.561183195807985 0.667256993373849 0.651246906436015 0.524938903927727 0.293699755631498 0.459457397131241 0.584336635747175 0.673806327126495 0.681118385362733 0.661993080771537 0.595557308058147 0.454491312128275 0.414039449705451 0.56415700887229 0.512822493283639 0.373225034667859 0.112043705791766 0.0727731407189788 0 0 0 0 0 0 0 0 0 0 0 0 0 0 0 0 0 0 0 0 0 0 0 0 0 0 0 0 0 0 0
0 0 0 0 0 0 0 0 0 0 0 0 0 0 0 0 0 0 0 0 0 0 0 0 0 0 0.0559880086828695 0.436255190180477 0.553463997972569 0.557038330132152 0.627297154312723 0.419823397249489 0.475870763286048 0.542377477809856 0.596194121545626 0.627678830241421 0.691386946806213 0.761169769384079 0.76344889153313 0.659968753262319 0.505303969424711 0.503658141482401 0.551030330704712 0.461617571892654 0.533875861575092 0.59834492043016 0.592950043364606 0.489335571642308 0.542353020205435 0.554122016638688 0.581779358823052 0.515180952439068 0.68734605461048 0.71248888525978 0.616028264276796 0.492359045973963 0.54529462612462 0.652630724283116 0.682423956812765 0.678450592118591 0.622512033594991 0.541830577872159 0.344646987534089 0.475226283000957 0.614441102154732 0.563659330517478 0.51187374213691 0.559526924704726 0.588259178486468 0.516074129712923 0.0330184416957531 0 0 0 0 0 0 0 0 0 0 0 0 0 0 0 0 0 0 0 0 0 0 0 0 0 0 0 0 0
0 0 0 0 0 0 0 0 0 0 0 0 0 0 0 0 0 0 0 0 0 0 0 0 0 0.0281118693493324 0.463485725675039 0.541308444126595 0.658481732472798 0.650569549733706 0.62963328299018 0.376208222292338 0.426583690239849 0.461836126339808 0.487989990429005 0.495717206876515 0.627739975752725 0.738620227600735 0.70459204878978 0.621976346782419 0.495128072120642 0.498099942538157 0.538799529558304 0.459927265381607 0.501354686699312 0.618682755989148 0.598801263789291 0.530126286074188 0.544896136135217 0.579673151880127 0.563899100077764 0.566335887688331 0.695328648238631 0.731585716080633 0.66678740102774 0.583102684762811 0.626271611128922 0.666912842835831 0.678706084965426 0.624088911700498 0.583400314223002 0.411678262656026 0.267831195981947 0.490222703103417 0.640577602830801 0.607816825037613 0.597559694600636 0.660934105767914 0.683559995338 0.524582211660419 0.302882879606119 0.217361027028159 0.0131705094769071 0 0 0 0 0 0 0 0 0 0 0 0 0 0 0 0 0 0 0 0 0 0 0 0 0 0 0
0 0 0 0 0 0 0 0 0 0 0 0 0 0 0 0 0 0 0 0 0 0 0 0 0.191047529111666 0.4646255361099 0.561205418076691 0.60963770406743 0.57713947567864 0.499180650643354 0.471468397213749 0.432367532110366 0.268857720200603 0.368067738426787 0.391581723239949 0.460740848598402 0.589664205332794 0.689493381501976 0.696126175598616 0.604125495287964 0.433721461984129 0.439835506704142 0.55858466371319 0.418494992645859 0.460969985651613 0.593268118383103 0.61563507459366 0.565198056747845 0.541250280713234 0.616175543323713 0.568991632995744 0.578460290663101 0.724999379300444 0.70082117196809 0.755534266231085 0.728750417801298 0.705507338139365 0.698463518188587 0.643023523024023 0.58194075612169 0.464881688964815 0.470647218477905 0.381009239563875 0.436618961983575 0.663515676311921 0.676484273489919 0.58029865232685 0.715961229695767 0.627667063724414 0.464009079180357 0.51102311971061 0.529600697622416 0.572264139193598 0.100388602287166 0 0 0 0 0 0 0 0 0 0 0 0 0 0 0 0 0 0 0 0 0 0 0 0 0 0
0 0 0 0 0 0 0 0 0 0 0 0 0 0 0 0 0 0 0 0 0 0 0 0.376269637310014 0.47836360379365 0.395796203374321 0.503056120115359 0.688005323163282 0.621208904631724 0.490752594208858 0.439611340613242 0.293192337905392 0.293420318000922 0.373476564255834 0.414688476417046 0.470796117269176 0.576144997851718 0.683173050709437 0.708296530641754 0.612802810378038 0.512207086293848 0.435171954847172 0.537358361277535 0.474250411744882 0.402981919921099 0.520135894858507 0.660670401200456 0.667529046348263 0.625483686657532 0.643215196191318 0.608398162911061 0.593834403683476 0.655606530839294 0.699892786484007 0.747742576789596 0.714445952177805 0.704841364482615 0.719658979432344 0.638768566012112 0.592251363829597 0.526863657566508 0.467862938315123 0.509057469915597 0.474245078666504 0.60015349275829 0.724151835416914 0.621241739931942 0.699124924481808 0.637566344847746 0.531461012574905 0.588139284983257 0.540535085102346 0.552775632673862 0.507119834234971 0.400552270263314 0 0 0 0 0 0 0 0 0 0 0 0 0 0 0 0 0 0 0 0 0 0 0 0 0
0 0 0 0 0 0 0 0 0 0 0 0 0 0 0 0 0 0 0 0 0 0 0.351428606602154 0.440125422699626 0.577938906049967 0.474865104437718 0.379224436106359 0.600938234236583 0.663672742245017 0.607642900372893 0.461207645728293 0.345565802964718 0.37496126258909 0.414504620118905 0.436826439208569 0.479870548405173 0.559240550009598 0.694865988455628 0.685193668255003 0.630469205389313 0.576552020240122 0.444895032861738 0.489337284301121 0.514236202597045 0.340557298237943 0.435357363577837 0.546077027583458 0.699003570875253 0.629142265618351 0.663333490347635 0.651243396226049 0.626144586400514 0.596515919266752 0.685104624338449 0.733845192346906 0.714209817952326 0.718714745675397 0.70596894319026 0.657668173411712 0.650513087984935 0.517986135315688 0.459510031172259 0.575979754308977 0.492146987100498 0.567522258190238 0.722953226367398 0.620185769528646 0.677139457900037 0.719235907784495 0.680714244087209 0.58992685895964 0.53455892992682 0.558608831155425 0.551839962600937 0.521870821583904 0.458629624621737 0.294537615301867 0 0 0 0 0 0 0 0 0 0 0 0 0 0 0 0 0 0 0 0 0 0 0
0 0 0 0 0 0 0 0 0 0 0 0 0 0 0 0 0 0 0 0 0 0.127648530613938 0.419441169378598 0.455342165438132 0.525244150364859 0.614138580998279 0.374190269969606 0.499364125380341 0.623932680761863 0.56213940624734 0.534992639353402 0.371534133163085 0.430825428918119 0.41759161868933 0.419992744056539 0.497996490536697 0.562730199716008 0.656877646426748 0.678983854789578 0.63699610379739 0.538591748546958 0.454854105716243 0.478873324591195 0.548658450278595 0.36784868990586 0.360956579159024 0.487031194933295 0.590682643916355 0.60504798615153 0.651840291590957 0.678605605073393 0.641315882117868 0.53915988446624 0.657655224951538 0.715545121958382 0.706450047747611 0.707153779241187 0.723916404935375 0.682255232890541 0.659724692779555 0.50475612485715 0.484564260361404 0.651052392482541 0.494230338591075 0.598243277452689 0.70886180590449 0.653441815548489 0.64065964838098 0.752585686865212 0.7316312132196 0.589926718359908 0.547461734680647 0.551635670548074 0.552376208191333 0.531216106072286 0.490876413454254 0.44366183118989 0.296010616841017 0 0 0 0 0 0 0 0 0 0 0 0 0 0 0 0 0 0 0 0 0 0
0 0 0 0 0 0 0 0 0 0 0 0 0 0 0 0 0 0 0 0 0.34373445644855 0.310209360335494 0.360520273327232 0.48083245619931 0.50136763505282 0.654111075726759 0.458292499059815 0.419100449370299 0.586909580104999 0.566513707925361 0.589622033159461 0.42253856167579 0.395285793340807 0.423536389631149 0.438126326131453 0.491472572697221 0.57201770840583 0.657851317064144 0.68307670227688 0.630914522574308 0.49956530131627 0.443651209599464 0.458698640959294 0.541942824127432 0.470380687600377 0.304855611762879 0.419585724803701 0.512868701216204 0.592490418979335 0.661986338133602 0.592973389769011 0.561748778832808 0.475166010554898 0.641668072446043 0.731879093210685 0.690492018630988 0.686425214210403 0.698527928377031 0.694425864305466 0.700499451732246 0.558940232885831 0.605587381787675 0.670961222810957 0.634353695833862 0.717770782237978 0.701934469514449 0.59802504574035 0.677145433845814 0.692466414921813 0.716532217011038 0.608908265467855 0.563273787047481 0.55900745617299 0.549788904430581 0.540153561562059 0.512018885004613 0.505493613179294 0.464506652333333 0.405534726164095 0.275288089861981 0 0 0 0 0 0 0 0 0 0 0 0 0 0 0 0 0 0 0 0
0 0 0 0 0 0 0 0 0 0 0 0 0 0 0 0 0 0 0 0.352005175093463 0.532694619810543 0.503766740753409 0.453318641395933 0.422964786247291 0.484193572104545 0.636496741139624 0.576188879120247 0.438416839519956 0.493536131786705 0.57291712824215 0.589766525819894 0.512872745769152 0.41786136586678 0.466788799368659 0.452674657991178 0.492171942167763 0.6122237647141 0.663373255199375 0.694877523475401 0.643835135053928 0.528001096003563 0.413606123250233 0.381256345657993 0.503976572943578 0.544430991446988 0.384452473876371 0.324584545360951 0.42778345666817 0.564184747383717 0.59398592656465 0.526711351044352 0.52078156387807 0.435812868811789 0.653473644847757 0.690544070143663 0.664955978389399 0.626363058050556 0.628703577700497 0.669420383367829 0.668823469146576 0.690934037957384 0.68232942700899 0.681839122832822 0.679517794614178 0.715204320664304 0.662946116118013 0.585410630695137 0.667721990549829 0.687271664840137 0.685563351452897 0.578464724462702 0.553359020145536 0.548466844002009 0.516588723376703 0.502731315048294 0.520802040253171 0.495502500391201 0.44949689126242 0.485095266813676 0.479823605703388 0.276663910829854 0 0 0 0 0 0 0 0 0 0 0 0 0 0 0 0 0 0 0
0 0 0 0 0 0 0 0 0 0 0 0 0 0 0 0 0 0 0.218300663719923 0.51606821018103 0.55819437453815 0.582176178996692 0.523959877388184 0.428979630361618 0.450628461282793 0.641115740235373 0.67789329796859 0.505382463469919 0.435918184818055 0.569772680821984 0.57804344265211 0.612513328604194 0.480462638293945 0.492413881957288 0.493760848715042 0.535787478917521 0.657537141277852 0.682051760880881 0.695013538140683 0.643281183984785 0.535820879901153 0.392802281037278 0.308709722892079 0.459236051312696 0.512475376962046 0.480226788510856 0.312475408802561 0.358679567649589 0.553752045723616 0.51245675225589 0.44334834461671 0.429276695798648 0.448744334473267 0.658501872515927 0.671525308921561 0.605568725669054 0.541914166984264 0.584018674063456 0.634269865052461 0.688541624238044 0.734813365318101 0.675532315898796 0.676506079536538 0.663466141259622 0.705526223506919 0.64889612478567 0.548250559311156 0.6045122903139 0.656584293685823 0.641074002584976 0.535144697240413 0.556121192409188 0.563740073683259 0.518893722312536 0.49942150806872 0.53364134223235 0.493370941972494 0.475220768115113 0.509357233969559 0.544814185427797 0.554193803244377 0.329837392643374 0 0 0 0 0 0 0 0 0 0 0 0 0 0 0 0 0 0
0 0 0 0 0 0 0 0 0 0 0 0 0 0 0 0 0 0 0.434607454079149 0.497538150119998 0.547262818360816 0.597330965081075 0.597442572733515 0.421971597324671 0.427020534245599 0.546608607526546 0.682886101721419 0.649434090169733 0.541755061026568 0.571264689062035 0.589498545163467 0.665160253607031 0.642463581336286 0.581934542885468 0.594231669904144 0.64998717658155 0.659861323924851 0.691330760586981 0.698814291650579 0.67679773320195 0.537076575252829 0.402466606619442 0.269905855065414 0.406394017492875 0.424290617935797 0.483476838189539 0.395101145692636 0.384265570091217 0.526493501005376 0.44617581260359 0.415405799487543 0.320856850448241 0.502960757843864 0.623209391988996 0.6050798400117 0.561672767285223 0.485791050234677 0.530909457580317 0.561448792756194 0.67174251896966 0.716951998509335 0.705702829564077 0.678956888608374 0.705024349324507 0.698550522173355 0.636069486149646 0.526799296440301 0.562851993347805 0.632026321937537 0.618594534330849 0.545756803239501 0.564211331474592 0.567602781187552 0.543032015517448 0.559519582827893 0.542508149201838 0.498857813541726 0.509894109953657 0.535388143013544 0.556122752903312 0.576189397328949 0.52676026276369 0.337452017380224 0 0 0 0 0 0 0 0 0 0 0 0 0 0 0 0 0
0 0 0 0 0 0 0 0 0 0 0 0 0 0 0 0 0 0.268153193057802 0.463958963662389 0.493573217158376 0.523977942855911 0.630445715102076 0.636363002636841 0.489229638669105 0.388612379900932 0.416896770341192 0.544313344460036 0.698890737394176 0.669825723898286 0.664502662770206 0.665605850500937 0.67446543057546 0.658555044291077 0.659244857793627 0.663464419886744 0.669772226754222 0.674268397529592 0.685523480187207 0.68421343408724 0.698921101506147 0.597159202543129 0.470454785705511 0.285000691625566 0.371095113121029 0.411457626470911 0.422137178850629 0.445171586644904 0.45998995050819 0.461522378359261 0.426351479306699 0.45279277353724 0.306203208151743 0.537249813102346 0.58781486541568 0.530472379955789 0.50974347085074 0.450494756046664 0.487060886911192 0.510344786446494 0.611295910220637 0.695469236549658 0.704227659962256 0.701346439321746 0.702437110085645 0.67261454678335 0.594169898958418 0.522321973102308 0.530345052060245 0.613121861715226 0.606622727025015 0.585600753311801 0.606602397777057 0.61479790641241 0.591155195244345 0.605616723488744 0.580619500708872 0.561085928282389 0.570629852468081 0.581898882300281 0.583412590016466 0.547773310284781 0.543642674328098 0.530475390364568 0.215143903810394 0 0 0 0 0 0 0 0 0 0 0 0 0 0 0 0
0 0 0 0 0 0 0 0 0 0 0 0 0 0 0 0 0.0486320202052142 0.497103443147484 0.504053840775042 0.483738292898766 0.537110687262786 0.649024057437656 0.66786148157176 0.579542128028818 0.463491964376747 0.411856153006603 0.520026701956882 0.679701752581707 0.673359543319058 0.688377001378236 0.679019743455912 0.67087535776908 0.683795829658664 0.684444749110599 0.650599796242872 0.669961850140434 0.666865605777943 0.675342622186399 0.696585742483949 0.67463480045632 0.634187248661493 0.510470772345738 0.425413950995862 0.425631824828298 0.45608159150389 0.506855311629494 0.471872427405567 0.451749836454595 0.414516482235722 0.453212611450112 0.470707468168074 0.420068427618428 0.537899005974741 0.562040668064001 0.486151559330494 0.494006504084119 0.483456697281999 0.463963546545139 0.478332255464156 0.561762611461887 0.62047155790671 0.659134664947468 0.691319780700379 0.68522455399176 0.661032869454139 0.582710377945036 0.540793307719532 0.541877794900375 0.619993907416955 0.625845783099617 0.636177013855396 0.662685244805002 0.657744723139489 0.658861362265069 0.656457650123766 0.644194328746545 0.668279068615152 0.645088194775679 0.651101915967805 0.614814975107187 0.587497118495087 0.523541127735195 0.549034991637934 0.51499676863869 0 0 0 0 0 0 0 0 0 0 0 0 0 0 0 0
0 0 0 0 0 0 0 0 0 0 0 0 0 0 0 0 0.226457759872764 0.507140447470258 0.552595877432596 0.509616383416535 0.542074874631351 0.661108929667774 0.69806577943446 0.671376933999912 0.600435908784663 0.55796606781934 0.609303685512188 0.676460300474994 0.683523767454171 0.691748756238995 0.675461599344954 0.650884823450477 0.650071054701907 0.66300513999132 0.649754022975927 0.660524260837383 0.678170283740334 0.669572346081693 0.685766881231238 0.681209427204037 0.66701999884773 0.557364145555466 0.518477424694309 0.493368064422538 0.574303002246748 0.521309738221517 0.441762889135138 0.423068554168715 0.462231436396879 0.559187026517628 0.562887336102736 0.5017821458149 0.557088135818433 0.593257632569578 0.551867700800677 0.539848763824754 0.624318674584318 0.511586969556561 0.469872377430435 0.515000608963518 0.556289607160502 0.589024398368735 0.611668249226352 0.642238663991407 0.646345159237481 0.624086389347168 0.604525425281776 0.615926029449477 0.645420177696252 0.654170086162912 0.681691112835192 0.666582016886098 0.649084785714238 0.661619438535021 0.668345973438985 0.68818858758387 0.676937232301412 0.705143825030576 0.682672201820682 0.648867022803432 0.602001106304458 0.558207467879938 0.535918439646066 0.508664512148739 0 0 0 0 0 0 0 0 0 0 0 0 0 0 0 0
0 0 0 0 0 0 0 0 0 0 0 0 0 0 0 0 0.466103177528191 0.516193770912091 0.577952652150698 0.542925203216871 0.520402594131283 0.661400301628095 0.696120714074203 0.691427077976942 0.682587746424941 0.686982049638122 0.685296163364156 0.695593141857949 0.69972505573787 0.669061800111276 0.668959380445511 0.661607107348622 0.643698765516173 0.661130359159618 0.645782420736305 0.648056048129615 0.67958956738791 0.675112394176177 0.665799136445352 0.676745795022667 0.693791499445669 0.625996367092194 0.560096105055219 0.581383825231995 0.547429892409676 0.489764585975511 0.447047127950966 0.48114394893984 0.555519766732665 0.654961299908362 0.668160335206575 0.552817642218841 0.616826180048115 0.668510251371199 0.660445564356599 0.612287660194428 0.648632546451273 0.570973420387715 0.488430351960351 0.525091531456572 0.565148390483813 0.584469683064908 0.581286405856859 0.604017964976514 0.614873371929458 0.636336291243475 0.641758652259802 0.684071970527084 0.678870204418181 0.685527572278591 0.670481009041348 0.666199858739492 0.656856773781658 0.66763706735411 0.68534047443738 0.692555666646035 0.672717369990407 0.669893878966205 0.645749355861613 0.648988752236109 0.668853886088728 0.658258616415847 0.605810285716288 0.538096436440376 0.321744284932418 0 0 0 0 0 0 0 0 0 0 0 0 0 0 0
0 0 0 0 0 0 0 0 0 0 0 0 0 0 0 0.357977373143428 0.490404716161311 0.504417308909537 0.599553904695723 0.592441980415445 0.535005073667189 0.652864185952816 0.686421909202406 0.698099858591268 0.673517302681347 0.716103772357763 0.676807529990066 0.67734566923428 0.682082033470594 0.660527256136984 0.662806098719808 0.673791051507743 0.668903977160772 0.682074471056813 0.685727766820879 0.686466759633304 0.672460834457806 0.675844092695917 0.686694089713423 0.672591262491844 0.674018012595296 0.68236766365595 0.669512589650754 0.652024811561228 0.541366493346309 0.470106665255165 0.521450239155025 0.602417715937562 0.669260054151177 0.68745310421951 0.691796348494895 0.669421758111996 0.659495380278668 0.679216841192674 0.676610936724247 0.657911051740746 0.676535022306507 0.66611056147994 0.65436700481704 0.657751554699524 0.635670835516986 0.6332027416934 0.59837372241754 0.620919281300922 0.616874079791817 0.637884916644761 0.66252907858081 0.694823505375638 0.679167797100744 0.680574025043032 0.679156873459022 0.665794712979892 0.654291505007543 0.683184980993492 0.693455860631443 0.663032050563485 0.643639702251225 0.623846208403557 0.625004315736886 0.658297927313418 0.611714360882399 0.586082940535301 0.540248405525806 0.456651537756242 0.121686329046554 0.0240567423407946 0 0 0 0 0 0 0 0 0 0 0 0 0 0
0 0 0 0 0 0 0 0 0 0 0 0 0 0 0.0248910807169324 0.359376944393621 0.493682247168445 0.504143999263367 0.614466543548626 0.626577722174895 0.601684991293001 0.65157708350834 0.696063696010622 0.691295695573873 0.684936397161497 0.708398390471345 0.682238545781853 0.646762364412187 0.656251091310256 0.643223817789473 0.682237373549452 0.677794335286421 0.686585538742058 0.707005581038895 0.686199772963348 0.653523556458988 0.664842471605768 0.65753354737935 0.68819869017114 0.682329521038594 0.67640521800439 0.694299119996613 0.673898517478773 0.69124698546449 0.615687087768888 0.523600663982432 0.633604806690329 0.701480659266683 0.677774183360415 0.656231665095859 0.69292260486743 0.699385603989832 0.707748830171049 0.689559443316154 0.688212792731868 0.702489506110331 0.680458447309954 0.677448102635034 0.706646443492804 0.673471322841013 0.67741323009046 0.671776664019778 0.653982472742248 0.642749024630221 0.63355252604924 0.665219679504755 0.68979242308656 0.691547003456424 0.680444993949402 0.680543434542718 0.678623686944838 0.673948825560859 0.679112788653623 0.672602030894262 0.680898466858104 0.686755548698297 0.645772942268832 0.632891886693372 0.62271579968162 0.585749943001531 0.5085907747273 0.449159583560564 0.431572663929264 0.343905123711585 0.316040403510677 0.367504506410798 0.103060723164229 0 0 0 0 0 0 0 0 0 0 0 0 0
0 0 0 0 0 0 0 0 0 0 0 0 0 0 0.336855170486733 0.527204677909751 0.427857829230642 0.490387137286186 0.594967614039604 0.649896936925887 0.643117019034103 0.656655690558629 0.659817284984476 0.684785281804276 0.671983357553919 0.686026719177218 0.655171779529712 0.680699000340833 0.665295919993743 0.672014224769568 0.664110935039754 0.655554232563672 0.671107193332556 0.683394229171691 0.685622081484732 0.645837679676917 0.540140575020712 0.440947478437662 0.520257259115738 0.641315163989939 0.654441725048562 0.691148648594923 0.67799359997348 0.696479411248732 0.690211965150006 0.660882664881086 0.691706797259275 0.691423092835609 0.676009612796072 0.642842890900392 0.66423654148623 0.67217339659564 0.684924314245223 0.657079323373899 0.671982877918162 0.696480238165663 0.652698146463707 0.661936780488875 0.657239486630613 0.697196334897049 0.679836248151768 0.67927441646872 0.674055470636743 0.668128089697687 0.647659405852814 0.67147000925529 0.684610086121908 0.652726477471904 0.672863444762158 0.67216291596027 0.682162968074264 0.691357593678021 0.68055989269338 0.672923754699956 0.683283887433551 0.704084319219186 0.670773709891895 0.597624606644626 0.602608591741353 0.542509702921974 0.443596738752797 0.404603692703836 0.397810320909165 0.398148963070738 0.438492121458465 0.453395146749931 0.461888038412225 0 0 0 0 0 0 0 0 0 0 0 0 0
0 0 0 0 0 0 0 0 0 0 0 0 0 0 0.477183790043966 0.52211537380002 0.441357003363749 0.381898084521888 0.470285841014306 0.605946846103192 0.649338295890957 0.708133530400052 0.670206979142932 0.68658020412949 0.673255812671885 0.674594696247172 0.662343541297445 0.657671856056383 0.651549959113649 0.650945571698549 0.652837149301357 0.669495473993815 0.641019106213418 0.671839702374514 0.706831203356451 0.726851291364548 0.597555273071787 0.504069870971735 0.488570437294454 0.293204295739767 0.431079961215523 0.608923085215218 0.66128446756814 0.711568267290321 0.719739544334187 0.695735769327781 0.699669341550629 0.665246961187569 0.647372157242576 0.624566557463699 0.620093990157963 0.617665789814316 0.630184136929644 0.634248292429989 0.59815695379658 0.613414508058025 0.637028431676032 0.62227456026428 0.64689301420914 0.658632286814977 0.648028163487058 0.672640689278082 0.686012030734401 0.675608773407523 0.661570777371511 0.672712844915126 0.67300901892788 0.67108912482069 0.677325602873855 0.67595952667084 0.69798157185032 0.697212118394517 0.704984981819115 0.683122284087927 0.670921330897764 0.680776802710604 0.663771404889384 0.551850373914444 0.459545878112765 0.452250083214079 0.413618784680325 0.402128377296423 0.44019369984409 0.451607720580168 0.469101688232976 0.488527508456957 0.527477304591085 0 0 0 0 0 0 0 0 0 0 0 0 0
0 0 0 0 0 0 0 0 0 0 0 0 0 0.177640052618787 0.453294017287855 0.519930341446124 0.535967432092224 0.507350882756618 0.355861175266981 0.468056575621035 0.627838455421839 0.710254320966294 0.704592134992588 0.695888352950378 0.667232978152406 0.67332392390836 0.639267288879865 0.57624298732929 0.614683214344331 0.664148942529208 0.661387749843796 0.674364153688407 0.662201443748803 0.682923775394559 0.66703103289299 0.699550855119716 0.523642077365897 0.278904351439197 0.154674445557908 0.345051682793006 0.237578812372776 0.0828238823865147 0.391347646770076 0.665087010110447 0.689063421033806 0.712581978173241 0.716080015011933 0.668825577758845 0.647084331365266 0.643653801542707 0.613665560195514 0.598414070936316 0.605332035440453 0.598577113694837 0.578151062399595 0.587040247490771 0.636098853936804 0.61504319840759 0.626507051167464 0.66084173073511 0.667830825784885 0.668554089927587 0.693709423257392 0.672397926389441 0.674565994013346 0.673119796081072 0.679297841020568 0.687317067690454 0.680337027620306 0.696263610590494 0.697305299340732 0.704543051180708 0.695188236972499 0.678111438136506 0.661223044791548 0.677001641646224 0.665956554992925 0.589495614459176 0.464440693866108 0.424145967948453 0.403383739885286 0.427895807343291 0.471559341766593 0.491030838023085 0.50698092151976 0.537897541775143 0.576270899588662 0.0634521392600622 0 0 0 0 0 0 0 0 0 0 0 0
0 0 0 0 0 0 0 0 0 0 0 0 0 0.438379391317416 0.476511576042574 0.521761789766053 0.586588952000878 0.631645535095464 0.580071952411862 0.519747503949554 0.601938244488994 0.69822695269418 0.703490801062738 0.692169999177424 0.681003122307028 0.685314270027843 0.582361424002558 0.468713932949902 0.550390240518688 0.600299695228718 0.585177101201054 0.601001234893868 0.671603984962633 0.666708473378033 0.673427882843087 0.682392087530343 0.663711412929374 0.283607150730198 0.0028705398226455 0.0143399650415123 0.0165403979417031 0.00518346682336985 0.0120252146995503 0.229851270978857 0.658630552040962 0.727113540067599 0.6926656788913 0.666323505382564 0.615659095171956 0.606381180527142 0.578304132232458 0.60125925835719 0.606761297315129 0.607200572029353 0.639918070293328 0.625644052178049 0.633134580864129 0.646795373294119 0.658014907537695 0.66082517255661 0.656849170020229 0.669596529480895 0.667881385536557 0.680399000088713 0.675569203988801 0.681214955426604 0.694056820325466 0.690786745241973 0.68376990574903 0.691832175808845 0.688833985197853 0.690487339948255 0.67923690598497 0.693645609876691 0.663055227407628 0.683102362377775 0.689019743748205 0.674884685209866 0.615376733262681 0.551663883910524 0.522580959733227 0.497097347209306 0.501688229845267 0.540058342326992 0.575377552566148 0.616592186527538 0.559502197053678 0.0591657415001272 0 0 0 0 0 0 0 0 0 0 0 0
0 0 0 0 0 0 0 0 0 0 0 0 0 0.664197572799731 0.4626089042106 0.303676524318395 0.585577390494674 0.660143426175665 0.675897485704807 0.669321583410983 0.686217628856491 0.702471312340638 0.699455232548378 0.671363090406393 0.683250615769368 0.645590221961563 0.467883098866536 0.427867178003949 0.510092028193532 0.55120667515156 0.547600398685907 0.528568113735509 0.57382503217575 0.650637997439294 0.666965565724141 0.667966816455843 0.700069807725682 0.605209535866286 0.0415523703595905 0.00049950143993307 0.0000692207071359046 0.000291122010745672 0.0000123516613326051 0.00353408949360394 0.227634400114059 0.681330370244578 0.67690580303038 0.650309648753619 0.623480119511435 0.575141681003787 0.600969844452056 0.637031557630486 0.642577894594363 0.64187082009612 0.638446368537034 0.654299452668691 0.666399901155185 0.6615063430987 0.676195684179998 0.666504439868486 0.655162938882392 0.656018663820742 0.658790889191076 0.618341265141872 0.666095192948115 0.674341873112149 0.680003120169551 0.690909424756258 0.706931915249956 0.68460311768437 0.686008221319184 0.695747841520651 0.674872289213439 0.693225648522777 0.710053824348467 0.686606157800343 0.704107964313523 0.698685162239923 0.705733801312474 0.705424504055416 0.672065301391768 0.64023610332418 0.629337375227019 0.675214172597393 0.698772652860235 0.675161223722466 0.519963091470283 0.435877323522927 0 0 0 0 0 0 0 0 0 0 0 0
0 0 0 0 0 0 0 0 0 0 0 0 0.0686533206622817 0.638819000415914 0.601070235277922 0.477169495408124 0.478333217307431 0.542100133424015 0.634326099400254 0.705917828909397 0.717849956656173 0.694876938319195 0.676109370200027 0.63697008251133 0.564269887135107 0.540438249664375 0.45452200637104 0.398713917386354 0.47329243296841 0.572643230436501 0.594703305424964 0.519216709655401 0.488983336488063 0.575629292591734 0.688796560028949 0.668497613137514 0.683405080218148 0.698325601578624 0.588404568201621 0.0419160186512175 0.000776153037741384 0.00000612150008265562 0.00000115581270691094 0.0000931380935787757 0.0013257124470666 0.183083602064238 0.578066671928166 0.680629903640089 0.663444961024218 0.651376993453086 0.643545971214236 0.672789927445462 0.670001122369476 0.659082934525984 0.623477112207054 0.649747195530154 0.683636047493497 0.684093108583676 0.674113540715907 0.665137269152461 0.687430927002673 0.664303609135126 0.621433821205004 0.646006393112619 0.647267203038614 0.682353149660641 0.68566225411116 0.698972816339147 0.707194924174554 0.700354135694257 0.704817911863738 0.689858441955871 0.688662389414991 0.701173434196122 0.690962662236322 0.692233070634659 0.706958844804526 0.694132492100062 0.736886449323976 0.717250391749842 0.712307146558792 0.707395737148706 0.720483834092205 0.741830981423148 0.727500904409138 0.61945826294527 0.451820616361849 0.414835806789043 0 0 0 0 0 0 0 0 0 0 0 0
0 0 0 0 0 0 0 0 0 0 0 0 0.0628326573244182 0.636664434216015 0.671020990121836 0.638810358767309 0.572878122653347 0.534524499797085 0.56344005637842 0.687530067319866 0.720450627692418 0.702996528616484 0.684131109015161 0.627080806043351 0.571178547755038 0.592867178238062 0.631054853210589 0.463131256037715 0.47563089478398 0.581900143694434 0.532084120723327 0.42367588221359 0.402861115724457 0.555178035904742 0.697164998041777 0.70101726857591 0.698954886261832 0.684579188086691 0.678837495155698 0.650092908588953 0.190975849320206 0.000823482080702863 0.0000912887622418179 0.00000354505567564116 0.000117136743323668 0.00132886007216194 0.320492558384331 0.518176760548414 0.664525513429507 0.649889311709341 0.660339679390054 0.654444028797401 0.663785183823872 0.66809547541095 0.684929162848391 0.640614082511663 0.671220355572313 0.691651055403964 0.667145010840043 0.645503307814561 0.658872427332146 0.631999861989344 0.615760566652552 0.559604925091051 0.586742002299997 0.631236700312007 0.629470336455536 0.67159527941828 0.67685753755643 0.678121336829505 0.677684016122701 0.692355781961754 0.693645626828284 0.686598696438118 0.689199524939802 0.681125450029689 0.702493154407143 0.69254323405068 0.710288713854332 0.725570328632897 0.712163802543706 0.710037765846477 0.726698629510008 0.760286244203738 0.729842407831927 0.644201853814733 0.563675731394003 0.484679676874952 0.336502232216775 0 0 0 0 0 0 0 0 0 0 0
0 0 0 0 0 0 0 0 0 0 0 0 0.467034178174089 0.639755962072261 0.675913829787882 0.64620949052628 0.598709812283787 0.57268980302434 0.55759469755487 0.668503984836573 0.69273117484475 0.655293996581477 0.644132079870334 0.710235820235202 0.699865560295254 0.698903232617753 0.638250483384307 0.505297256933793 0.503864978930542 0.544399611128063 0.436935455225296 0.429658696999292 0.489674168161192 0.65290094590501 0.72688426782692 0.725894867788377 0.690985478806809 0.666091915308969 0.660734256884643 0.674288868395459 0.619568477957886 0.265203997362219 0.00876633515479178 0.0000538119083342491 0.000162203668288234 0.000968832873217207 0.127184323751109 0.370241625591456 0.555375140778432 0.638842701174701 0.653996736863284 0.641731103710948 0.649603122186509 0.652542097025008 0.693691184620072 0.655138830405715 0.662311161119182 0.700563305869083 0.661703196604794 0.669852791320829 0.633278976765969 0.598099035276048 0.564106961396192 0.471762222179217 0.451636416355155 0.493808803289953 0.60966158550607 0.699044623701777 0.681251609999648 0.666367421154104 0.672503210738741 0.66775754357683 0.638544403124656 0.623334014844093 0.585154926447234 0.580610213990975 0.584912316002415 0.616509705109321 0.682950996568622 0.707370615969124 0.717138526116508 0.712677994570946 0.746191923372647 0.755510515625997 0.762337934198782 0.745800915863965 0.650930231628556 0.537007949420446 0.367230750452323 0 0 0 0 0 0 0 0 0 0 0
0 0 0 0 0 0 0 0 0 0 0 0 0.595861989600085 0.668919320450141 0.586900336916556 0.500644118748758 0.535137419309195 0.533169750149553 0.563106092416813 0.685443213936507 0.690733844681236 0.505573490017107 0.601610253699844 0.671097777795293 0.699413575975277 0.638885943924899 0.55709588565558 0.508989466039906 0.479097500642905 0.496743051215339 0.405519729891313 0.477003372964673 0.621579164356954 0.731032704950126 0.716873970011652 0.712355167429435 0.690464815497344 0.659691375233723 0.651610229852359 0.651991470532237 0.644361694316544 0.613812086430714 0.17493922593017 0.00270256823415416 0.000141096120115998 0.000604163040900494 0.303948408542672 0.40157799146655 0.439478250645011 0.579194787495145 0.683709946979483 0.646191082306532 0.65269920568687 0.621635934674042 0.637603784383323 0.644930737300532 0.666435424096812 0.625539944981641 0.638744814415169 0.645073814593647 0.612572345386284 0.515428753966176 0.38480534186863 0.248927985495672 0.375065573345226 0.59492179565984 0.702444438076496 0.7032577944014 0.697651015603667 0.65737198513341 0.641106473204984 0.576122366921748 0.491310473396622 0.4904024122123 0.461157385535809 0.450023671535746 0.449641597717673 0.474138182443972 0.635071059030887 0.674493679924548 0.699177466076588 0.721766336282599 0.747717639197559 0.755873955294505 0.771895951522571 0.745113407406869 0.608264910482786 0.464683081375378 0.307014086336665 0 0 0 0 0 0 0 0 0 0 0
0 0 0 0 0 0 0 0 0 0 0 0 0.509923382645242 0.641242414532496 0.531728667160083 0.50995184535833 0.541636091155937 0.529680149052396 0.574950362861346 0.6923527882663 0.648886508113603 0.472939630651279 0.56311394942981 0.612780750981494 0.603781088224975 0.608972706916383 0.562991922812997 0.491489084282735 0.499834259732074 0.457257291328198 0.453831209614425 0.544869711856436 0.679707185777274 0.707349982326679 0.655322736778727 0.690818064912925 0.694452336869346 0.659187177120422 0.656916194206165 0.609483741673674 0.662715378836875 0.651038167933231 0.637562248579762 0.0654730489555957 0.000605626715572926 0.00141421272022531 0.0913225395422543 0.533055214856356 0.633459062928327 0.625778157638432 0.6493171773501 0.632226616202903 0.641679700493867 0.626636682120595 0.616964110628562 0.587681549135988 0.609884408696781 0.575361318310336 0.599248473989493 0.514120595872266 0.378761840739964 0.221054050361746 0.1979294425057 0.323862484860344 0.557819083084891 0.692416889286604 0.70281191558353 0.682407869280981 0.675049513525147 0.659087193008125 0.635344524311165 0.533379035670574 0.457531530950809 0.461949506157569 0.410231687832355 0.390856130812442 0.395767108333689 0.411826181166723 0.549050479875411 0.669844996591118 0.652008476108407 0.683816065985237 0.685374500878983 0.689430466896504 0.702126389214736 0.735654594266929 0.632714835772209 0.452632365666137 0.173821935475508 0 0 0 0 0 0 0 0 0 0 0
0 0 0 0 0 0 0 0 0 0 0 0 0.334465632964626 0.595330827166002 0.495172472827304 0.474487177653059 0.645543558089732 0.653777640066957 0.626560275937642 0.698645659660655 0.631002409402273 0.385497087699762 0.516019491402603 0.633372143272092 0.586416717803581 0.538978501179367 0.584316539624145 0.53721965867024 0.514149994903578 0.430629953786302 0.47985249945822 0.614610643176453 0.659264429467296 0.568143185180996 0.583625554030492 0.668273022991497 0.682425003932791 0.634870921518929 0.653629237781998 0.675657204808163 0.637530074121559 0.642917561536348 0.672292471284386 0.612944333514313 0.0154350402868724 0.00365588633203521 0.00132286454119631 0.189044420583434 0.714877953259315 0.697162121926964 0.694160361440886 0.683222024069296 0.653616149133517 0.67273118725126 0.667076536732526 0.497418549724065 0.281282311895353 0.406764643022807 0.295436181603566 0.141480676214075 0.036593529120023 0.0000981814865464311 0.252914749393126 0.50266059167475 0.691936028667629 0.712661520394054 0.645306412234936 0.601675617379055 0.590795168139249 0.640510121873049 0.635115167478751 0.557781260289812 0.506582709673909 0.46994534069863 0.416892171227191 0.390177586370287 0.339879385122472 0.37602336186406 0.501053786763223 0.586488719522872 0.588211931228811 0.601623381342392 0.572516538463286 0.605380044271683 0.622505258529185 0.641900400659921 0.69257364336967 0.605677795167734 0.349047992962232 0 0 0 0 0 0 0 0 0 0 0
0 0 0 0 0 0 0 0 0 0 0 0 0.0693765713158814 0.537221071271165 0.556636972846587 0.496734319864725 0.547001741137961 0.649593182411835 0.662775661120456 0.594204372682714 0.560796458908129 0.468355285692324 0.468329223296884 0.664216258642168 0.647910869286356 0.590792776540513 0.591280734764096 0.579581848359249 0.492526119008802 0.451118625611432 0.509831565081873 0.647338607304626 0.582749131239494 0.508128150533364 0.543086581434751 0.58491365825776 0.621947288995951 0.590900065681364 0.637112642228814 0.689875992784054 0.654972541991246 0.641738434333819 0.660609392807693 0.652606213251461 0.385831261621754 0.0734978478699674 0.0334725337145825 0.0131223124125522 0.372375262667446 0.581546951808574 0.642807464448614 0.6592331816588 0.676482266066348 0.69035734702451 0.687689471526975 0.522851126040452 0.0147448735829771 0.00189828453280964 0.00762347447987415 0 0.00162640055127432 0.086226896322311 0.3866426491272 0.633286659355007 0.726902891827971 0.687826351955031 0.54917937724165 0.505407697971117 0.554829784291839 0.593765390766852 0.639035673009705 0.614908104113952 0.551611199730913 0.50400615383846 0.450698028865058 0.41611068222316 0.369554868179855 0.37241445812376 0.445155440083148 0.533344105033164 0.599325313853135 0.567278380934845 0.514758377359176 0.573587857594536 0.569995876572341 0.563390536523958 0.560472575293223 0.635572343532789 0.22480647599839 0 0 0 0 0 0 0 0 0 0 0
0 0 0 0 0 0 0 0 0 0 0 0 0.0382566716094148 0.499834006864917 0.526331406408475 0.572329600330271 0.556336266419371 0.596853385471616 0.67637938919102 0.492188622954755 0.519170833980718 0.602836143143871 0.575403038679445 0.700149975784032 0.669223480266167 0.692094894720866 0.632234042139525 0.593508352867539 0.468874228094363 0.470219104380701 0.578263661395405 0.614669868202573 0.543437477073721 0.488852562189643 0.484874538509941 0.495234810024405 0.509713717577947 0.527357780224509 0.562358541397739 0.665172477095332 0.684038722401471 0.658804419768165 0.67671480785756 0.669116616871159 0.707877720123305 0.382998478550507 0.314461764186283 0.0210427853309517 0.0284721781223726 0.230064563009233 0.521261114164638 0.584074346936295 0.624057224081475 0.6586320524904 0.620871315116726 0.479999445842062 0.0228109567402404 0.000271078837808019 0.00152570557973085 0.00336563440990264 0.000690489881102807 0.284389552607736 0.529944780291724 0.673417233024247 0.708115886319403 0.632463548214393 0.557889897322687 0.48350528810547 0.485497633654801 0.498153027960888 0.550815845834087 0.559899579194042 0.5215756680302 0.502243567752015 0.450015461302215 0.398262456962318 0.353664508516552 0.35500368186684 0.427978778757727 0.461323329120347 0.524536529849239 0.538792763480153 0.478115295309724 0.518174297961331 0.51698687703275 0.513955453506448 0.484273479979415 0.536110303188744 0 0 0 0 0 0 0 0 0 0 0 0
0 0 0 0 0 0 0 0 0 0 0 0 0 0.220487389381743 0.510388445213758 0.555500825666029 0.568454117174534 0.586507704801902 0.657738650376938 0.570622793167675 0.509360797171781 0.622174262701962 0.633846076795636 0.702318258252795 0.580228859872424 0.688457389520549 0.692285817150197 0.636695961147452 0.461040521117638 0.537868902298368 0.545037932446411 0.531688850965946 0.503517822778176 0.481295900133767 0.40717820625184 0.418114821026664 0.44762284542643 0.484831183005396 0.556689088576391 0.67879352876903 0.681847225471459 0.681466510365781 0.683231584643322 0.680849127457697 0.737097095441364 0.531469395142709 0.471396774121603 0.344226537035208 0.277015828715571 0.444606510186944 0.608875709419407 0.604668467972142 0.598271003179425 0.616883719164363 0.560397860165049 0.352688356186377 0.0704431617588776 0.000959556897172947 0.00103562381628476 0.00388715607129721 0.125716134580701 0.447123601990163 0.608736542586138 0.708618187821328 0.715922649340255 0.670891450154862 0.548725859472247 0.433669966647044 0.380087898259243 0.367858442671365 0.378715035829271 0.409386243608763 0.431641437785061 0.440630488880796 0.410754621936384 0.365315350955473 0.342037859912791 0.329682797456621 0.39917858640902 0.430512915533605 0.48345179639999 0.468441778486878 0.437539071026359 0.437809022440241 0.412383353871862 0.407281775482081 0.42158364754156 0.465488135796268 0 0 0 0 0 0 0 0 0 0 0 0
0 0 0 0 0 0 0 0 0 0 0 0 0 0 0.510477135090387 0.685756680778538 0.511015456934447 0.566344910048919 0.60273318917945 0.558563427270307 0.519038892669608 0.558772320545558 0.536401868393352 0.64599090539185 0.553608273509367 0.584091871514927 0.619657325475192 0.549767289087656 0.523950463889351 0.507020474708616 0.480933633680511 0.414456305964361 0.390487776882259 0.345317776693584 0.274255579207564 0.263110857640014 0.332150516136332 0.396062991921056 0.437788022345128 0.636167935701526 0.650677024577414 0.666590709268966 0.675641249675292 0.679615424872289 0.712038827286078 0.332084080923375 0.0247996919850786 0.465822628442017 0.656536919523248 0.794852948118565 0.814470006354527 0.824425184656975 0.771458157034176 0.769892254815987 0.678125242217865 0.374139273808948 0.0832927525136357 0 0.000654336894205141 0.0766945339983823 0.438728295790388 0.579429615720663 0.689139544451935 0.743501154342977 0.726456476917518 0.693801013728006 0.631613072079223 0.535137515247708 0.43507396523315 0.373700937545575 0.368665427547945 0.367862946511095 0.378577473568148 0.374286360396334 0.385654383611138 0.331331699367528 0.26783147499926 0.237099443445192 0.366457711411043 0.410117631914483 0.431765701852903 0.412097064628723 0.3380304627767 0.324458860233703 0.369474748187037 0.394252877888656 0.359224938317228 0.337028912108323 0 0 0 0 0 0 0 0 0 0 0 0
0 0 0 0 0 0 0 0 0 0 0 0 0 0 0.383941135949868 0.203019055695951 0.563709847958738 0.516369921462188 0.477319307080865 0.373350374842577 0.326731553126961 0.374225484080407 0.319908244558534 0.540400031851596 0.509669398428578 0.364993301121473 0.505237818709904 0.435224720061826 0.39777613810757 0.45695986438185 0.421130983555777 0.305055639627658 0.305209473996502 0.279626505143438 0.313178294255503 0.258279926306975 0.222935374932413 0.332639295861118 0.280837542320802 0.588568097495946 0.631194275888659 0.666109753153382 0.666865833755195 0.686960287481127 0.70266061762231 0.49050648861546 0.140577925884383 0.440779768356344 0.490450620169689 0.67848488094626 0.783975415311961 0.817883261453332 0.858057004314739 0.843239071584625 0.756625428919504 0.450238181651597 0.146945160414619 0.00851579197677105 0 0.0192448470739032 0.525009550331314 0.614385866963252 0.694373187230924 0.752997181642786 0.741515588499425 0.678447452700663 0.568177066063589 0.53716284958904 0.392899390897954 0.33884096612848 0.355843700342789 0.362306587614734 0.339940028235201 0.358154277084288 0.38012289246686 0.296592170639142 0.222207411886484 0.196602361113712 0.408734112577919 0.418193539006895 0.440979283404599 0.437960297319341 0.407495740879248 0.352968701315943 0.400794730541698 0.427446953078178 0.389970349085077 0.405048351919873 0 0 0 0 0 0 0 0 0 0 0 0
0 0 0 0 0 0 0 0 0 0 0 0 0 0 0.562861694495245 0.312013027280167 0.571579976186869 0.476702252062894 0.454124106143878 0.404846274586392 0.364012834466701 0.452557536937907 0.411694064777114 0.506459177710022 0.554892335258827 0.585237673707774 0.588846966735591 0.56590105712863 0.559046140689998 0.556455824421776 0.530554224170299 0.473879041367513 0.507886136169711 0.468869159757707 0.42815066558173 0.407909845054513 0.353889832011885 0.316977963822028 0.339338081262202 0.605927141237541 0.657351121873548 0.668805238205836 0.666905324657992 0.696878256776925 0.696637478202719 0.60555297231514 0.483545863167742 0.422259369755353 0.319196335549512 0.535342344479208 0.655335894984566 0.706823373091702 0.735682453655947 0.790524664871831 0.852980006212675 0.62209427100557 0.217514559779297 0.0171740161103114 0.000326764025134337 0.00010921364301546 0.1462729235524 0.481778293697237 0.619806982759881 0.709624627030312 0.735479138582552 0.684599996486946 0.546978738444879 0.506531661582113 0.40528442991848 0.367330697165692 0.402303615971452 0.366955122971156 0.345208311128551 0.376665089255812 0.40149890722274 0.366083395109381 0.366636772474376 0.413421720853677 0.456268550902932 0.443001147146481 0.472813057945276 0.471372803864065 0.519006061811962 0.486734385310593 0.464993806915353 0.473454842927702 0.485334385990069 0.447545788557596 0 0 0 0 0 0 0 0 0 0 0 0
0 0 0 0 0 0 0 0 0 0 0 0 0 0 0.568793749781127 0.53702332164264 0.548290461183082 0.655772875016568 0.646247448021209 0.611994177826524 0.553392570471363 0.586848206923974 0.540770924170343 0.597877841729551 0.572265620608682 0.614222383891351 0.617810456631349 0.649573016796554 0.562766774126036 0.575405910788046 0.559996087973409 0.555947754550402 0.538170513061302 0.525337023942405 0.536995351271039 0.519160582117747 0.498887392249261 0.507791206439517 0.480046117612031 0.687539268109239 0.647241358863945 0.657586668875993 0.650737050247366 0.675619295221537 0.722947892918459 0.551764619956272 0.24900344538851 0.290699563773178 0.619035408023483 0.589555431288045 0.564681766130791 0.644827143505926 0.618476688525269 0.638690809785806 0.685816438686182 0.674227925075924 0.324164605104758 0.00864744453546773 0.000844700252649948 0.000382831532088766 0.0049912220722863 0.212595353658558 0.462394436434946 0.645309861060656 0.751401683708672 0.680544226433004 0.631528924416479 0.566989293351695 0.528199722168828 0.5323520392627 0.53749646695657 0.503405317731624 0.438699044371755 0.39443803631215 0.399274989155385 0.390154294745142 0.408477265844982 0.410731228929295 0.40545748110376 0.449937305621867 0.485901431308353 0.445675591051931 0.468486146100045 0.515024618584299 0.50067018029087 0.539605282929396 0.600078093900607 0.507517470309153 0.285564718283693 0 0 0 0 0 0 0 0 0 0 0
0 0 0 0 0 0 0 0 0 0 0 0 0 0.148166966144357 0.533501275528099 0.507079637402964 0.554749850927934 0.60319903533977 0.648688541132875 0.636072440460385 0.561265032892491 0.567620640417818 0.569292410803339 0.613823056752001 0.587542718547418 0.608278982014771 0.593367667847788 0.613560700882796 0.602400474493621 0.512756737337878 0.503361328952008 0.55206647960301 0.572126964221042 0.590639447777844 0.619103443833194 0.635719781337605 0.619424732025743 0.66421147035243 0.583883510247091 0.661814586652911 0.655091992216591 0.648787705937549 0.654367553025227 0.663454613368466 0.655645909464277 0.323632245454167 0.217218173857078 0.405780182397317 0.759824470105129 0.548284224553741 0.539403311280516 0.65048886992203 0.645889086425061 0.625185484360372 0.629975877667815 0.561765136661953 0.147207169998836 0.121046533575044 0.00466762628358602 0 0.0000224331059331198 0.0252897988636062 0.292764215724769 0.478013332965726 0.67483534487717 0.745616186215907 0.668495086444123 0.630874679690105 0.622052589645767 0.602968442571764 0.640854851282287 0.6727870672045 0.621470165978223 0.576530239796131 0.563129913590511 0.519975398893006 0.476796297871455 0.424986506496296 0.409796187945837 0.504206109920438 0.618606683644673 0.481282975800904 0.49368433354153 0.523364304913189 0.546145689255641 0.617532127874223 0.63338455003902 0.524814138633253 0.338914630445569 0 0 0 0 0 0 0 0 0 0 0
0 0 0 0 0 0 0 0 0 0 0 0 0 0.388752579817943 0.52759925899774 0.525921797902596 0.562873804101585 0.583551209915999 0.614642230216298 0.633274784810208 0.549219589787508 0.584566363952055 0.564810135711933 0.606359798464297 0.601462165878926 0.574683639885153 0.597185952870996 0.573405410288682 0.575431721857446 0.513656336497871 0.484707859746142 0.512817568885225 0.523411669121187 0.48736966173862 0.509334966535391 0.535903832380283 0.598305372037121 0.637908722526422 0.656650858968007 0.651786788193767 0.619259996033407 0.638216571806822 0.648427849886042 0.667048012833286 0.397157388722631 0.450275044906415 0.150394612398637 0.156643669055258 0.551080660887453 0.555600331027758 0.589061023576748 0.630517140353597 0.630739052494169 0.637454275512695 0.556592682987443 0.5125522397395 0.326649205543496 0.343054067699139 0.140132804396495 0.0057865085198347 0 0 0.0402669637299535 0.324666518854738 0.534600770158115 0.71832540527981 0.752942402083042 0.744204304276517 0.7221016888328 0.688789141661462 0.717145429191295 0.62905544217491 0.582360540409928 0.588909711113097 0.607213836431655 0.550528301310701 0.427850460331276 0.442919907270753 0.442006494669107 0.611986451616604 0.616926228644899 0.486301936129078 0.495445642215904 0.568005258827019 0.598599630154104 0.672642790391864 0.619915110916643 0.497031868316886 0.327083988904848 0 0 0 0 0 0 0 0 0 0 0
0 0 0 0 0 0 0 0 0 0 0 0 0.0353066467686891 0.379983644044437 0.520927745266021 0.527509631186964 0.63990432191105 0.720036176254681 0.706755056944166 0.633146279328182 0.544517535396234 0.606549395563556 0.598000428382019 0.599942539558982 0.657904556907484 0.597206804090059 0.589203955337171 0.56870616861933 0.58240471053156 0.557720884678963 0.500013006927033 0.503987762383293 0.461425584870146 0.427003039270263 0.453229008454796 0.457647043296893 0.55528958576495 0.665950796029485 0.657843619231554 0.638101705202578 0.59967376086858 0.625525047117312 0.619372192805321 0.424424816201201 0.421033557525788 0.342508425826088 0.0282240624894021 0.37992332669404 0.600508162404881 0.654480361074066 0.626958042706157 0.633445310131182 0.642659223427515 0.622895209268023 0.525504160338275 0.480171884080469 0.511580221279177 0.438191067796483 0.374737819895007 0.123494945441061 0.131130460913346 0.111414930946915 0.136655344519354 0.331122725120957 0.446860707081896 0.608878068507156 0.75947443079245 0.759976807845813 0.747775663377067 0.707099617977549 0.729335571261357 0.633425606483878 0.578116068115789 0.581131439940409 0.578973800440307 0.472558308324757 0.424987955804895 0.442890274321443 0.503225931329162 0.710864573211601 0.583474224160879 0.462105237287399 0.515254150203614 0.616105572997382 0.652343302272636 0.668019114437787 0.597494826611117 0.48525450451505 0.33261547856065 0 0 0 0 0 0 0 0 0 0 0
0 0 0 0 0 0 0 0 0 0 0 0 0.0457804760476214 0.369767419434286 0.516833236413125 0.495847082648362 0.543381119039001 0.635856687707679 0.736147925110833 0.630405200746652 0.57369153179735 0.669793039914277 0.623844354353329 0.65978796104123 0.705471990767317 0.687273668815762 0.662867069703257 0.62624654522453 0.593861724745464 0.613336586011694 0.524286869171323 0.497161949923079 0.480203079961292 0.4645236945209 0.526230474065296 0.535500797938393 0.646004463033033 0.692838708788387 0.641302947417617 0.609482291361445 0.611451846258065 0.629192748419457 0.46341625511803 0.249778921867575 0.312953422108639 0.0156532820443151 0.16213733577971 0.507531570905564 0.592436682401805 0.649249332500359 0.643750054362293 0.677150682987 0.646511926755762 0.663673270728293 0.580530816485543 0.543747889545319 0.560114812340306 0.544525842840652 0.489456022672442 0.361890040074444 0.350430099697174 0.297541203830355 0.285707760004364 0.34056020648487 0.37669169150901 0.51179300684641 0.699832931965997 0.778975967774324 0.756935874418795 0.744162228516844 0.742865576659491 0.668547860796735 0.624066504098803 0.597261514740753 0.578894077883187 0.467183707652739 0.449140486255149 0.456623260477268 0.650020019468915 0.753822350464699 0.577643939753398 0.544474441959142 0.626361921943323 0.67761167432012 0.748141274992554 0.644887108811192 0.515153342472028 0.415149780997242 0.313646912939877 0 0 0 0 0 0 0 0 0 0 0
0 0 0 0 0 0 0 0 0 0 0 0 0.042856697899831 0.386825018849418 0.548502144798386 0.541039614836303 0.514837051045283 0.536184824537917 0.727252276759552 0.697206362446817 0.647026137675365 0.679022937554746 0.696567660906181 0.69185012797989 0.629747017298078 0.651776860518072 0.686101164386211 0.630012665245136 0.560071945322031 0.510467789430484 0.542660582505623 0.493378698673672 0.504740784273221 0.466898783468626 0.520570057194069 0.666907836484628 0.675999512660736 0.67402100097684 0.614902098037089 0.625649320334886 0.620237667850836 0.551390628075307 0.278450029825978 0.156606171129617 0.206396541353901 0.00251757997277103 0.410201961231622 0.565411854456947 0.637754613653833 0.656109514386233 0.654025824160236 0.669322072746426 0.642013774461439 0.681619245614889 0.658836456679779 0.674225138854288 0.632529246284807 0.582938791310522 0.513998775251876 0.465167391437214 0.398479641374543 0.349306899851255 0.353467816176655 0.28286885599629 0.31717007340662 0.423050251687596 0.542357552360849 0.704267022180059 0.753773514188748 0.770875462487455 0.760008086472493 0.731084659037891 0.693449161856812 0.665253704713466 0.593717285454085 0.480151319430192 0.458268335083534 0.595624640348334 0.750495448254046 0.77834080623812 0.695237646586886 0.690004863848104 0.723263139832956 0.728351821428421 0.687892179062298 0.525827192655433 0.449907587828011 0.396752577914577 0 0 0 0 0 0 0 0 0 0 0 0
0 0 0 0 0 0 0 0 0 0 0 0 0.0283713410975327 0.413651201028083 0.57118156621087 0.582226588885306 0.59370259669681 0.580735204668085 0.723703707014405 0.707856165760125 0.690442060115778 0.687138152656434 0.679685702995339 0.647301633511897 0.603945381177711 0.600278493689192 0.594115580324925 0.622607115154638 0.516456631037521 0.508395145567601 0.489345105173714 0.517996709419628 0.485602755781633 0.442079762868582 0.486336294602763 0.613819374219537 0.667835635948095 0.639831096841376 0.598289299909581 0.605877642848586 0.620736681883712 0.363922313679795 0.00910870348454784 0.00212658227486778 0.0631136890136056 0.218608181351079 0.5571963281383 0.623628845630426 0.637179233527822 0.650479267300794 0.665990845874955 0.688358573217474 0.663118465020123 0.701894890743746 0.745899213430549 0.712422946698937 0.631030681172015 0.508836539508751 0.439323482448666 0.450463470324613 0.43197398588204 0.402700858745671 0.378307871599929 0.320280263373487 0.332883849062857 0.35415441825129 0.426397253055719 0.571729282941916 0.67974952516283 0.757793168111654 0.764080209457252 0.76174719528496 0.70599168468723 0.687704600456331 0.612455348347558 0.533521504796705 0.603063216481533 0.746656009419528 0.787466119121563 0.777657190904171 0.74162364306491 0.706236545204304 0.710587340574399 0.708280676710047 0.587733114578309 0.492403442989562 0.46069012258411 0.399164215863644 0 0 0 0 0 0 0 0 0 0 0 0
0 0 0 0 0 0 0 0 0 0 0 0 0 0.41176477038383 0.550821157699772 0.50660472283833 0.616875105081317 0.680323954973121 0.699617026921851 0.711691857825655 0.709249640396818 0.669709839931078 0.689922015161986 0.6568356548834 0.652835642838446 0.619277516108516 0.553207168386549 0.535579764852294 0.499300169747275 0.557066687417604 0.51682603407075 0.52175684421728 0.454954763702517 0.450603273581679 0.486396842019406 0.617929899536909 0.653900698788816 0.600163134636794 0.591978879949195 0.609623696747034 0.515367014026337 0.119672464703528 0.0063983989047614 0.00192330539485763 0.101790902251046 0.523213958400844 0.67288958801602 0.640312212437973 0.646489826154254 0.684448571317433 0.670515498466336 0.70294566596642 0.704443817554254 0.7346311289257 0.749468289537815 0.719888026615928 0.673289765641347 0.697207416314512 0.609285966823472 0.552700984138562 0.532901278219687 0.538017078861301 0.472080131492667 0.435087482383476 0.422029515876373 0.393724756778504 0.394886939601405 0.53273449695949 0.634438578589289 0.7322703747445 0.739908031772193 0.762878468708553 0.71941980308086 0.706431777244842 0.696743480429907 0.673498745872994 0.757141693381207 0.778058181402524 0.78202394906493 0.775255442877244 0.717032971461534 0.650960092864034 0.662984802433106 0.64145452142647 0.573476664137526 0.51396648411346 0.462487749153238 0.428432809723219 0 0 0 0 0 0 0 0 0 0 0 0
0 0 0 0 0 0 0 0 0 0 0 0 0 0.168246752555663 0.432106222918593 0.501475371711859 0.5920880109845 0.649139026650503 0.618435821788092 0.633212444503167 0.673047523319142 0.711764533571995 0.674571772093563 0.707852437269823 0.689847876565304 0.649759964798258 0.570561130244203 0.529657974305502 0.558527020122374 0.551686704120124 0.496653950136853 0.46765066220374 0.44834664549202 0.5105802408808 0.615395984752516 0.634166251394416 0.600399848288987 0.592964192553645 0.588950740579752 0.593389803230746 0.267967899722245 0.0012209333390796 0.000106423388346451 0.00396963780318061 0.226158233620763 0.656332631738415 0.68598959988643 0.670764077891775 0.65659479206932 0.70340654800422 0.654298954801347 0.705332408997496 0.735600758757312 0.748996432105855 0.747193584321273 0.736562512844256 0.655755637026114 0.699950748680831 0.632586841309313 0.579570608323798 0.539135632278504 0.485074667573116 0.532932058915299 0.523195369437515 0.432019381376552 0.385963710120328 0.455287285377479 0.568823146499724 0.634111407974943 0.698801314128749 0.713106240839185 0.728906377780411 0.763879285143118 0.746126492985584 0.730609732379819 0.771369609418221 0.765733584767886 0.796739956551447 0.783867970006443 0.741746523410625 0.666993851954754 0.627292677511457 0.623444585175932 0.585013237659594 0.563296895043524 0.566930053795439 0.501319878986928 0.421123230666179 0 0 0 0 0 0 0 0 0 0 0 0
0 0 0 0 0 0 0 0 0 0 0 0 0 0.128387264661402 0.458962962977842 0.499938436943674 0.611321891240948 0.556758836792103 0.480710376185739 0.556789537089205 0.58597693596146 0.686377455795087 0.706453000768661 0.694668126913617 0.693761404574096 0.711146635989043 0.611488354852359 0.576829354111736 0.53045560485452 0.498660480816842 0.458729879356935 0.452629215974327 0.478876376130827 0.60778649113569 0.656203591136266 0.609670025377105 0.58375626040479 0.619032729950159 0.590057534814974 0.422518341690596 0.234116509013408 0.0866870353161954 0.00432696191971272 0.0103682667274232 0.439090650220293 0.674094202760064 0.680273645764809 0.668483975784918 0.656657245952175 0.678031497185456 0.647507320693228 0.665218203520634 0.696329263985833 0.63147620779653 0.650392536866009 0.614743827533765 0.542760209458361 0.612506652790473 0.517961635808126 0.476936924512312 0.490157792468943 0.47563770883277 0.412497233418081 0.368274165279823 0.411901981435145 0.448666539408043 0.485168229047071 0.536511082798581 0.547158405122831 0.586694782779674 0.678071362099666 0.683032402248443 0.723138153997379 0.730399380570739 0.80057635984832 0.80303548435483 0.791660265265494 0.804294672567304 0.799079886619232 0.694426222879389 0.617645696428587 0.581965622988583 0.602532788976669 0.589096965207634 0.520088324391576 0.548196817979367 0.538916675210572 0.365480717552071 0 0 0 0 0 0 0 0 0 0 0 0
0 0 0 0 0 0 0 0 0 0 0 0 0 0 0.408867815669644 0.481975883885614 0.510614454154258 0.472245197235537 0.534920142680691 0.550157469733433 0.561427770641463 0.602293314611267 0.701415490779452 0.67522881115235 0.678627077882744 0.674132668403837 0.664764052091054 0.670746715405395 0.592527115380716 0.535478767675538 0.5127540655911 0.523866741130205 0.582524653818735 0.629223171343221 0.622144805901277 0.594540443091408 0.60645550745593 0.59497394033632 0.451425160231827 0.14004879526804 0.260849123429668 0.387439885894874 0.0105133284013549 0.217891731210261 0.603915391524598 0.683196685624783 0.708782193863116 0.680641169641108 0.68877122727514 0.636795753032253 0.63673595800759 0.647884875629578 0.642775471254851 0.499700156344754 0.484327610256561 0.551987368721774 0.560155990538249 0.55080180676807 0.563216829858365 0.528654846904822 0.495758283340655 0.486945171382176 0.504811251861531 0.493711164823405 0.532190647861172 0.493370967558499 0.478756454959546 0.485412892373216 0.459360837776229 0.502800853692884 0.598221365832978 0.600984147808198 0.650541188659529 0.697123820252489 0.737728087277613 0.799155064538236 0.798497357569767 0.809539281677994 0.782881654487433 0.670600161766713 0.612274610923736 0.560528035278598 0.582740413303869 0.601079448573545 0.489944382025554 0.471423530786404 0.520891934609986 0.34989488812073 0 0 0 0 0 0 0 0 0 0 0 0
0 0 0 0 0 0 0 0 0 0 0 0 0 0 0.200034153752407 0.329464449021473 0.457280632084844 0.536804484779057 0.538184944027465 0.519863158294498 0.526035612718441 0.554486727161382 0.671473358043475 0.689269125960493 0.703750673082293 0.66787105340252 0.65522509482198 0.668698424787344 0.659548820475519 0.642423045992581 0.610386357706133 0.602100340659565 0.611662251850393 0.591643823224179 0.611247016008388 0.624170345281115 0.615965205561309 0.536680561261343 0.150438342991818 0.069661398624303 0.193013292484917 0.467085349300349 0.438612387422969 0.530359128296619 0.685630655185667 0.684076056654866 0.704005061097216 0.691088165103117 0.570216224441147 0.594641842381238 0.554907848927155 0.546102235544891 0.552091454199862 0.58558998605639 0.559983414668752 0.612024015161875 0.589503357727356 0.479923656354534 0.547577671784181 0.561089007068275 0.528087027388966 0.54157928062297 0.572381524472577 0.777187620980103 0.759401378876439 0.63790926399941 0.555891656478904 0.567671216447842 0.471553274750158 0.438677655524532 0.49011577765369 0.52621238677743 0.588693858191256 0.6296973091877 0.67302030660843 0.721407328121066 0.7719530698952 0.815759794466397 0.79015992646358 0.673758829898981 0.639508148025741 0.587878991550995 0.59890856628141 0.603357333290907 0.478413571391407 0.472956483928388 0.475631068674607 0.0482567736001865 0 0 0 0 0 0 0 0 0 0 0 0
0 0 0 0 0 0 0 0 0 0 0 0 0 0 0.00428667749308413 0.342661059190747 0.561872229458277 0.634896810710837 0.578486624182911 0.540529232268608 0.529764978434614 0.554008049336077 0.603569883958675 0.619142157572548 0.681032962496044 0.708550918124732 0.655218898727133 0.641450013349882 0.669775713795486 0.676738902205832 0.662145830124117 0.645700838006046 0.637304931121148 0.617981099706123 0.643914603662686 0.657793490057559 0.615190029538743 0.419020512200354 0.14610020965216 0.279617667471861 0.462187838231183 0.589019808004122 0.661578317650004 0.641762065488146 0.671156071684807 0.698754288309853 0.707278290772925 0.63575436195654 0.466896642360609 0.438322672842114 0.473398191498952 0.471578142104666 0.527767781739445 0.595090810049008 0.596440569219187 0.583106427154333 0.542558339370817 0.529939077833594 0.577594376477533 0.574785422198988 0.599649102435501 0.689953377112877 0.947269675990319 0.997901163255828 0.996499713079355 0.967724136813837 0.827388558504208 0.667059940090518 0.592137242810098 0.449798035952118 0.424279517287272 0.460800937638388 0.537064681591254 0.560695118950953 0.594534817333108 0.628016923525027 0.73371320415121 0.818652682657194 0.810404531968402 0.701835259013754 0.647913604617195 0.629137978606499 0.647108726054715 0.615917188617916 0.492858543888461 0.447071636368607 0.414846700954913 0.00061628184965669 0 0 0 0 0 0 0 0 0 0 0 0
0 0 0 0 0 0 0 0 0 0 0 0 0 0 0 0.385884910586958 0.501497327530108 0.508080328859527 0.597957835344547 0.590597344574515 0.526171952118183 0.50055281086981 0.512543808274306 0.552974008513947 0.554180371816863 0.610352208095694 0.680258698854866 0.669562580941538 0.64900836978173 0.647341702082111 0.69046449355144 0.668354362183725 0.666041251052254 0.658042333563252 0.650685246137636 0.667622216366055 0.602441405870435 0.549273280119063 0.502376107800554 0.472166013737565 0.634314151254482 0.674245220883543 0.661740886984335 0.670632339218493 0.65121754600189 0.67509084390094 0.68053252608775 0.666394314163769 0.439148585042032 0.363570472242829 0.350694310293314 0.398993470860436 0.470729949303557 0.495125039658999 0.504380752631354 0.500018665250344 0.465988659141565 0.502778685512189 0.631034064542171 0.664057588358571 0.780438779800285 0.964523223159383 0.977409909283417 0.720656636649264 0.795163130746944 0.647285006263651 0.706916706473427 0.921829755709489 0.72026164559924 0.505819850661546 0.414142354343049 0.428859334772346 0.462877537762421 0.48946650114817 0.543637159708918 0.53848634824887 0.696376969507246 0.819493772343078 0.793282439829531 0.72651086945813 0.62660369817913 0.602221307301012 0.626367016778878 0.640339256177877 0.476910876378957 0.430306913489274 0.146211812534406 0 0 0 0 0 0 0 0 0 0 0 0 0
0 0 0 0 0 0 0 0 0 0 0 0 0 0 0 0 0.386219676137155 0.473689473440038 0.534691697983086 0.544509929824254 0.523224897518842 0.469096990707751 0.51546555138933 0.532783933353987 0.500278270891478 0.521301485215584 0.594202761699522 0.684508017659025 0.67672945042427 0.677809758506079 0.688530828131538 0.692829792397075 0.691733233437558 0.661686892939848 0.689644533591112 0.706850960397742 0.701323252764064 0.69379151010535 0.674949573367583 0.68510757671396 0.658571818998928 0.683082822004362 0.678114801283051 0.641734332476255 0.672749771235912 0.660400135144525 0.635127308525262 0.628401742271115 0.49378749624106 0.363241912095134 0.263990554707753 0.311013308063357 0.389055816546495 0.379776421882259 0.397401437058624 0.499421487236975 0.532795142514458 0.638999153964908 0.761386163321767 0.887904631792606 0.986876330089872 0.807254990692068 0.34028141716097 0.13444174926886 0.0951380927438691 0.179391941547091 0.287899492429161 0.482228137140536 0.960529379783626 0.634532797127618 0.407554298071877 0.399132380579993 0.389851991165999 0.408464036521964 0.473272533550773 0.488527255887635 0.635996543613456 0.71839024523416 0.750384210307589 0.70281623131626 0.607075424704117 0.599411626593286 0.611946382291416 0.578534512855506 0.467158885622999 0.0646895190958864 0 0 0 0 0 0 0 0 0 0 0 0 0 0
0 0 0 0 0 0 0 0 0 0 0 0 0 0 0 0 0.137271483090158 0.419656754024885 0.500747194342975 0.546264850604334 0.522070771184879 0.487728146248712 0.539284128266143 0.535820892098488 0.480669252157536 0.486912291767053 0.588791128940383 0.675427189539954 0.691820272098495 0.689255967329374 0.682682084092648 0.680860430890195 0.682346532633778 0.67369746076157 0.684499081231116 0.664708122402335 0.660712682501489 0.665095745299656 0.67096277421353 0.650794285244797 0.656898344153336 0.680392340453603 0.674021775968173 0.68534739962806 0.661238678546478 0.629361890961677 0.60371517200444 0.570571471087455 0.506417287666366 0.391620357535938 0.297276358010062 0.322249207249458 0.357389770261927 0.301250992569337 0.363702627194994 0.488741707786667 0.603454211677901 0.818449689161221 0.96936092904152 0.99235002617613 0.698909809013842 0.204561757298526 0.0225541012162948 0.00125768037238448 0.00121782884086958 0.0196159688953243 0.0905233376970951 0.148077227250044 0.692271028855473 0.910470153767036 0.509742537870335 0.34901637611268 0.358575881338098 0.359649144044963 0.386750289432146 0.461001566183443 0.573643866935103 0.613643791451543 0.62511894402004 0.69722545003523 0.631907639103914 0.594256782188883 0.584377566842777 0.495428217537664 0.422466465645686 0 0 0 0 0 0 0 0 0 0 0 0 0 0 0
0 0 0 0 0 0 0 0 0 0 0 0 0 0 0 0 0 0.259234001537154 0.500030562780989 0.555793651023584 0.546869378750767 0.538826390658191 0.546064427102635 0.505335279917533 0.503997681557564 0.535171509466462 0.650894331842632 0.685468755984382 0.694925860890766 0.695488121868727 0.700102601049339 0.686136824066813 0.692346637630592 0.680680328040831 0.657230231650721 0.64540417484486 0.662997168939827 0.64421631385779 0.644891999932565 0.632814332035461 0.673916146843659 0.680521959652686 0.703272938753008 0.690080575032349 0.669061113859186 0.620404086691587 0.569012224444139 0.554658191814241 0.520857719800259 0.369978510369272 0.34729817976707 0.346343292204467 0.369887056992263 0.349781238899111 0.422800914027093 0.513998114770031 0.783111741163728 0.999195319703423 0.986738873410149 0.640871843974023 0.109612262540632 0.00490362428225258 0 0 0.00639357811018838 0.0234469935322805 0.0591090349468383 0.0507816625483403 0.315734283139734 0.894343231003077 0.776340426808904 0.463175320729634 0.356662567824382 0.354108928641978 0.338272930883268 0.326323697564345 0.535119886162645 0.541123312764421 0.546276488843615 0.61578638675255 0.627134049715586 0.57393616124247 0.557971664511826 0.471870562012716 0 0 0 0 0 0 0 0 0 0 0 0 0 0 0 0
0 0 0 0 0 0 0 0 0 0 0 0 0 0 0 0 0 0.0438299581222063 0.473801802242381 0.58219457873164 0.567957080098905 0.558717848565044 0.536284653000868 0.497480963011477 0.506530991430365 0.57207953729478 0.648001014244713 0.674272842518048 0.696400243906514 0.686751170385831 0.69730003131134 0.692564245317332 0.684181768014763 0.691575619810211 0.675447077306747 0.673605811703579 0.663158995290956 0.660677126461519 0.622220073354672 0.650609499908738 0.661656900089522 0.678111895192303 0.691690660273222 0.659933769006508 0.574555456786776 0.614679347526145 0.553955614220355 0.568636073240192 0.506621377384776 0.400323276808259 0.314640328552827 0.37460609270772 0.364010646617472 0.394299533525727 0.48070960784926 0.660247607752957 0.958370303064902 0.998975719560995 0.848401625967694 0.16409194326656 0.00130958491585311 0 0.000173680429759893 0.00043280329474444 0.000827533004262125 0.0079321501813472 0.0835102029064484 0.0834875012638896 0.0603548144828395 0.665093920817397 0.94621519229593 0.621189893155091 0.41926445531304 0.381151437195074 0.318939044501833 0.240726662261866 0.389437883501229 0.538721642049615 0.582562103617803 0.541401816293211 0.572478365195365 0.529835361492141 0.481065783493312 0.411985116760003 0 0 0 0 0 0 0 0 0 0 0 0 0 0 0 0
0 0 0 0 0 0 0 0 0 0 0 0 0 0 0 0 0 0 0.179615663674071 0.55944870322873 0.583977036532325 0.56256315461244 0.521009468899388 0.469836271208262 0.483144159693292 0.611169309567431 0.6930127196102 0.661553252391148 0.639824459286143 0.669540297132051 0.676394258664166 0.688425487010954 0.694762597276685 0.692442227093891 0.691842742293778 0.6975685300324 0.67445386873956 0.654044031912881 0.626716411814644 0.669192348605938 0.679018776875694 0.683726757615791 0.680438618331404 0.626909098491072 0.511116079585854 0.570994365274825 0.554069403939197 0.564630471456825 0.492753522628944 0.411293917956116 0.300815867376479 0.339343288193407 0.316936734615539 0.334944772275837 0.510912586892675 0.851179563824155 0.997210723295138 0.99901943055446 0.541221204924442 0.0421129321248114 0.00272451298692875 0.00043928388156948 0.000544651570033217 0.000318845944141753 0.000721047515443913 0.00953608912310831 0.109106796448457 0.164235425728318 0.18850759136496 0.580473315132547 0.977614453726209 0.730160296823411 0.535148373974814 0.418599229435308 0.351804475587074 0.249070852638275 0.257294284506446 0.444242085433038 0.574039232021476 0.568244704215265 0.524512109254481 0.503819576806109 0.479397103245995 0.201039768579511 0 0 0 0 0 0 0 0 0 0 0 0 0 0 0 0
0 0 0 0 0 0 0 0 0 0 0 0 0 0 0 0 0 0 0 0.480470132760746 0.559496665725327 0.497895276392843 0.457570403481309 0.442979259178241 0.523997808914081 0.642622171016352 0.638655767935858 0.558066414714022 0.520946180587263 0.546231954950513 0.556112289622649 0.625758110634435 0.672476569952772 0.690859745767103 0.694746664702995 0.690822563927053 0.659974860379655 0.615512719693316 0.603883942117228 0.658656677617347 0.659539370112478 0.687594144876405 0.681829845315913 0.579369291646146 0.50758321919833 0.531650572054288 0.575794111771136 0.552134381350094 0.479024436189476 0.399173952713047 0.348778969916484 0.253052209465383 0.283964612738306 0.316255110811224 0.543788761412163 0.903668718545977 0.99931161957549 0.96075892732666 0.329295411084035 0.0183519913846994 0.00175983950933582 0.000318659253312075 0.00037149019190163 0.00878104654691511 0.00425534313880096 0.0342748388436302 0.170582300403126 0.272708016595134 0.325013331156561 0.627960629745532 0.958386337687544 0.735740173467288 0.607305004228963 0.48086924618008 0.320831236357826 0.273693473902497 0.234328592422146 0.293218568837377 0.469673090914928 0.541813402408802 0.569533883237557 0.531235272460605 0.377919726679552 0 0 0 0 0 0 0 0 0 0 0 0 0 0 0 0 0
0 0 0 0 0 0 0 0 0 0 0 0 0 0 0 0 0 0 0 0.0420311382291964 0.473696574103328 0.450958950937958 0.506642420868737 0.457059966805519 0.609699509013311 0.670420945377497 0.571074851452952 0.494627517062969 0.504196509417977 0.502532056984228 0.504698219614466 0.529163384076091 0.604875419606309 0.670003853457222 0.665542631186521 0.676919648200341 0.629446033063932 0.583739255679178 0.541771603958746 0.556449170410876 0.668922671996405 0.686005879752375 0.688154518068568 0.497761222468795 0.519414320507214 0.529246637282889 0.568326076775965 0.52310017787052 0.47048775755423 0.349516418190366 0.342445893733111 0.275468443516866 0.230703878147299 0.312769677901992 0.566255118128933 0.880622088127119 0.995739664265637 0.658949473203983 0.276358923522006 0.00228301654649618 0.000252237849651108 0.0000372901158739721 0.00442827864297683 0.0479470489638754 0.0236314835767015 0.0757087341707729 0.172179585618319 0.332073168432068 0.421536431394379 0.600959709635011 0.904838763846087 0.729765885466075 0.696062052999905 0.54227846697142 0.367543747550836 0.27814984031466 0.247580088526673 0.248154322433299 0.271409458240054 0.415830138955828 0.494836695521732 0.276132114351524 0 0 0 0 0 0 0 0 0 0 0 0 0 0 0 0 0 0
0 0 0 0 0 0 0 0 0 0 0 0 0 0 0 0 0 0 0 0 0.0984469465237529 0.399120681629708 0.473140063929547 0.546286518156838 0.661070860106978 0.615130665922921 0.499858077331072 0.468827099734742 0.48146233518707 0.513892263113776 0.515125129797369 0.523722378977785 0.539726756562983 0.624597246003984 0.653025981401261 0.650954939508979 0.562468894871916 0.555982482466869 0.516780416595832 0.456531845704371 0.651394438540562 0.679135341883593 0.672300237599363 0.532127889725126 0.529053915148997 0.522636270710948 0.576579427808293 0.542657306167249 0.551383004543255 0.382190179258426 0.372156857743785 0.273817906208359 0.216195685907434 0.269622324323892 0.518983858307482 0.908497472752498 0.907930482584725 0.332418594040002 0.161583492632125 0.00489711123307929 0.00000131045139368966 0.000298276914055238 0.0465354860667694 0.164228927870831 0.05672556602417 0.0868568109147832 0.187702661306665 0.378834753284982 0.512667965928199 0.617511771581566 0.82640668525436 0.762538871142456 0.737800689718044 0.540237288851052 0.391819913612536 0.340189962432626 0.303105998583226 0.313654995111787 0.307371323920143 0.355053934057291 0.125245361487774 0 0 0 0 0 0 0 0 0 0 0 0 0 0 0 0 0 0 0
0 0 0 0 0 0 0 0 0 0 0 0 0 0 0 0 0 0 0 0 0 0.204255447596864 0.505549675981727 0.591088442084424 0.58842708667923 0.516384207390201 0.485272554926931 0.467056839837738 0.50766478527483 0.558458511094879 0.525475821449256 0.494817650429357 0.530839668097303 0.611363878725444 0.641870990932221 0.607169058871691 0.543337829352962 0.551608404608894 0.466554154547139 0.430354744080809 0.559862283945797 0.683954001109382 0.68019396647117 0.53943166309691 0.493704641810905 0.55871350341603 0.558414258917947 0.574497918023773 0.594733359199625 0.406751979713942 0.325157029970006 0.25579654195459 0.250857659250295 0.288863388924549 0.514365645435558 0.899351723071223 0.513696009289864 0.0331514377334243 0.0375047899873904 0.000337436043650181 0.00000238891574306912 0.00140943929498303 0.068611545661228 0.182645667446585 0.13034638493746 0.0790346989148105 0.216277302114908 0.394185891312898 0.547875221956853 0.63400803087038 0.708255930460316 0.758035769387348 0.719014323279145 0.521505028449087 0.44484918882809 0.413950969643751 0.434292928849271 0.501101463536051 0.448922025203827 0.0956085764430791 0 0 0 0 0 0 0 0 0 0 0 0 0 0 0 0 0 0 0 0
0 0 0 0 0 0 0 0 0 0 0 0 0 0 0 0 0 0 0 0 0 0 0.382571007083124 0.56997262375148 0.542099210543639 0.481621937227877 0.481245315957643 0.505392810754001 0.555310649274427 0.56804437565191 0.518869084543582 0.499649986231765 0.555845825922581 0.624270608512196 0.649978128885693 0.587599669795095 0.510312630591131 0.543850342330205 0.469170197599863 0.450999674547276 0.489399786892276 0.676478674470172 0.68692572811783 0.584189391836339 0.506747116939425 0.548626706769323 0.517244867396344 0.591210112361761 0.64369286507058 0.373036651046136 0.314513054231357 0.225574245023792 0.223171480915626 0.306982245303867 0.556419541926305 0.931006146047681 0.194941050245416 0.000368811998146014 0.00040469620084234 0.0000312497134598817 0.0000248036933156457 0.000579608894390146 0.0307730477244757 0.118431700650031 0.0296687021685398 0.0374116858698596 0.185759038106647 0.385351905071242 0.506749528878134 0.589768329238372 0.615065930378031 0.739522791998504 0.607849056740863 0.47850992756141 0.399569465824912 0.434698029234233 0.455757615983005 0.467789738949893 0.0179076112284853 0 0 0 0 0 0 0 0 0 0 0 0 0 0 0 0 0 0 0 0 0
0 0 0 0 0 0 0 0 0 0 0 0 0 0 0 0 0 0 0 0 0 0 0 0.122560035891883 0.440668043546464 0.449543320703701 0.486685220185919 0.543045006023447 0.59350292824543 0.530046610612215 0.522693994723825 0.523449860864502 0.616599462674522 0.66263217763048 0.635550402132468 0.565092675844972 0.497101814065692 0.541572722245821 0.488188835351141 0.430605817131773 0.475260631763183 0.684623958541586 0.683965004656459 0.627588980518122 0.502706515572193 0.497102113845832 0.527775587677404 0.594572354469524 0.660141502561149 0.342391464932268 0.265256064492467 0.207005124123704 0.234620320739607 0.26808222849842 0.530661012943389 0.942227207166175 0.162813296994333 0 0.00000525875209232082 0.000000386194345218741 0.000000239812510387902 0.00000081598676328525 0.00106822652125048 0.00196424937436405 0.000237553460109373 0.0245521963165611 0.106589298011842 0.32273653816365 0.372000177218055 0.594227486131195 0.510797737946512 0.685413252554057 0.530157843036971 0.444412448939507 0.423029234248165 0.438568678081442 0.386281198724093 0.0024658784489717 0 0 0 0 0 0 0 0 0 0 0 0 0 0 0 0 0 0 0 0 0 0
0 0 0 0 0 0 0 0 0 0 0 0 0 0 0 0 0 0 0 0 0 0 0 0 0 0.381224959180833 0.490874980322188 0.565931018824151 0.606440035327802 0.4852166575234 0.532525899463711 0.59050454845593 0.667371319958257 0.622648121609126 0.552391730337536 0.520354560716986 0.486894864512205 0.542740385736924 0.504245619099842 0.452804698911192 0.469692438465869 0.669534015061581 0.693870480711007 0.652317256773379 0.524606781982477 0.534173569764542 0.614144895528481 0.574869663586575 0.649082899137783 0.33300228221753 0.266388813472475 0.210263199159031 0.215736491419325 0.293864028289975 0.520966827212494 0.90993220856641 0.360894250299201 0.00193997846171472 0.00200068713025237 0.000383191127734215 0.000172451912139294 0.0000765641915544033 0.000000662286110607877 0.000215949561974917 0.00138598905885915 0.0369762571367738 0.105855692429267 0.186287611148814 0.221924327142121 0.717422725170134 0.420356582755887 0.6223642626194 0.505176217645826 0.477951851275527 0.465449559935961 0 0 0 0 0 0 0 0 0 0 0 0 0 0 0 0 0 0 0 0 0 0 0 0 0
0 0 0 0 0 0 0 0 0 0 0 0 0 0 0 0 0 0 0 0 0 0 0 0 0 0 0.450088411771172 0.538841857172497 0.569499793446004 0.523801399302299 0.544723994137577 0.611127151641638 0.607363116797241 0.562090254789778 0.545112476723247 0.484960817373228 0.537350739039328 0.530818239195586 0.51771179456187 0.469519835776087 0.501177203226459 0.677046353244999 0.692164531172702 0.698719850099817 0.57381339067415 0.567036525871427 0.679484673389325 0.557300058088679 0.636130740035061 0.34364798370306 0.227634438851765 0.207983134105473 0.27061146696405 0.308186070684363 0.54316839197326 0.816403116365588 0.84979579888343 0.195078594091754 0.0854899259135267 0.0321882424809556 0.0180699352353999 0.000296581816707162 0.000281596217933136 0.0000448359034070311 0.0000873901380120293 0.000990023039317273 0.0232934138092727 0.0535691703873426 0.247568308906845 0.728063506575834 0.391185667913976 0.586706130238939 0.484589579883078 0.507410272524318 0 0 0 0 0 0 0 0 0 0 0 0 0 0 0 0 0 0 0 0 0 0 0 0 0 0
0 0 0 0 0 0 0 0 0 0 0 0 0 0 0 0 0 0 0 0 0 0 0 0 0 0 0.0232017527617915 0.436847398176985 0.516974316428414 0.537873370440289 0.523821860512808 0.598486274974821 0.598768681405406 0.560872497320327 0.536536541319997 0.577300222736762 0.550475239807489 0.558660236900631 0.501008432878173 0.456388365757925 0.564212098342681 0.703585732701146 0.658186547859874 0.722819761456158 0.599019862104599 0.598478789310741 0.665272398717935 0.58115509748697 0.562760265665838 0.419441742264049 0.220044209363663 0.174307896089489 0.246376485297315 0.31080224256061 0.562785400085866 0.698984919836431 0.970564932957465 0.870760623843573 0.674110661601631 0.474685030402047 0.35098022620746 0.174318353554947 0.038946041712031 0.000129886746708917 0.00124739417715662 0.00191614923711343 0.000375309168721565 0.000650488058762034 0.0130090015351202 0.0697925153519303 0.337653601202702 0.644788703154478 0.479264344532707 0.00587658207114575 0 0 0 0 0 0 0 0 0 0 0 0 0 0 0 0 0 0 0 0 0 0 0 0 0 0
0 0 0 0 0 0 0 0 0 0 0 0 0 0 0 0 0 0 0 0 0 0 0 0 0 0 0 0.024510404104542 0.0699775895418664 0.535185135383623 0.500210631307428 0.56564663837587 0.571657412563191 0.586739169688318 0.591200635962501 0.558588002326539 0.544692250419128 0.584849478764476 0.539900326934274 0.454962471451588 0.627077619772698 0.62741711703113 0.611781849220889 0.763784546804407 0.629709478079596 0.62021043803128 0.71178434346009 0.579195366449482 0.576535293979445 0.447528073605655 0.246594180668413 0.112313056069788 0.282267613977614 0.500065247971462 0.614028861511204 0.628855391004288 0.874295623085273 0.804465792669363 0.953673781351236 0.982803245329025 0.951140096252139 0.575262886468485 0.068604219586428 0.000383619815278897 0.000106886037289969 0.000220316539664808 0 0.00024291588459883 0.00106450499866391 0.00123844282469089 0.0232418328962261 0.0658912956857657 0 0 0 0 0 0 0 0 0 0 0 0 0 0 0 0 0 0 0 0 0 0 0 0 0 0 0 0
0 0 0 0 0 0 0 0 0 0 0 0 0 0 0 0 0 0 0 0 0 0 0 0 0 0 0 0 0 0.00525906009128645 0.406569136534978 0.523464357211424 0.59193198789232 0.527209710124011 0.530153181764357 0.524160055285716 0.580893503852114 0.553463129293794 0.506415135677024 0.537730694944406 0.665613994160296 0.547539370475419 0.619836466494442 0.748073638033596 0.636480279021538 0.625954924333307 0.725953226029391 0.571259169049984 0.615339921185411 0.37625774304515 0.271617717979109 0.201648505882995 0.336965712039514 0.718569183889867 0.672801857262679 0.633545778874533 0.689244689129635 0.667431833974567 0.58571989733903 0.843261382222704 0.98958703566459 0.560218100452463 0.00132260923514404 0.000241777817186189 0.0000137027189270824 0.000018425580858591 0.000000935247180405556 0.000000513280818930079 0.0000142937842801736 0.0000478866536151606 0 0 0 0 0 0 0 0 0 0 0 0 0 0 0 0 0 0 0 0 0 0 0 0 0 0 0 0 0 0
0 0 0 0 0 0 0 0 0 0 0 0 0 0 0 0 0 0 0 0 0 0 0 0 0 0 0 0 0 0 0.0267082732690207 0.337279759435178 0.534463328856313 0.491908704559423 0.467343775682973 0.49995647814487 0.540678438066299 0.5018910955636 0.482751755564201 0.649956318540569 0.545171922113154 0.53102488252741 0.677483578862465 0.666389284013565 0.632493716350318 0.60199516642705 0.676972408064375 0.574799968807794 0.556168723890361 0.341110029611053 0.302215312509282 0.263261322333172 0.432227293353055 0.673648133494774 0.633226437125809 0.622821747179417 0.58201417972324 0.604481670710371 0.546411638118762 0.552594546549652 0.886724790194767 0.789414949577286 0.0045514500822959 0.000135415087656733 0.00000120521292225262 0.00000000534302018238573 0 0 0 0 0 0 0 0 0 0 0 0 0 0 0 0 0 0 0 0 0 0 0 0 0 0 0 0 0 0 0 0 0 0
0 0 0 0 0 0 0 0 0 0 0 0 0 0 0 0 0 0 0 0 0 0 0 0 0 0 0 0 0 0 0 0 0.0499722572686828 0.168070571282967 0.318650804772637 0.490298640665616 0.454378377795122 0.483666553575236 0.565822477064856 0.673700838524138 0.478547150917417 0.538501442802661 0.659471943374336 0.626800557162596 0.620773061421759 0.605280132847464 0.541397996093639 0.568734656979375 0.576526289897543 0.426056182242111 0.353550893297165 0.337272818077666 0.529292871209421 0.665740819964796 0.635799571117897 0.556771081519419 0.610898221129956 0.532685403038574 0.418130266588707 0.481478319222982 0.645973315255144 0.772395027829034 0.004378461711687 0 0 0 0 0 0 0 0 0 0 0 0 0 0 0 0 0 0 0 0 0 0 0 0 0 0 0 0 0 0 0 0 0 0 0 0 0
0 0 0 0 0 0 0 0 0 0 0 0 0 0 0 0 0 0 0 0 0 0 0 0 0 0 0 0 0 0 0 0 0 0 0 0.116066487823914 0.441061528049768 0.489822601789352 0.593160792725053 0.553500793641272 0.50508286186284 0.560789814758993 0.597044058454724 0.551133832087713 0.614229700754298 0.566956883693423 0.493395518878066 0.502978051973915 0.614440022267443 0.612131634750055 0.594246160949624 0.574194943427088 0.651067494548671 0.633092261678633 0.572450153029792 0.527168397967338 0.592359946213426 0.222395025927746 0.139513208355514 0.180410249369475 0.212301331374013 0 0 0 0 0 0 0 0 0 0 0 0 0 0 0 0 0 0 0 0 0 0 0 0 0 0 0 0 0 0 0 0 0 0 0 0 0 0 0
0 0 0 0 0 0 0 0 0 0 0 0 0 0 0 0 0 0 0 0 0 0 0 0 0 0 0 0 0 0 0 0 0 0 0 0 0 0.207345540725903 0.371510663685426 0.448168829098432 0.432020448130063 0.432933139889335 0.486703382962191 0.497268768108297 0.534288693197131 0.557654102323015 0.259068748547016 0.196786896482464 0.37008563294932 0.315872884548284 0.429286625605582 0.520357272096442 0.606525331009748 0.627807130190398 0.538534386238724 0.37729097758261 0.0305602748086453 0 0 0 0 0 0 0 0 0 0 0 0 0 0 0 0 0 0 0 0 0 0 0 0 0 0 0 0 0 0 0 0 0 0 0 0 0 0 0 0 0 0 0
0 0 0 0 0 0 0 0 0 0 0 0 0 0 0 0 0 0 0 0 0 0 0 0 0 0 0 0 0 0 0 0 0 0 0 0 0 0 0 0 0.0316240206295497 0.102754218690152 0.148214426902111 0.212842657040567 0.190727753412115 0.0677455687139731 0 0 0 0 0 0 0 0 0 0 0 0 0 0 0 0 0 0 0 0 0 0 0 0 0 0 0 0 0 0 0 0 0 0 0 0 0 0 0 0 0 0 0 0 0 0 0 0 0 0 0 0 0 0
0 0 0 0 0 0 0 0 0 0 0 0 0 0 0 0 0 0 0 0 0 0 0 0 0 0 0 0 0 0 0 0 0 0 0 0 0 0 0 0 0 0 0 0 0 0 0 0 0 0 0 0 0 0 0 0 0 0 0 0 0 0 0 0 0 0 0 0 0 0 0 0 0 0 0 0 0 0 0 0 0 0 0 0 0 0 0 0 0 0 0 0 0 0 0 0 0 0 0 0
0 0 0 0 0 0 0 0 0 0 0 0 0 0 0 0 0 0 0 0 0 0 0 0 0 0 0 0 0 0 0 0 0 0 0 0 0 0 0 0 0 0 0 0 0 0 0 0 0 0 0 0 0 0 0 0 0 0 0 0 0 0 0 0 0 0 0 0 0 0 0 0 0 0 0 0 0 0 0 0 0 0 0 0 0 0 0 0 0 0 0 0 0 0 0 0 0 0 0 0
0 0 0 0 0 0 0 0 0 0 0 0 0 0 0 0 0 0 0 0 0 0 0 0 0 0 0 0 0 0 0 0 0 0 0 0 0 0 0 0 0 0 0 0 0 0 0 0 0 0 0 0 0 0 0 0 0 0 0 0 0 0 0 0 0 0 0 0 0 0 0 0 0 0 0 0 0 0 0 0 0 0 0 0 0 0 0 0 0 0 0 0 0 0 0 0 0 0 0 0
0 0 0 0 0 0 0 0 0 0 0 0 0 0 0 0 0 0 0 0 0 0 0 0 0 0 0 0 0 0 0 0 0 0 0 0 0 0 0 0 0 0 0 0 0 0 0 0 0 0 0 0 0 0 0 0 0 0 0 0 0 0 0 0 0 0 0 0 0 0 0 0 0 0 0 0 0 0 0 0 0 0 0 0 0 0 0 0 0 0 0 0 0 0 0 0 0 0 0 0
0 0 0 0 0 0 0 0 0 0 0 0 0 0 0 0 0 0 0 0 0 0 0 0 0 0 0 0 0 0 0 0 0 0 0 0 0 0 0 0 0 0 0 0 0 0 0 0 0 0 0 0 0 0 0 0 0 0 0 0 0 0 0 0 0 0 0 0 0 0 0 0 0 0 0 0 0 0 0 0 0 0 0 0 0 0 0 0 0 0 0 0 0 0 0 0 0 0 0 0
0 0 0 0 0 0 0 0 0 0 0 0 0 0 0 0 0 0 0 0 0 0 0 0 0 0 0 0 0 0 0 0 0 0 0 0 0 0 0 0 0 0 0 0 0 0 0 0 0 0 0 0 0 0 0 0 0 0 0 0 0 0 0 0 0 0 0 0 0 0 0 0 0 0 0 0 0 0 0 0 0 0 0 0 0 0 0 0 0 0 0 0 0 0 0 0 0 0 0 0
0 0 0 0 0 0 0 0 0 0 0 0 0 0 0 0 0 0 0 0 0 0 0 0 0 0 0 0 0 0 0 0 0 0 0 0 0 0 0 0 0 0 0 0 0 0 0 0 0 0 0 0 0 0 0 0 0 0 0 0 0 0 0 0 0 0 0 0 0 0 0 0 0 0 0 0 0 0 0 0 0 0 0 0 0 0 0 0 0 0 0 0 0 0 0 0 0 0 0 0
0 0 0 0 0 0 0 0 0 0 0 0 0 0 0 0 0 0 0 0 0 0 0 0 0 0 0 0 0 0 0 0 0 0 0 0 0 0 0 0 0 0 0 0 0 0 0 0 0 0 0 0 0 0 0 0 0 0 0 0 0 0 0 0 0 0 0 0 0 0 0 0 0 0 0 0 0 0 0 0 0 0 0 0 0 0 0 0 0 0 0 0 0 0 0 0 0 0 0 0
0 0 0 0 0 0 0 0 0 0 0 0 0 0 0 0 0 0 0 0 0 0 0 0 0 0 0 0 0 0 0 0 0 0 0 0 0 0 0 0 0 0 0 0 0 0 0 0 0 0 0 0 0 0 0 0 0 0 0 0 0 0 0 0 0 0 0 0 0 0 0 0 0 0 0 0 0 0 0 0 0 0 0 0 0 0 0 0 0 0 0 0 0 0 0 0 0 0 0 0
0 0 0 0 0 0 0 0 0 0 0 0 0 0 0 0 0 0 0 0 0 0 0 0 0 0 0 0 0 0 0 0 0 0 0 0 0 0 0 0 0 0 0 0 0 0 0 0 0 0 0 0 0 0 0 0 0 0 0 0 0 0 0 0 0 0 0 0 0 0 0 0 0 0 0 0 0 0 0 0 0 0 0 0 0 0 0 0 0 0 0 0 0 0 0 0 0 0 0 0
0 0 0 0 0 0 0 0 0 0 0 0 0 0 0 0 0 0 0 0 0 0 0 0 0 0 0 0 0 0 0 0 0 0 0 0 0 0 0 0 0 0 0 0 0 0 0 0 0 0 0 0 0 0 0 0 0 0 0 0 0 0 0 0 0 0 0 0 0 0 0 0 0 0 0 0 0 0 0 0 0 0 0 0 0 0 0 0 0 0 0 0 0 0 0 0 0 0 0 0
0 0 0 0 0 0 0 0 0 0 0 0 0 0 0 0 0 0 0 0 0 0 0 0 0 0 0 0 0 0 0 0 0 0 0 0 0 0 0 0 0 0 0 0 0 0 0 0 0 0 0 0 0 0 0 0 0 0 0 0 0 0 0 0 0 0 0 0 0 0 0 0 0 0 0 0 0 0 0 0 0 0 0 0 0 0 0 0 0 0 0 0 0 0 0 0 0 0 0 0
0 0 0 0 0 0 0 0 0 0 0 0 0 0 0 0 0 0 0 0 0 0 0 0 0 0 0 0 0 0 0 0 0 0 0 0 0 0 0 0 0 0 0 0 0 0 0 0 0 0 0 0 0 0 0 0 0 0 0 0 0 0 0 0 0 0 0 0 0 0 0 0 0 0 0 0 0 0 0 0 0 0 0 0 0 0 0 0 0 0 0 0 0 0 0 0 0 0 0 0
