0 0 0 0 0 0 0 0 0 0 0 0 0 0 0 0 0 0 0 0 0 0 0 0 0 0 0 0 0 0 0 0 0 0 0 0 0 0 0 0 0 0 0 0 0 0 0 0 0 0 0 0 0 0 0 0 0 0 0 0 0 0 0 0 0 0 0 0 0 0 0 0 0 0 0 0 0 0 0 0 0 0 0 0 0 0 0 0 0 0 0 0 0 0 0 0 0 0 0 0
0 0 0 0 0 0 0 0 0 0 0 0 0 0 0 0 0 0 0 0 0 0 0 0 0 0 0 0 0 0 0 0 0 0 0 0 0 0 0 0 0 0 0 0 0 0 0 0 0 0 0 0 0 0 0 0 0 0 0 0 0 0 0 0 0 0 0 0 0 0 0 0 0 0 0 0 0 0 0 0 0 0 0 0 0 0 0 0 0 0 0 0 0 0 0 0 0 0 0 0
0 0 0 0 0 0 0 0 0 0 0 0 0 0 0 0 0 0 0 0 0 0 0 0 0 0 0 0 0 0 0 0 0 0 0 0 0 0 0 0 0 0 0 0 0 0 0 0 0 0 0 0 0 0 0 0 0 0 0 0 0 0 0 0 0 0 0 0 0 0 0 0 0 0 0 0 0 0 0 0 0 0 0 0 0 0 0 0 0 0 0 0 0 0 0 0 0 0 0 0
0 0 0 0 0 0 0 0 0 0 0 0 0 0 0 0 0 0 0 0 0 0 0 0 0 0 0 0 0 0 0 0 0 0 0 0 0 0 0 0 0 0 0 0 0 0 0 0 0 0 0 0 0 0 0 0 0 0 0 0 0 0 0 0 0 0 0 0 0 0 0 0 0 0 0 0 0 0 0 0 0 0 0 0 0 0 0 0 0 0 0 0 0 0 0 0 0 0 0 0
0 0 0 0 0 0 0 0 0 0 0 0 0 0 0 0 0 0 0 0 0 0 0 0 0 0 0 0 0 0 0 0 0 0 0 0 0 0 0 0 0 0 0 0 0 0 0 0 0 0 0 0 0 0 0 0 0 0 0 0 0 0 0 0 0 0 0 0 0 0 0 0 0 0 0 0 0 0 0 0 0 0 0 0 0 0 0 0 0 0 0 0 0 0 0 0 0 0 0 0
0 0 0 0 0 0 0 0 0 0 0 0 0 0 0 0 0 0 0 0 0 0 0 0 0 0 0 0 0 0 0 0 0 0 0 0 0 0 0 0 0 0 0 0 0 0 0 0 0 0 0 0 0 0 0 0 0 0 0 0 0 0 0 0 0 0 0 0 0 0 0 0 0 0 0 0 0 0 0 0 0 0 0 0 0 0 0 0 0 0 0 0 0 0 0 0 0 0 0 0
0 0 0 0 0 0 0 0 0 0 0 0 0 0 0 0 0 0 0 0 0 0 0 0 0 0 0 0 0 0 0 0 0 0 0 0 0 0 0 0 0 0 0 0 0 0 0 0 0 0 0 0 0 0 0 0 0 0 0 0 0 0 0 0 0 0 0 0 0 0 0 0 0 0 0 0 0 0 0 0 0 0 0 0 0 0 0 0 0 0 0 0 0 0 0 0 0 0 0 0
0 0 0 0 0 0 0 0 0 0 0 0 0 0 0 0 0 0 0 0 0 0 0 0 0 0 0 0 0 0 0 0 0 0 0 0 0 0 0 0 0 0 0 0 0 0 0 0 0 0 0 0 0 0 0 0 0 0 0 0 0 0 0 0 0 0 0 0 0 0 0 0 0 0 0 0 0 0 0 0 0 0 0 0 0 0 0 0 0 0 0 0 0 0 0 0 0 0 0 0
0 0 0 0 0 0 0 0 0 0 0 0 0 0 0 0 0 0 0 0 0 0 0 0 0 0 0 0 0 0 0 0 0 0 0 0 0 0 0 0 0 0 0 0 0 0 0 0 0 0 0 0 0 0 0 0 0 0 0 0 0 0 0 0 0 0 0 0 0 0 0 0 0 0 0 0 0 0 0 0 0 0 0 0 0 0 0 0 0 0 0 0 0 0 0 0 0 0 0 0
0 0 0 0 0 0 0 0 0 0 0 0 0 0 0 0 0 0 0 0 0 0 0 0 0 0 0 0 0 0 0 0 0 0 0 0 0 0 0 0 0 0 0 0 0 0 0 0 0 0 0 0 0 0 0 0 0 0 0 0 0 0 0 0 0 0 0 0 0 0 0 0 0 0 0 0 0 0 0 0 0 0 0 0 0 0 0 0 0 0 0 0 0 0 0 0 0 0 0 0
0 0 0 0 0 0 0 0 0 0 0 0 0 0 0 0 0 0 0 0 0 0 0 0 0 0 0 0 0 0 0 0 0 0 0 0 0 0 0 0 0 0 0 0 0 0 0 0 0 0 0 0 0 0 0 0 0 0 0 0 0 0 0 0 0 0 0 0 0 0 0 0 0 0 0 0 0 0 0 0 0 0 0 0 0 0 0 0 0 0 0 0 0 0 0 0 0 0 0 0
0 0 0 0 0 0 0 0 0 0 0 0 0 0 0 0 0 0 0 0 0 0 0 0 0 0 0 0 0 0 0 0 0 0 0 0 0 0 0 0 0 0 0 0 0 0 0 0 0 0 0 0 0 0 0 0 0 0 0 0 0 0 0 0 0 0 0 0 0 0 0 0 0 0 0 0 0 0 0 0 0 0 0 0 0 0 0 0 0 0 0 0 0 0 0 0 0 0 0 0
0 0 0 0 0 0 0 0 0 0 0 0 0 0 0 0 0 0 0 0 0 0 0 0 0 0 0 0 0 0 0 0 0 0 0 0 0 0 0 0 0 0 0 0 0 0 0 0 0 0 0 0 0 0 0 0 0 0 0 0 0 0 0 0 0 0 0 0 0 0 0 0 0 0 0 0 0 0 0 0 0 0 0 0 0 0 0 0 0 0 0 0 0 0 0 0 0 0 0 0
0 0 0 0 0 0 0 0 0 0 0 0 0 0 0 0 0 0 0 0 0 0 0 0 0 0 0 0 0 0 0 0 0 0 0 0 0 0 0 1.19163451229432 1.20862118015942 1.20872539049534 1.21382076726578 0 0 0 0 0 0 0 0 0 0 0 0 0 0 0 0 0 0 0 0 0 0 0 0 0 0 0 0 0 0 0 0 0 0 0 0 0 0 0 0 0 0 0 0 0 0 0 0 0 0 0 0 0 0 0 0 0
0 0 0 0 0 0 0 0 0 0 0 0 0 0 0 0 0 0 0 0 0 0 0 0 0 0 0 0 0 0 0 0 0 0 0 0.862679885839314 1.12193578130906 2.10106450676089 2.0213454643158 1.96353453468706 1.90429047875546 1.87372504969855 1.84753176671622 1.88675405372447 1.89187354399371 1.91787603571639 1.97546697291008 2.06428890378218 2.09381305922705 2.10235562963201 2.05990316067969 2.05529343608327 2.05509285420559 0 0 0 0 0 0 0 0 0 0 0 0 0 0 0 0 0 0 0 0 0 0 0 0 0 0 0 0 0 0 0 0 0 0 0 0 0 0 0 0 0 0 0 0 0 0 0
0 0 0 0 0 0 0 0 0 0 0 0 0 0 0 0 0 0 0 0 0 0 0 0 0 0 0 0 0 0 0 0 0 0.893299149119417 2.12061436081075 1.97267662748904 1.86828917938219 1.79726742432097 1.74327056597344 1.67312547645269 1.62172156149717 1.57562939050325 1.56117799606145 1.56823811638035 1.55139483095271 1.59060386098354 1.64721300169721 1.7365143024748 1.77657927368985 1.78399353884651 1.76700998952569 1.78848345275475 1.80931454331198 1.80723389075878 1.47186428871737 0.728507846450422 0.745191569322423 0.785634834087053 0 0 0 0 0 0 0 0 0 0 0 0 0 0 0 0 0 0 0 0 0 0 0 0 0 0 0 0 0 0 0 0 0 0 0 0 0 0 0 0 0 0
0 0 0 0 0 0 0 0 0 0 0 0 0 0 0 0 0 0 0 0 0 0 0 0 0 0 0 0 0 0 0 0.465952629252972 1.96142676831704 1.89763862619774 1.77966941936463 1.67781790329626 1.62402408809291 1.66493243745249 1.65248588010156 1.58298535657608 1.52897256011097 1.48525318300072 1.46001411438472 1.43437516551255 1.43677186637373 1.46342372452405 1.51742656659155 1.5720416587038 1.58094595291414 1.60036174621849 1.62607636832682 1.68423388921082 1.73065180139233 1.72884068724695 1.64574314332271 1.58840109167803 1.60973141808513 1.66807299792329 1.7286943388185 1.80504391281113 1.88053808879516 0.643543148799862 0.248938501361656 0 0 0 0 0 0 0 0 0 0 0 0 0 0 0 0 0 0 0 0 0 0 0 0 0 0 0 0 0 0 0 0 0 0 0 0 0
0 0 0 0 0 0 0 0 0 0 0 0 0 0 0 0 0 0 0 0 0 0 0 0 0 0 0 0 0 0 1.08704532889708 1.91917282179204 1.74921917379117 1.60545583161024 1.56427180333914 1.55234418760107 1.60651494113813 1.69226280988393 1.71732488720977 1.64650644748951 1.56583522427115 1.48767376086732 1.47234551104316 1.4497249500936 1.45618067341126 1.48983322951274 1.53148656952785 1.52474791210684 1.50565031682367 1.52943312905917 1.6145249675135 1.73008291074683 1.81436809888127 1.80091398732152 1.64254946485373 1.50175060560939 1.46223510078441 1.49844939396295 1.57120565021746 1.61396087531355 1.63301249216416 1.67527719537539 1.75529477506783 0.483248514857828 0.532087592479749 0 0 0 0 0 0 0 0 0 0 0 0 0 0 0 0 0 0 0 0 0 0 0 0 0 0 0 0 0 0 0 0 0 0 0
0 0 0 0 0 0 0 0 0 0 0 0 0 0 0 0 0 0 0 0 0 0 0 0 0 0 0 0.219494529328726 0.43287298068971 2.06499252245342 1.82995141111458 1.6466683378303 1.51196760349919 1.475664093587 1.53239963931256 1.60579373180145 1.72314936731573 1.81130145321022 1.84070540525567 1.78686359988721 1.64445478957709 1.51437742544225 1.46897234312401 1.46175345129527 1.49546179738047 1.53631053965646 1.56425048321349 1.5369237021103 1.49396039699561 1.53648304995639 1.66545170628616 1.80651584066051 1.93542313344686 1.93621472326874 1.74482132154129 1.5591738629745 1.50375786230327 1.5583801547292 1.65104673522553 1.65523305960967 1.5874709469816 1.49559950794787 1.4606037303565 1.53898833734255 1.6663056512046 1.79106361984962 1.93348051764817 0.395007371172547 0.420815644624838 0 0 0 0 0 0 0 0 0 0 0 0 0 0 0 0 0 0 0 0 0 0 0 0 0 0 0 0 0 0 0
0 0 0 0 0 0 0 0 0 0 0 0 0 0 0 0 0 0 0 0 0 0 0 0 0 0 0.289764502420752 2.0893042423376 1.90066819696639 1.74309827104257 1.59812776273495 1.48349680642195 1.4500771237149 1.48911270286414 1.57889458599607 1.67320718738736 1.77795160125479 1.88374629450551 1.9309459214221 1.8492915933857 1.69291907366404 1.51299416093706 1.44435175671959 1.44716267356746 1.49098509614498 1.56418636406747 1.6032844302077 1.56143777560056 1.51162240048688 1.55685146815758 1.696367927943 1.88005352555294 2.01897444873381 2.03562763355954 1.86971398744935 1.69601211041862 1.66503871216218 1.75991195784183 1.86699656363019 1.81535931965199 1.64744124988365 1.44634738209269 1.33308057375959 1.34888341624755 1.41752310714812 1.4962935166587 1.5869356829431 1.69222891799412 1.7998185316025 1.93064748011058 0.345017272925408 0 0 0 0 0 0 0 0 0 0 0 0 0 0 0 0 0 0 0 0 0 0 0 0 0 0 0 0 0
0 0 0 0 0 0 0 0 0 0 0 0 0 0 0 0 0 0 0 0 0 0 0 0 0 0.13356838182943 1.95514104002246 1.76184819178667 1.637664048743 1.54237315159184 1.48378509765493 1.4384891205608 1.46284018164156 1.5142423937217 1.59565078100297 1.71085403092472 1.79784343227035 1.91921484094434 1.96057371622049 1.88595393918258 1.70177377157688 1.51027192860215 1.42961533631232 1.44534609302438 1.49873460041657 1.59045028253203 1.6273982532427 1.57766285479187 1.53938668445274 1.59909577033463 1.74116555891221 1.91729262173132 2.05846266430425 2.10024507217002 1.99898017032793 1.8545933356068 1.86870690162688 1.97914040747586 2.02652091655939 1.9254578630478 1.6937768622198 1.43578278968021 1.32527714533548 1.3479577906088 1.41304597668172 1.41541482153085 1.38845556061958 1.406157164763 1.45974659887119 1.52465328410505 1.62794319157916 1.88005916436597 0.0579535729699945 0 0 0 0 0 0 0 0 0 0 0 0 0 0 0 0 0 0 0 0 0 0 0 0 0 0 0
0 0 0 0 0 0 0 0 0 0 0 0 0 0 0 0 0 0 0 0 0 0 0 0 1.28906528598209 1.90006136100221 1.62511959659419 1.54309057050764 1.5376888177778 1.52317510504907 1.48940682802014 1.44692208125114 1.45832820401094 1.4887144490195 1.57057698573117 1.69368369816297 1.84904872683548 1.94076348181077 2.00502069892663 1.94432243744115 1.73864664381041 1.54676840362032 1.44290847378518 1.4760839775458 1.54156035158085 1.62480795582728 1.64584430313394 1.58438045212008 1.55604279509157 1.64550246476327 1.7749167141887 1.92260426196842 2.06641770806462 2.13369882695961 2.10196338236392 2.03392688394562 2.06053661778331 2.13083033684856 2.09131248000304 1.92793358011797 1.64137026574382 1.39724813311373 1.33785529848429 1.43090370617279 1.52682993880291 1.52348352950829 1.4355460959768 1.3770701379509 1.38401576711495 1.37789215350528 1.39713322334341 1.51497680772171 1.75364544950476 0.362757269507604 0 0 0 0 0 0 0 0 0 0 0 0 0 0 0 0 0 0 0 0 0 0 0 0 0 0
0 0 0 0 0 0 0 0 0 0 0 0 0 0 0 0 0 0 0 0 0 0 0 2.02547152034761 1.87852433585155 1.64099895145255 1.48288445149708 1.45762010467101 1.51905255214715 1.5827460966438 1.53293581698427 1.4662797982553 1.41871741294043 1.44223947943406 1.53328714542501 1.69905416511216 1.85574304346951 1.9694945978056 2.04915498951303 1.98394158354267 1.77847536185214 1.56456058396489 1.45507847360752 1.49553020268307 1.57679162769175 1.64288903429974 1.64937376528981 1.58420424805732 1.58459390584499 1.68544311761781 1.81159658726407 1.94602473769886 2.06681391367945 2.15475170637538 2.18652737093229 2.16444082934842 2.19435018555916 2.22180966864577 2.11281460873138 1.86319091714835 1.52646790743296 1.30667506543625 1.30900203278232 1.50093507240425 1.67904497773173 1.69780750471965 1.58741411999776 1.51029625701399 1.47809925153498 1.42639841207846 1.32051168348316 1.31171843271822 1.41638107299129 1.67234037753411 1.78702310531132 0 0 0 0 0 0 0 0 0 0 0 0 0 0 0 0 0 0 0 0 0 0 0 0 0
0 0 0 0 0 0 0 0 0 0 0 0 0 0 0 0 0 0 0 0 0 0 2.1619406461391 1.85378387944306 1.6174699505328 1.47179011300844 1.4370144758412 1.47354938721424 1.54338081867874 1.60080768457121 1.56021894685714 1.46676252649035 1.38962662340804 1.41455701697276 1.52430258791823 1.68132388926521 1.88525393365983 2.01456109261056 2.09138849000042 2.03771557311053 1.81477224016542 1.58084380378589 1.46881871775076 1.51161475113811 1.60414507281434 1.66162888461255 1.63651962576287 1.59419911314216 1.62694938999702 1.71449145454552 1.85172267155604 1.94029958115277 2.04262483555626 2.16584946252678 2.2367641907917 2.26825114442128 2.29495341123951 2.26719407732096 2.12922834178355 1.8311025244009 1.46614751258467 1.24193433689981 1.3033726833877 1.57129820113122 1.82446105116271 1.85742306678549 1.73419540955179 1.62895099614802 1.57466346066531 1.48214291079743 1.33960500297981 1.27349413502024 1.25758528203419 1.36078575264599 1.54467767803346 1.75324256305508 1.71789646701891 0 0 0 0 0 0 0 0 0 0 0 0 0 0 0 0 0 0 0 0 0 0 0
0 0 0 0 0 0 0 0 0 0 0 0 0 0 0 0 0 0 0 0 0 2.04692810241453 1.8612747424648 1.61666163817401 1.49756131900565 1.43862833058624 1.45892689800084 1.50211425069806 1.56559759814257 1.61331765602657 1.5777621340332 1.48581864575529 1.40037252396298 1.4326796272443 1.55036063461427 1.73654717510026 1.94242243375378 2.08405882161063 2.15586591320216 2.08421520466585 1.83796606246156 1.59405336283416 1.47212599750406 1.54027589647026 1.61667309750218 1.65189561303385 1.63415509153034 1.60349048870406 1.66385825479463 1.77576776298052 1.85638460106607 1.90765940458974 2.00114471059263 2.13382474736448 2.24245639422875 2.30124572322563 2.33272952921746 2.28588757130206 2.13143412645913 1.81373833840671 1.4815280760199 1.28737767790643 1.39783605818439 1.6913767433508 1.9389467774361 1.96361402544304 1.85496585609365 1.72554156484746 1.62471339818591 1.51004109991449 1.37576949924499 1.2993529117036 1.27156140226765 1.30933342456843 1.36185362294828 1.45199580966376 1.65173001760268 1.54289287185649 0 0 0 0 0 0 0 0 0 0 0 0 0 0 0 0 0 0 0 0 0 0
0 0 0 0 0 0 0 0 0 0 0 0 0 0 0 0 0 0 0 0 1.84233162158531 1.90679360295276 1.63951621737532 1.5320939075598 1.4956094495477 1.47574334881193 1.48719248700395 1.52255734538526 1.57405085911758 1.62926815775025 1.6196313660654 1.53755187622289 1.45747545790955 1.49462086206128 1.64673492300889 1.83600613092859 2.04413563380642 2.1755470482512 2.22699389243978 2.14718448900965 1.87882012653325 1.62196170196383 1.48986940114451 1.54596400064476 1.61313699153225 1.63192089440671 1.61177101785936 1.60981912532641 1.67653831423524 1.76781867236578 1.80551620054102 1.82485453209348 1.91489115798339 2.09288994916378 2.22009153998693 2.2993049318837 2.32398708750058 2.28369048176549 2.14737096041613 1.88101442076936 1.59851264251164 1.46399793138084 1.58262877233489 1.88809160803266 2.0472666536468 2.05699613852477 1.91730221622678 1.75518034649662 1.61216824851623 1.47855125901048 1.37190896178562 1.35201611587968 1.3548134130148 1.39008759373875 1.40262480300697 1.33074045225109 1.33932612115983 1.53116907543616 1.84846447343365 1.53038974667213 0 0 0 0 0 0 0 0 0 0 0 0 0 0 0 0 0 0 0 0
0 0 0 0 0 0 0 0 0 0 0 0 0 0 0 0 0 0 0 1.57941535785457 1.95329339297213 1.69741512854233 1.59767187146532 1.57237454352581 1.53725983825194 1.51101424144776 1.5102123231926 1.55393712290722 1.59961578307326 1.68507276511976 1.69885103615602 1.61506576740606 1.56064176629746 1.62948919957249 1.77162441141774 1.95246260976901 2.14344969414279 2.2743361674014 2.29467726884439 2.19388833520367 1.939733921292 1.66450000329332 1.52780701518701 1.54268519400534 1.56437890203744 1.5662430527614 1.56574406555715 1.5959765191341 1.67802061725498 1.7440449444893 1.73568973106844 1.73939414498974 1.84563225234436 2.0224224635241 2.16556092384328 2.24664807025343 2.27777605665771 2.25432451858314 2.17447901950222 2.01031463201406 1.80207379635062 1.70733073214669 1.82984423990926 2.04662580215146 2.17803179021768 2.13670312964583 1.98340377716543 1.74903468531703 1.57210998913642 1.44934793395624 1.41831049860097 1.4034170289135 1.44167406340507 1.49473147974153 1.49227429178126 1.38058547421497 1.24864489147117 1.28075515690979 1.49420886184552 1.81773167296911 1.46717717672902 0 0 0 0 0 0 0 0 0 0 0 0 0 0 0 0 0 0 0
0 0 0 0 0 0 0 0 0 0 0 0 0 0 0 0 0 0 1.14406190548289 2.01598765117279 1.77253627887997 1.67974192384269 1.67599798628395 1.66007182634911 1.61103654764961 1.57276730326753 1.56160701232585 1.60088876566932 1.67708130103528 1.78241239131049 1.80039264951183 1.75650250741386 1.75728644279815 1.81958218289122 1.94126786014008 2.10440259736967 2.24889477451809 2.34372272555262 2.35351061262483 2.23933706410608 2.00892813513292 1.7323376324204 1.56320815001141 1.5309205111782 1.50579034202498 1.50249210389064 1.51270207507 1.55915606640767 1.63051679280707 1.66171647611176 1.63719940431822 1.62267332964122 1.73884807115737 1.92631973528618 2.05027026244178 2.13252156609969 2.19578465044215 2.21553315895864 2.20151293721148 2.13451028529251 2.01472710623857 1.96379785558774 2.0354065022419 2.16132836639962 2.25599662967948 2.18904245814504 2.04325709133953 1.83308282819383 1.62314751794358 1.54772568770971 1.52215224029601 1.5221938998187 1.55725697621458 1.61162529753039 1.57637449144428 1.48375482297068 1.2968863612071 1.22048416374232 1.30345226464015 1.51514076924423 1.82710075900963 1.87303311290913 0 0 0 0 0 0 0 0 0 0 0 0 0 0 0 0 0 0
0 0 0 0 0 0 0 0 0 0 0 0 0 0 0 0 0 0 2.16179588824247 1.7989114529474 1.6915954338874 1.75505192571025 1.80656576050454 1.7924639432892 1.73023076963285 1.67639770566904 1.66270150812796 1.69909946492303 1.80760947575318 1.92414093505011 1.96668037258108 1.94938231876043 1.97094860180101 1.99639992904391 2.11111655197647 2.22584238625814 2.33836638637924 2.40582357894932 2.39984481784537 2.30392891865574 2.09162536318968 1.82565130300994 1.61680271633584 1.51374487042178 1.44695958345985 1.43653294184685 1.44876197217228 1.51133658625003 1.56337384017202 1.59351236887619 1.55529065383465 1.55113727633627 1.65020587373592 1.83587080032098 1.9558352540504 2.04381051125592 2.11566142999138 2.18663506345265 2.22317463278081 2.22408802055775 2.18993453352663 2.15404632318623 2.21146647808575 2.26311788553982 2.31006556436303 2.23402190162619 2.06963124270644 1.89071004815771 1.70317135709375 1.68448946140188 1.68681380665572 1.65885328397954 1.70766867584449 1.73922575622728 1.67774672581692 1.58681543574366 1.4141293720788 1.30585072531682 1.28028037153777 1.34995707239256 1.48787148103243 1.83921496482858 1.6944163551105 0 0 0 0 0 0 0 0 0 0 0 0 0 0 0 0 0
0 0 0 0 0 0 0 0 0 0 0 0 0 0 0 0 0 1.28657357447823 1.92819640875744 1.68122278352557 1.71079418308853 1.84512758439028 1.90759201548693 1.89682209912865 1.84878222906593 1.81508330059407 1.81628578137499 1.86670010172463 1.96002511529412 2.06145443793111 2.13749181747706 2.12689445460427 2.16832678152498 2.19905303381776 2.26562810480254 2.33736860676163 2.41531452951884 2.44942577797723 2.43655550664617 2.36198585804828 2.18090808568714 1.9500945943967 1.71719455153484 1.5274718580226 1.43161272170082 1.38108738361872 1.40470280748052 1.46631891881021 1.51720664013491 1.54127653721171 1.51830238298744 1.52687611501533 1.6147378708152 1.77867108989223 1.90715449952994 1.99937650072326 2.07766172826084 2.16435613108625 2.24067419577257 2.29072075638373 2.28911084817309 2.28130394008495 2.30023080341275 2.33561743370797 2.33983307683199 2.28051087486505 2.14686497014192 1.9931213574473 1.88043610520006 1.87594938762953 1.87443096554434 1.84676050164441 1.87334745282373 1.86891354432146 1.79257012713152 1.69855847897352 1.55553282952703 1.44075213119892 1.39607645534434 1.33173926623185 1.32084993172017 1.48532670871716 1.84365942741828 1.31621026294351 0 0 0 0 0 0 0 0 0 0 0 0 0 0 0 0
0 0 0 0 0 0 0 0 0 0 0 0 0 0 0 0 0.236561940460143 2.0398257111976 1.70910704734051 1.62720801708186 1.74379691586097 1.87685652116107 1.95354795298823 1.97352760804497 1.96237221538234 1.97434624556729 2.00514641517556 2.04322946739799 2.1217978158689 2.21100594485172 2.26166413314342 2.28129014680077 2.30731668843508 2.32282360824844 2.36925437724552 2.41870934246516 2.45722760555128 2.47558185452676 2.45959788731094 2.40541437457874 2.27522589265831 2.08305220628208 1.85611399194529 1.6316733275587 1.47904523932786 1.37827627611884 1.39568718947544 1.44510823332217 1.51446710532062 1.56351570507806 1.57559821431254 1.59103697113723 1.66907689852604 1.80709929546596 1.92825704491443 2.02327221145006 2.09593816244954 2.17949625859886 2.25971842590991 2.32330272156235 2.35313475406039 2.36284610069601 2.36519241322687 2.36365915730347 2.3617352886406 2.31502380475675 2.22359794229964 2.11735232579754 2.09062758234419 2.08665286637945 2.06856170400697 2.02988371063319 2.03537851759132 1.99669921145203 1.91082056627352 1.78944570188384 1.69126586262227 1.60639550892533 1.56623819253537 1.45738446093658 1.34599030997501 1.31268581793772 1.53649479013775 1.9527699715205 0 0 0 0 0 0 0 0 0 0 0 0 0 0 0 0
0 0 0 0 0 0 0 0 0 0 0 0 0 0 0 0 1.0641911821297 1.78613524901234 1.56476685855903 1.61011633200446 1.74995386125204 1.86040036240683 1.96499709237509 2.02654045173472 2.06421584144614 2.10683607580307 2.16492209070057 2.21282368576169 2.26941799237978 2.3312319626779 2.36635546573855 2.38562416042537 2.40954884182551 2.42582325641062 2.45066621986056 2.47508196442714 2.48954175365825 2.49328192987503 2.47954975356634 2.44341235933905 2.36868833758153 2.21719051212196 2.00695894143312 1.79531671645304 1.60690637962108 1.48256180238558 1.4455184811864 1.51030288921484 1.6074448203277 1.70800156382779 1.74624657077599 1.7563292075645 1.83132490676416 1.92352479515284 2.03597635573088 2.1100709017736 2.17946988920937 2.22857683905782 2.29842108021233 2.34850329849652 2.38875532179385 2.40411979771105 2.40986492243366 2.40555275000231 2.38860457600018 2.36295143519535 2.29651160960892 2.24717274962274 2.22396378340063 2.25181462771284 2.24300674100731 2.1898432393762 2.17768784867864 2.10591238522233 2.01910947275175 1.88725980109138 1.79965704977523 1.73931827806048 1.67822910738989 1.57307008935229 1.43174848224147 1.30928454062071 1.37194617641918 1.66634041802115 0 0 0 0 0 0 0 0 0 0 0 0 0 0 0 0
0 0 0 0 0 0 0 0 0 0 0 0 0 0 0 0 2.01092482949606 1.64853706133405 1.53929290618444 1.59621436133645 1.67287708085347 1.77737544129583 1.88687383434383 2.00958636007245 2.09374205732101 2.1790475694145 2.25684214810161 2.31867783300727 2.36209194143678 2.4003843147819 2.42938040854504 2.45196206218907 2.47021980567391 2.48210649431978 2.50184645473297 2.50577753993423 2.50813721444716 2.50900364181802 2.50164561980471 2.47773285816518 2.42255475841269 2.33014930939142 2.15963737553564 1.96962832467953 1.78388419278939 1.6526695414953 1.60611910647553 1.67002279283913 1.79555515141096 1.93076792982772 1.97505905715115 1.99922944232153 2.06084921177976 2.12160397787396 2.1986636683288 2.24530850804444 2.27999303429358 2.31755536744549 2.36040111386563 2.38850454609668 2.41321967995795 2.43115991659219 2.4297206421249 2.43471710585667 2.41684593374722 2.4048088924428 2.3684780316144 2.3462121520805 2.34654150331484 2.35225532264261 2.33555416562114 2.3014137963751 2.26201437108956 2.19021366388787 2.11528323285444 1.9809814698499 1.87401634225229 1.81475576929478 1.7419483924925 1.61012413330581 1.48915899565377 1.35650124669902 1.30584571877884 1.48327299721081 1.87592577327912 0 0 0 0 0 0 0 0 0 0 0 0 0 0 0
0 0 0 0 0 0 0 0 0 0 0 0 0 0 0 2.26335822656094 1.82090564661373 1.58519654793241 1.57109849672654 1.56063830878694 1.58986332644758 1.65337970526612 1.78637060756804 1.91325011061856 2.07435435285526 2.21011607499799 2.32820374751049 2.38602646217104 2.42693266750302 2.45326121507423 2.47163038235305 2.48087911091092 2.49778946373833 2.51060581025815 2.51675198865793 2.5176043632253 2.51813037913961 2.51722376197388 2.51265231184321 2.49466883503484 2.46294745464289 2.3890127671596 2.28846118734715 2.15552167434878 1.99968485854202 1.89749073788368 1.85939054331826 1.92870999969437 2.04535707601576 2.18467706302605 2.2367850855686 2.25238678122008 2.27023750272495 2.3101957056571 2.35382946727621 2.36195682929295 2.38100124302706 2.39438594298965 2.40802818962168 2.42878510016362 2.44282899856054 2.45864743939486 2.45299516886449 2.45456810893295 2.44782278597455 2.44048023259194 2.42865916268218 2.41156280213227 2.41217424902413 2.41529657920085 2.39461862362965 2.36233291975667 2.33943753771605 2.27377007158713 2.19155994894229 2.05758337655492 1.92515861486959 1.81852697843945 1.69511248882192 1.59228646334634 1.48545032261626 1.37160625339508 1.30082674796529 1.40959680746295 1.69100571995616 1.56825676627638 0 0 0 0 0 0 0 0 0 0 0 0 0 0
0 0 0 0 0 0 0 0 0 0 0 0 0 0 0.142161110452101 2.06294600106688 1.72596689889897 1.63779968040406 1.63269133863377 1.56429223710076 1.51542407271181 1.5562543441276 1.66180655579652 1.82486640543918 2.03123589448543 2.2032437384653 2.34157641754218 2.42072415188058 2.44913529956841 2.46857022536754 2.47645255797659 2.4801962861404 2.48676655160553 2.5040101371028 2.51472153857841 2.51676498703016 2.5187444084462 2.52162084160605 2.51783454301166 2.50626776900876 2.4804681456184 2.44075466521357 2.38436667495509 2.29244760274002 2.20054427033722 2.12034595950959 2.10891256538245 2.17835023649717 2.26686372212937 2.37186453774679 2.40748384206792 2.41346821739371 2.40910995500563 2.41747224226792 2.41696360317234 2.41749106525684 2.41523919209899 2.42307530978719 2.43458031358873 2.45033756938968 2.46505067958359 2.47092825339902 2.46800841309814 2.46448439171118 2.46134604465993 2.46603552407085 2.46009105061618 2.4522840244175 2.44901720570468 2.45258153039733 2.4347291975254 2.41603476205736 2.37815185914074 2.31554469674052 2.23893291235342 2.12950682288365 1.96904264142806 1.82319843351549 1.62869681643811 1.50207790648484 1.38464533374521 1.30989713087554 1.28186609725087 1.37945561696499 1.60258025181268 1.9297548430572 0.918168926255644 0 0 0 0 0 0 0 0 0 0 0 0 0
0 0 0 0 0 0 0 0 0 0 0 0 0 0 1.6312500896358 1.90676067528668 1.68348711398292 1.69941713871726 1.69589823465881 1.59088130515014 1.49178041740206 1.50143467044345 1.62367482330873 1.79773382058088 2.02952564233924 2.22224867875947 2.34956274413223 2.4124171498982 2.43059988524754 2.43887383544382 2.42033025996626 2.42572500638242 2.44198902832733 2.47512738406611 2.49866001953876 2.5081531287407 2.51634525744724 2.52032992224058 2.51883118425183 2.51383338602085 2.49165189826371 2.47044885275684 2.43833793484159 2.3917430641762 2.32958749487798 2.2772001652913 2.27057355568967 2.33122602764466 2.39229365891451 2.45730980742024 2.48674427824844 2.48836744634554 2.47541185805585 2.46754749626485 2.44538014480528 2.43016830401073 2.43475625243767 2.44566336950094 2.44675222222713 2.45764778534724 2.46771296498592 2.47754958535541 2.4807437181546 2.48053580564475 2.48171629979713 2.48723821860036 2.48851629412776 2.48481274026005 2.48532602061789 2.47838053280557 2.46712781040361 2.4434988257709 2.41371396774006 2.36789637650323 2.29698139318476 2.1846482981054 2.03230771765101 1.83973879420271 1.6282148646552 1.44699178236563 1.32384872824727 1.27080241852567 1.30096197699965 1.39499760940237 1.5034098760392 1.75892587560008 2.16463745715003 0 0 0 0 0 0 0 0 0 0 0 0 0
0 0 0 0 0 0 0 0 0 0 0 0 0 0 2.18235901503398 1.78406421168989 1.68669136224963 1.7526437343347 1.73933296710963 1.61683686109797 1.54034537677274 1.56749090921397 1.68792605769014 1.87566799949737 2.05936587624193 2.22947559757981 2.34175189094894 2.38217701037475 2.37713395515302 2.34818245571273 2.31202611672465 2.29813503880837 2.34208764173481 2.40481631954013 2.46404165055808 2.50146654045883 2.51274320812387 2.5181871472406 2.51795084552757 2.5109939842129 2.49896010144768 2.48020392717932 2.45759182479656 2.4219471263169 2.37438886986339 2.33953903614084 2.33140445223629 2.37359417820671 2.42614647986674 2.46580265438065 2.48967763880642 2.49680113471478 2.48534985573912 2.46956008953425 2.45020015932422 2.4314276672018 2.42554780092188 2.43567415981223 2.43503725095697 2.44400751124034 2.45727047012908 2.47378741138674 2.47556121726108 2.47775231886859 2.48363601154382 2.49805550584012 2.50290889633661 2.50409933321603 2.49914163693919 2.49361025299448 2.48029098627572 2.45848743456765 2.43805267237098 2.4020792226801 2.36115034152894 2.25073722344479 2.10690109600245 1.94560775657584 1.67387501342738 1.49285165811764 1.34201137512547 1.32262599398439 1.37765095679224 1.43290233731657 1.43073085587821 1.60626505677297 1.98532383867404 0 0 0 0 0 0 0 0 0 0 0 0 0
0 0 0 0 0 0 0 0 0 0 0 0 0 0.846527323430797 2.04144113790836 1.71903330279174 1.71015542246012 1.77451924093297 1.76495857019656 1.65257072874589 1.62838213271258 1.68679914636623 1.81985112416815 2.01378716812076 2.16334174419819 2.26319123826035 2.29929394939046 2.29815370350343 2.23898620287676 2.17561032200218 2.10960058719195 2.08335214223304 2.14929391510394 2.28834938661417 2.40092394031502 2.46940433834608 2.50558341517844 2.51353304805836 2.51252939059075 2.50892750411094 2.50140898032262 2.48790345112206 2.46239978156649 2.42952843492184 2.38097726191228 2.3361829451463 2.31931794658226 2.33200402499489 2.36970215724387 2.41743584527505 2.44657298137917 2.45722579698771 2.45635123979724 2.44864356349428 2.4340999767959 2.41326271706243 2.40196078901937 2.39530730025303 2.39151264694403 2.39885295809328 2.41351487854979 2.42523616610659 2.43950896979336 2.45096503674209 2.47190655757584 2.49759469519448 2.51411768963202 2.51857408421873 2.51583791718008 2.50702412871886 2.4983573217488 2.48049050966484 2.46492697779977 2.4517199521746 2.41382807683247 2.33681372449035 2.20892930492919 2.02286063537731 1.82805459143923 1.62742937847656 1.48909759775306 1.47129617354907 1.52019871292395 1.48927137024759 1.39902462196139 1.50343957792492 1.80917228897063 0.259516447821098 0 0 0 0 0 0 0 0 0 0 0 0
0 0 0 0 0 0 0 0 0 0 0 0 0 2.04693702224237 1.93267479890546 1.72490496771513 1.7556671169466 1.82252016529574 1.76812118836012 1.68431325062069 1.71854131163824 1.83879664759074 2.01029301333027 2.14761785559339 2.22888020053455 2.22650647184709 2.20672128715813 2.13063741217227 2.03247320968773 1.90972908345117 1.83001411095066 1.81951026257358 1.93627796463876 2.11006191135778 2.32170508727783 2.43838232456873 2.49114030344896 2.50735871872925 2.50750471991114 2.51060673070071 2.50486430623963 2.49391699010529 2.47406268248772 2.44276121170696 2.38469791211583 2.32673437875902 2.27695395510957 2.25364849375193 2.25790513424531 2.3012158261978 2.33662502594134 2.36062662821258 2.37352653191578 2.38524734251549 2.39217337073271 2.37426885875547 2.34373526262697 2.29830983638577 2.26860183918295 2.27262920116037 2.29650885562493 2.32125375720426 2.34241694968438 2.37932475102003 2.42302921561734 2.47799433550821 2.51203585469605 2.52526488102764 2.52432821392913 2.5151420522999 2.50644409032775 2.49878753072511 2.48806457803527 2.4797955099952 2.44753454971932 2.38370343619091 2.30465170173529 2.16230238533957 1.9729482963925 1.80562948439625 1.7258106532875 1.68336943497903 1.66136222968812 1.54394852301038 1.38352292662981 1.41939809342274 1.68293731855952 0.242801983492059 0 0 0 0 0 0 0 0 0 0 0 0
0 0 0 0 0 0 0 0 0 0 0 0 0 2.21722146702794 1.8586699177256 1.72066080834983 1.79543646459377 1.84960810200853 1.79720568121005 1.74562338270029 1.8315131708822 1.99950758535757 2.15202657777416 2.24157274856686 2.22362676989675 2.140666969213 2.04077889082579 1.93449989724003 1.78756329082297 1.66308587405012 1.54632067428743 1.53004227649623 1.67505565607884 1.95826899351779 2.21531805789161 2.39704665189338 2.47506659847974 2.49961107475972 2.50748474797915 2.50952229435089 2.5079674669378 2.50224864735339 2.4870545961296 2.45334375176618 2.39271893502365 2.32507280141129 2.24396996741042 2.16862971260618 2.13193309018473 2.14873035375418 2.17412475432042 2.19680739136698 2.22646766883674 2.26838973047426 2.28432466286234 2.26865205067263 2.21972687193766 2.16710100189487 2.08937863754527 2.04662118644061 2.0483871123816 2.07544653945409 2.12584248083431 2.20690147440696 2.29668038770849 2.41131374166726 2.48352718575646 2.51514587569466 2.52555910346021 2.52136486274135 2.51633516276371 2.50986755392262 2.49931925160649 2.47923776816085 2.45527434265762 2.41075702888163 2.34109038611225 2.24708827554148 2.10133950793805 1.9804626312512 1.91081084519985 1.8845561031172 1.79511115535281 1.6146019186994 1.39232036557466 1.36073968695421 1.58924970067257 1.97068971739253 0 0 0 0 0 0 0 0 0 0 0 0
0 0 0 0 0 0 0 0 0 0 0 0 0.299229836326371 2.15069838730714 1.78749982321876 1.71303480283415 1.809001523999 1.90126330285753 1.86036492701897 1.84110324749698 1.95487089576212 2.1073096548411 2.24599063396819 2.28140741684292 2.20455077779391 2.05150333361558 1.90710824845324 1.75486492353206 1.61973168079745 1.48588842855786 1.36547752150954 1.33521445873994 1.49484469253527 1.78483103592729 2.10831677823156 2.34574383152975 2.45714041249602 2.49198814355912 2.50507437562369 2.50641590004185 2.50942618745293 2.51064436709836 2.50078745667158 2.46516417878655 2.4060287343265 2.32792601556761 2.23266398569044 2.13057029989675 2.04326454166734 2.02701239081434 2.03053541226656 2.04219886498491 2.07840269062599 2.12227773773196 2.14586851781227 2.12149096552865 2.0233108598467 1.93954365589424 1.8323889504134 1.72444014822726 1.68885659124365 1.69683435074177 1.74376971450897 1.87508763268872 2.06123000375866 2.26709460275676 2.42346602248867 2.49659230813464 2.5188305112644 2.52104969591852 2.50944507482445 2.49969770443839 2.48011557622354 2.45471903387952 2.42144960882544 2.37651814630343 2.33045348482651 2.2701444699305 2.17904094090673 2.11212999389038 2.0855838561628 2.03853479433731 1.91995410708467 1.70192684039603 1.4652395515355 1.35609207595316 1.48648921246009 1.83371477457814 0 0 0 0 0 0 0 0 0 0 0 0
0 0 0 0 0 0 0 0 0 0 0 0 0.295699232356811 2.07118593970144 1.75016871433191 1.70801435286948 1.84555849974783 1.92870511442306 1.92531287949799 1.9437141726886 2.07702065432941 2.20969181991801 2.29191687511037 2.28627406267218 2.15793418366458 1.97617192847409 1.83689661277195 1.67790214672569 1.5512276042728 1.42222576832705 1.29955022484749 1.23591945373869 1.36178855138463 1.64626433021158 2.03773814086882 2.28401587555641 2.41484438598164 2.46669070569348 2.49202346250663 2.49854023519166 2.50387635951764 2.51442121218931 2.50626694835345 2.47637205043039 2.41971060075875 2.3460061213332 2.2429706979819 2.11502046395391 2.00324294114656 1.94394397535615 1.93566713426885 1.94440174917981 1.97172320040134 2.00686283516339 2.01004540799387 1.95060138923214 1.86296462205057 1.72895977302969 1.5367904977313 1.39944735092461 1.32234004279855 1.33607300808688 1.44073083050947 1.60369242623013 1.85420213418288 2.13685000836564 2.35866424946015 2.46526568729711 2.50491453364618 2.5110623774362 2.49562609661794 2.46751012609989 2.42224965506129 2.36877257428407 2.33073338982063 2.28323144457655 2.25486512338018 2.23421551503312 2.19317813732421 2.16789820528617 2.16207752681282 2.13405783270692 2.02820085180466 1.80484141270938 1.56152241005834 1.41505575873225 1.46512394448602 1.71773376351391 1.76244844662056 0 0 0 0 0 0 0 0 0 0 0
0 0 0 0 0 0 0 0 0 0 0 0 2.4417393261114 2.06703295851564 1.72779711073508 1.71730875527332 1.85015205540365 1.9508272314612 1.98179010031837 2.01488726285713 2.13070200218305 2.24121575507198 2.2923324887991 2.25915478983016 2.13906969868116 1.97082159433316 1.8187177619384 1.65485702487459 1.5110813547196 1.38806929789421 1.28616937966131 1.23841907923894 1.33709713085382 1.61561673361838 1.95766477852646 2.21657891791943 2.34325189540134 2.4120188624928 2.44814607647572 2.47033994418979 2.49189286530384 2.51050410043067 2.51361635769788 2.49007470407536 2.43113419689931 2.35138739012233 2.25904109425732 2.14545638780339 2.02154509616358 1.93833618066741 1.90267433172814 1.91682622809546 1.93172397123149 1.96120104173298 1.94979322708085 1.88930290277043 1.7872538246271 1.62037845571055 1.43283101241075 1.27520977168281 1.22443137554406 1.23858430143563 1.32121432434835 1.49943405263539 1.7955884917902 2.10877896523791 2.3218983347851 2.44450595287807 2.48129556198522 2.48079760554325 2.44840779798058 2.39133985374795 2.3194197663388 2.23299105643426 2.13344149201429 2.09383882371069 2.0992632443124 2.10556179393974 2.12214306560162 2.14165116414341 2.16896908526213 2.16824556457809 2.08873337454526 1.90194147121262 1.66617165795147 1.4941987452511 1.44833150540883 1.64804938908994 1.71812027463207 0 0 0 0 0 0 0 0 0 0 0
0 0 0 0 0 0 0 0 0 0 0 0 2.44636737227134 2.06507769379335 1.73413535153857 1.69047571750789 1.81380290312851 1.90985856655292 1.96116300900185 2.02218604167161 2.11503835676638 2.19391381371734 2.22015909054974 2.18489235061203 2.08361139363934 1.94131877379995 1.8014391208692 1.63635081992761 1.50780870986124 1.38423852691801 1.29737392050122 1.27410968056193 1.36307507314884 1.60846763026132 1.88703288742149 2.11411321710817 2.22537338772339 2.28836903190055 2.35162912249267 2.41560754843169 2.4635156309506 2.49740898654421 2.5059610075573 2.49189876360657 2.45157928652533 2.39176260073369 2.29854433487515 2.20050662296385 2.08679366657627 1.99041776595695 1.93995725008981 1.92177950522327 1.95005652130232 1.96248172394808 1.96797259118948 1.92292628318366 1.82212567915733 1.66029206542035 1.51861696470301 1.40760603982949 1.35354876212487 1.40080660066204 1.52582846937635 1.68362183390357 1.92568594956091 2.13105462140461 2.31261300174948 2.42703705539615 2.4556080046344 2.43468649039729 2.37911029254953 2.30203720860061 2.1709609383064 2.04839021686976 1.88082140672041 1.84831341434867 1.87257430805178 1.9342884507819 1.98232773516859 2.02446985973777 2.07783025743826 2.11357226385659 2.07139521879336 1.9331175437041 1.73158271751804 1.53087286464466 1.44404032327247 1.5593341517393 1.83455683846375 0 0 0 0 0 0 0 0 0 0 0
0 0 0 0 0 0 0 0 0 0 0 0 2.45278136112174 2.07729746714224 1.7338912634732 1.6351969747178 1.72258253767522 1.81354484208345 1.89443929636155 1.96758158107683 2.03535108921625 2.07935254891187 2.09679735743809 2.07249442734172 2.00700063885561 1.89318298933129 1.76082337148425 1.58869525458122 1.47047811938901 1.35971786956822 1.31520106186216 1.32219834766392 1.40984260216029 1.60730849304361 1.79033092874446 1.9209941781135 2.0333825573131 2.09458480985168 2.19482186343158 2.32685173618668 2.4183974593886 2.47802668751936 2.49676337382967 2.49130970196607 2.45925102731049 2.41335672816285 2.33393801543359 2.23332178500402 2.13093938203806 2.05379185393759 2.00518153497553 1.97488453852941 2.00722384052118 2.03245148520452 2.05410588192591 2.02941291971535 1.96724414435535 1.85636821424588 1.75917040767826 1.72660064557982 1.66701887205284 1.71601985716317 1.86118859395363 1.98015259901356 2.12252867196724 2.23783294005153 2.35467596570912 2.42092557540565 2.4175453347368 2.37464409817401 2.29827327684871 2.17582179566697 1.99261159572437 1.84169401374127 1.67148667467516 1.61131267863618 1.63138341838746 1.69175205332155 1.75192793814405 1.82454183598259 1.91724825583498 1.96064804237633 1.96466131202535 1.87189679589555 1.69761937069404 1.52840361976326 1.41192698783075 1.53127367546619 1.87441807209958 0 0 0 0 0 0 0 0 0 0 0
0 0 0 0 0 0 0 0 0 0 0 0 1.8114196600463 2.15540551284436 1.76265818210311 1.59327254495435 1.61121423855575 1.68267684326184 1.77910179837344 1.86894555065402 1.92412944105966 1.94099099982239 1.91897083240225 1.91469722212741 1.88356590359731 1.82548179657135 1.71462554781274 1.54802756511352 1.4238722259661 1.34205361585959 1.32839546081327 1.35328481233172 1.4489319530683 1.57688448451436 1.67107850092779 1.71065506434176 1.7702735145052 1.8597290962842 2.0105503480081 2.22598066314414 2.37388608502835 2.45367053388759 2.48446474690549 2.48632414640493 2.46834670202972 2.43764993232675 2.37982503869606 2.28505147539391 2.19227921515878 2.13571693747111 2.0781387558789 2.06279019086502 2.08582091124764 2.08040811281 2.14233413405725 2.16642382968625 2.1700248313105 2.12623041683506 2.06727742252786 2.02616008792719 2.04236810147744 2.07342933585974 2.14730517623817 2.21379467382127 2.28611508559145 2.34512737250923 2.38593189219381 2.39090218012058 2.35044688588332 2.2922467208042 2.20965591459516 2.05609562951412 1.86822987157566 1.68870993330343 1.52653458791311 1.47836388897645 1.48356248271859 1.50475261497639 1.55545460210866 1.62546063060746 1.69451062733527 1.76040270215645 1.79719979810406 1.73765701423053 1.63928357559452 1.50658946601317 1.4066118921731 1.5793348607859 1.68354876027142 0 0 0 0 0 0 0 0 0 0 0
0 0 0 0 0 0 0 0 0 0 0 0 0.306245198433445 2.25608279140881 1.89535808211557 1.64036521978511 1.58295877673385 1.59825370548337 1.6918380757285 1.75479769830944 1.79226158862452 1.79684071815691 1.7822282838219 1.76672785729594 1.75264453928683 1.71753324920068 1.62788628272646 1.51392194024001 1.39892728427687 1.31719554422635 1.32876160856981 1.37360908171629 1.43731522798454 1.52614882176827 1.55821205751519 1.56447037594225 1.56889739297452 1.66495454298958 1.87048113516631 2.11927522453112 2.32908590735759 2.44115411059145 2.47858951011603 2.48498783887514 2.47157184275622 2.45086114268651 2.40436145884754 2.34696603419372 2.26702298098366 2.20319574767237 2.13778550159406 2.13664021501075 2.14551747084047 2.15320924113033 2.22125916799782 2.26532572360997 2.28776595871306 2.29043280197184 2.2728275994308 2.26552323859305 2.27411368445088 2.31083200305254 2.32816228718702 2.35940892724193 2.39030988340073 2.4113801544329 2.39935681042784 2.36008144037663 2.27807908100939 2.19550870581742 2.10611215271009 1.95547037953854 1.79203697280149 1.63749905423007 1.50527589600471 1.46432321374554 1.43442322020315 1.41572837811192 1.43964417040151 1.47860552980413 1.54183524426687 1.59682814384397 1.62579128626389 1.62270496481735 1.58333441621601 1.51333081696667 1.48259210655634 1.70739825917432 1.32965140204274 0 0 0 0 0 0 0 0 0 0 0
0 0 0 0 0 0 0 0 0 0 0 0 0.267044023472638 2.43571558885195 2.08607767127956 1.83542792387162 1.66602750162335 1.59000435652701 1.60292385881151 1.65146937783616 1.67619050648922 1.66861496420809 1.6361683379349 1.62766620752548 1.6402230062858 1.62222752296311 1.55728734337315 1.4659864701195 1.37853289644672 1.32296952105928 1.34833470014013 1.38870111675946 1.43230881291996 1.48381449616151 1.48558388567263 1.46756494856477 1.44852272709628 1.52519599460947 1.76680488583053 2.05461384000283 2.3018966680594 2.43526402579086 2.47398878476213 2.4830764451461 2.48406913276626 2.46655157233755 2.44354438221447 2.39906370359369 2.33064104572798 2.27169332620954 2.22489869798759 2.21870713513529 2.18807623078127 2.23184433902898 2.30139090236149 2.36116915684989 2.41212558483326 2.42079644083389 2.41737775187731 2.41993123008592 2.43127831239678 2.4409430319429 2.45809969225824 2.46212097705827 2.45956486882262 2.43949543904225 2.38345183283077 2.29852537200222 2.19300010449205 2.08414001875043 1.98209537676981 1.8737715042598 1.7545129488729 1.66154361775065 1.56101572475423 1.51807842048414 1.48813112766841 1.46540158238841 1.46786614125212 1.4874311876221 1.5113066765372 1.54283993179004 1.55949065675851 1.56608428358776 1.58485287268783 1.59811520322762 1.66174013804511 1.92779922390589 0 0 0 0 0 0 0 0 0 0 0 0
0 0 0 0 0 0 0 0 0 0 0 0 0 0.928016821749148 2.31624243415459 2.06366913387456 1.86292474992404 1.70091219379713 1.60841918595192 1.59485401130688 1.59370087361846 1.58382417219602 1.55090917318647 1.54673723546479 1.56101594914745 1.55146759549773 1.50729305956025 1.45204193653366 1.39622121172951 1.36647742673322 1.38030192177365 1.40151490820421 1.4323641639145 1.4582081080244 1.45326576553721 1.42320104022084 1.41066781280267 1.49219720186574 1.73494239844656 2.0590966040485 2.29767631861847 2.43207031218942 2.47188288369446 2.48611955198064 2.49073771404547 2.49307088800878 2.48242748112287 2.45872476863022 2.41408081222421 2.36592967737997 2.2998464645208 2.28037532815487 2.28785698794281 2.32379766429875 2.36190787915381 2.43013406047744 2.4785074046897 2.50347994763632 2.50710819894876 2.50450244776977 2.51852290343524 2.5128028539723 2.50894870876688 2.50781882544272 2.48857396424924 2.44792109016242 2.37133352159716 2.22947816302619 2.09597307293368 1.94860703151236 1.85685839269252 1.77746668303867 1.72074826489016 1.65848530609399 1.61041938454879 1.5731382507606 1.56083568499807 1.55251308156825 1.55808279416486 1.55696666984367 1.55486677422936 1.55908954741541 1.57058534166981 1.5907387790502 1.63263911964356 1.72404998539328 1.84837604084518 2.13468772555588 0 0 0 0 0 0 0 0 0 0 0 0
0 0 0 0 0 0 0 0 0 0 0 0 0 0 2.51112764522455 2.27771769993464 2.07104122202147 1.83853712185252 1.68021599700152 1.6116054099509 1.55622955007794 1.52834067670919 1.49546412862921 1.49964648082098 1.51368615471951 1.48767114010891 1.46632573285879 1.44529910336072 1.4204730027308 1.40050438431554 1.40160218699126 1.40988134604661 1.42981678074298 1.44531359301396 1.44859042305213 1.43004388548781 1.44485956889475 1.52652591340214 1.7564661892484 2.06670781658211 2.30649227189783 2.43017167824365 2.46542536636818 2.48215667921964 2.49463615214567 2.51015546795917 2.51404688836355 2.49738197932891 2.46229557264666 2.40483868808855 2.36656825787729 2.34252038504953 2.34600426130077 2.36028537568569 2.39968476965024 2.46463440604737 2.51199289615486 2.54261580350001 2.55392450520508 2.55775631959176 2.55263675618764 2.5458442733271 2.53026190918944 2.52619875658118 2.50566736105405 2.45450518156586 2.35809641303698 2.1963861311876 2.01280742022532 1.86784017769346 1.78774774820947 1.74880589423142 1.70863200689329 1.67164135016713 1.62010071125877 1.59934353884906 1.60031986321684 1.61769734790644 1.62721705034427 1.61260115277172 1.59350042568766 1.5869922005693 1.5953431213565 1.63083622574024 1.69313422638377 1.79011505781154 1.94071356655912 2.20726870509487 0 0 0 0 0 0 0 0 0 0 0 0
0 0 0 0 0 0 0 0 0 0 0 0 0 0 2.58856776114826 2.41227313846684 2.22701728700747 1.97424863305632 1.75244683629745 1.62134026148464 1.55206085234841 1.50465045398857 1.47624608901581 1.48887320024262 1.50539161965475 1.46660714309188 1.44293214280558 1.44692120052458 1.42163330996521 1.39992191350325 1.39485385161113 1.40353674311492 1.4187585270171 1.43534579491661 1.44678039632153 1.42833642474495 1.44799501541962 1.52643387687317 1.74236605394235 2.04840392950521 2.30135264243372 2.42528909650113 2.46697522054653 2.48121599689184 2.49279508742153 2.50771201003482 2.51510563053232 2.50381959852742 2.47552658578068 2.4267078377126 2.38070560558314 2.35025674857808 2.34820068830899 2.34265867845459 2.39151305837476 2.45035630560848 2.51017197969151 2.54503493033791 2.55950692279125 2.56419868511712 2.56034316492917 2.54704495746999 2.52989892687755 2.51908532649599 2.4987385314298 2.44926110045466 2.3494054766414 2.18839961733292 2.00819406775191 1.85074558954667 1.78722727033518 1.75237940473832 1.73034029854906 1.6979992038425 1.65082097234898 1.59637587097361 1.58172173241086 1.60053250880222 1.61728099747741 1.6000863964233 1.58377136753812 1.58644476609192 1.61651551324894 1.64734814088405 1.68321611304714 1.77723983128678 1.92000030068161 2.15083873513291 0 0 0 0 0 0 0 0 0 0 0 0
0 0 0 0 0 0 0 0 0 0 0 0 0 0 2.60371960371211 2.42641610761577 2.22592017960853 1.969066243051 1.72689960279556 1.59678377088065 1.53920884664545 1.51173497791072 1.49507112894725 1.49468207138337 1.50257631942724 1.47855196703702 1.4455649827923 1.42914905426996 1.40005343209022 1.36301569332076 1.36143824819267 1.37864723919908 1.3984896336954 1.42634358675117 1.43470261509453 1.43131317504407 1.44348637928602 1.49447597287905 1.68846129949847 2.01999759712757 2.2690146321677 2.41993706843734 2.46901055977601 2.47960841759275 2.48409672769002 2.49106256754219 2.49371469962419 2.47937213457062 2.44427575314942 2.39726530379153 2.34062521872139 2.31694963623083 2.30642143353106 2.33141685040618 2.34840026456299 2.40298179174314 2.47287349642103 2.52057745938159 2.53925740808792 2.54499365918204 2.53785417999824 2.52412637360305 2.51186067117022 2.50023839723679 2.48015255781339 2.42959428291655 2.32795759585759 2.1780134823251 2.00806964256267 1.9002499897005 1.84095593102123 1.81184007292019 1.78414448105998 1.72894576853236 1.64627767590421 1.55219084907712 1.51820269244285 1.50695602676632 1.53824517725595 1.54542926821187 1.53261611040664 1.5576570633147 1.59156374037706 1.62713997288292 1.66174623613035 1.70926535200479 1.8234450386541 2.07547146407515 0 0 0 0 0 0 0 0 0 0 0 0
0 0 0 0 0 0 0 0 0 0 0 0 0 0 2.532309140642 2.32710407246868 2.07037955529415 1.81402530945566 1.64299072105876 1.58481089891195 1.57036813993637 1.54856540214451 1.53282090630703 1.5484281347998 1.54818454023409 1.53548497288286 1.48743040433525 1.44517722850948 1.37663470067344 1.33546973697504 1.32107433620614 1.33311025342036 1.36430297118722 1.40211598608881 1.43017597124418 1.4551167809006 1.46536114250797 1.50612649938856 1.6833949308801 1.99129684921743 2.23133833759701 2.38981881979985 2.45705393646751 2.47350751368113 2.47468368752567 2.46796564263068 2.46178038661518 2.43333529769432 2.39666511443916 2.35142983470495 2.30236128696774 2.26029205813756 2.22584151905761 2.26052736252419 2.32471106366161 2.36058442936542 2.41489729343686 2.45542691769948 2.46624260598843 2.46445881450087 2.4588702008779 2.45281622474772 2.45128921142953 2.45230122876252 2.44690965736977 2.40866082780181 2.32925630054885 2.22366084844985 2.08413206761659 1.98352760181321 1.94233382904034 1.89454757328443 1.84827819953004 1.73163477269897 1.60202685735156 1.4710770078835 1.39912213117412 1.42284354249894 1.48003174671488 1.52303390958489 1.52697614087304 1.54257101356978 1.58419041456098 1.60352731439818 1.61713863161393 1.62539903449869 1.68128963546594 1.9155838886989 1.54456207226894 0 0 0 0 0 0 0 0 0 0 0
0 0 0 0 0 0 0 0 0 0 0 0 0 0.796358270453068 2.3955869212936 2.09056722998515 1.81691132368444 1.67032927886838 1.61071681858048 1.61317312200149 1.63722623335106 1.6173576615618 1.60055079144456 1.62174600886057 1.62608747375354 1.60231138800992 1.57722132165572 1.50536019454619 1.41612617549914 1.33583214081635 1.30616616536859 1.31108541693388 1.33268055989251 1.3879422138864 1.44940378834707 1.52149776043438 1.58905024827671 1.64255238980863 1.78087227802346 2.00980653591728 2.24790539488149 2.3928593822218 2.44713326590077 2.4657681928081 2.45746484224285 2.44750250255206 2.43125409742448 2.39636369300884 2.35085208881143 2.29060964312692 2.21882173247796 2.18475764679918 2.17120640255629 2.17389971430269 2.23303868815497 2.29466478028478 2.31887552679695 2.33684325087401 2.31935006155106 2.30162233222782 2.31740628610179 2.32879306651558 2.35218617284211 2.37917778768288 2.40221683070325 2.38253373011684 2.33721139263058 2.27155228510985 2.17183983884192 2.10672143254496 2.06124141928635 2.00401716536525 1.91096607376877 1.7655672292343 1.57927156422858 1.40031604690735 1.31981070803581 1.36220897219607 1.48758473085788 1.56476717998167 1.60281586088813 1.6052302573896 1.64755713095483 1.65630113073355 1.62552342856666 1.571415150385 1.55217765352136 1.78571385716624 1.78202639940102 0 0 0 0 0 0 0 0 0 0 0
0 0 0 0 0 0 0 0 0 0 0 0 0 2.47866314215064 2.16269887567708 1.84778667018146 1.64584838446265 1.58544992217806 1.63471276084164 1.69185170212956 1.73922725975177 1.71931322676042 1.710579492997 1.71451179572412 1.70657741954418 1.69320428335679 1.65724405223867 1.58716351777928 1.47674257860727 1.38858503442488 1.32107939075538 1.30317539091647 1.313873552907 1.37696600605377 1.48116295553336 1.6241203733433 1.75218837339649 1.8486754502182 1.96025518415586 2.1380128157977 2.28966359394094 2.40741541985727 2.45798265846495 2.47158705108741 2.46077434947255 2.44297589629212 2.4087303834957 2.35427415315541 2.29757111997045 2.20276906584481 2.13330945031015 2.07729067194157 2.06962855384867 2.10476894278616 2.13570010339159 2.19636394663125 2.21067880175505 2.18101509407187 2.12219055652001 2.08006778496611 2.05507440044017 2.04729432133862 2.09023760795667 2.19428546603067 2.30391530584639 2.33643250781995 2.33671927833005 2.30723098210218 2.26557650268561 2.2246122742535 2.17486406379661 2.10217686083848 2.00309376651832 1.80749263679811 1.57339075036984 1.39013824031998 1.31932491243831 1.41410568980953 1.58202693150546 1.72215398971792 1.7643635111515 1.76236880210274 1.76507091669018 1.75102833392242 1.68423121836017 1.55378125873831 1.50113499038394 1.71279268938038 1.72464159848303 0 0 0 0 0 0 0 0 0 0 0
0 0 0 0 0 0 0 0 0 0 0 0 0.193317897967217 2.34117401931364 1.94266462640718 1.63884462742359 1.5462718753134 1.58478420733653 1.69711349851418 1.78442000012385 1.85062433051179 1.85460661432111 1.83815717765221 1.81920015152394 1.81472957281521 1.7799241089162 1.74103302435649 1.68332001568496 1.5892563692508 1.46070139113406 1.37269941772377 1.31593874389131 1.29734060716247 1.33836016332235 1.48480170872081 1.69928048238628 1.91113396479777 2.05798952433568 2.14731287786015 2.26456419119367 2.36664044312689 2.43367366339126 2.47308244834986 2.47943253042826 2.46895875334694 2.43595134418949 2.37925455901844 2.3086221490759 2.23284700460499 2.11700129916086 2.04144959186376 1.99339729610894 1.96120353673012 2.01982775667124 2.05305631245879 2.08343806926346 2.05626748890611 1.95190457685479 1.84975675434956 1.74518090727204 1.66693707174398 1.66325050974434 1.76302498675542 1.95970657694925 2.12446985545704 2.24614577686199 2.32222561006423 2.35241860657264 2.34907062749774 2.33314028392966 2.28734026376126 2.21852149709397 2.09142917481971 1.87812296372116 1.65209409383319 1.48994606668652 1.46400738758093 1.60267927226078 1.79427469857619 1.92854493445557 1.95676542580927 1.94632445571113 1.90671790190296 1.83684803055498 1.72563380211883 1.56666239106493 1.48411342838293 1.68475430557259 1.71097889095637 0 0 0 0 0 0 0 0 0 0 0
0 0 0 0 0 0 0 0 0 0 0 0 0.308645141611084 2.22850922161032 1.80449220380735 1.55014737680073 1.52660100293283 1.61905759908747 1.74824417223914 1.87413010019164 1.97042624184114 1.99567045276371 2.00473859276019 1.9641886444279 1.92884286849869 1.88157662881867 1.84807529034923 1.77713384679511 1.68011222996483 1.52378968683702 1.39599326686878 1.31396532480398 1.28044887098815 1.32395907570438 1.48647071444182 1.7746626846487 2.04211196679068 2.2114494798291 2.28413080629548 2.35405205583272 2.42057730574074 2.45930088822906 2.48475403025275 2.48893868446789 2.47212478069172 2.42483235543917 2.34580265606325 2.24730296418038 2.14333794166507 2.02296774700581 1.94818527951723 1.92906636519923 1.90528235083395 1.93538130726886 1.95902206432471 1.94697368990684 1.85528671898992 1.7035870816995 1.54631489699894 1.4095657968862 1.3255604867972 1.30546238617444 1.40723177392154 1.65842699757671 1.92915877462953 2.15220016760083 2.30594801261673 2.39217579073618 2.41844618793086 2.41279910554883 2.37562506698155 2.30338523792121 2.19739936106492 2.02488388719314 1.82104422203374 1.70899603278238 1.72484323598317 1.84463266438119 1.99815698092183 2.08572779286853 2.12197093679771 2.0915521746061 2.023868803915 1.91463187383443 1.74261373411747 1.54933019025966 1.4914725388059 1.69957486605941 1.71897164577976 0 0 0 0 0 0 0 0 0 0 0
0 0 0 0 0 0 0 0 0 0 0 0 0.308807381711346 2.22166540572546 1.76705242242199 1.52301402950579 1.55412890579168 1.66052983840041 1.80093991113276 1.93258476329798 2.0438175625326 2.10171852499841 2.12091682844402 2.10488408292562 2.07003279716731 2.01019632440714 1.95101894658639 1.85116585806531 1.71393384418034 1.53825178187583 1.38183670577446 1.28908981975457 1.24787493362831 1.29198701272229 1.47140151085764 1.82466215732892 2.12591087752559 2.3092466801602 2.38869125813584 2.42918656685816 2.45748269748221 2.47941757858775 2.49610928527561 2.49692559512282 2.46534020233867 2.39891578522426 2.30674582811352 2.18434947396689 2.06930603437 1.97836890487138 1.90897036306745 1.89309195045669 1.9071281128522 1.92279547136861 1.91951273060583 1.86232420211922 1.74406556011487 1.55455233928709 1.35567926758841 1.23839826486789 1.17779012366663 1.17160933037647 1.28094431691325 1.49492210534338 1.82077068561595 2.0922064743123 2.31314110441263 2.42838128231718 2.46569653414983 2.46555566835938 2.43765633004372 2.38336478628788 2.30635402234364 2.19405979344259 2.06696002868459 1.99462730054031 2.01244255393406 2.09913310444965 2.16886652184538 2.21516320513213 2.19793922245697 2.15378392870925 2.07436998562582 1.92674025796207 1.70174935981484 1.52916247585946 1.48946391254398 1.71376896242381 0 0 0 0 0 0 0 0 0 0 0 0
0 0 0 0 0 0 0 0 0 0 0 0 0.188245303377915 2.27557694910298 1.81860226203837 1.56093382095496 1.59692236593508 1.70769921574417 1.83597663163289 1.96501983138888 2.06501898142876 2.14002751631993 2.18160042232731 2.19417985557756 2.17498754597138 2.11078729064052 2.03109812083132 1.90413601672761 1.73529889354259 1.53598667821562 1.36970136159296 1.26645630498421 1.23332498842309 1.28041930559981 1.49920187305812 1.87178038228801 2.20504478929502 2.38512718196947 2.45173312973913 2.48210984362213 2.49452063388077 2.50209264375729 2.50413728341358 2.49266180881379 2.45219110101654 2.377065985006 2.26211787230449 2.15347778439007 2.04322792794725 1.94548290023061 1.89046529424231 1.90983040778174 1.96630651259479 1.9824817891029 1.97681574065522 1.90495237089295 1.76511564617124 1.57990914564138 1.42066471514965 1.31885987265801 1.30357986748298 1.33681917452591 1.42539490743921 1.64644937430683 1.91741572058338 2.17568067769363 2.3401300524002 2.44991810211321 2.48341723899165 2.48578704548407 2.46803292335358 2.44337593086325 2.40292040907266 2.34271699990559 2.27966929280827 2.22913181409722 2.22068548402975 2.23659513924702 2.26606292789441 2.26002510516301 2.22557497973911 2.16303251456961 2.07552115371422 1.9009967180373 1.70754265537478 1.51247934559569 1.48693091975747 1.72848410882285 0 0 0 0 0 0 0 0 0 0 0 0
0 0 0 0 0 0 0 0 0 0 0 0 0 2.30625156395983 1.87628105583605 1.60392795123512 1.62722903986123 1.75216901826315 1.84912562005432 1.93941376304052 2.01542574333241 2.09952845927474 2.19135208077816 2.22958360497677 2.22972371200483 2.19435198438235 2.12190828539166 1.96910004098253 1.78183578891215 1.57016286816978 1.3993477469269 1.28351869290066 1.24712662079791 1.33698959061836 1.54912904389466 1.92885429372556 2.26261710610314 2.4287614747114 2.4812853179408 2.50862534986676 2.5143254913609 2.51671456467572 2.50794007627016 2.48157853622478 2.42047219018304 2.34539622107811 2.24796242188371 2.14649873551349 2.05202836803449 1.99481241240756 1.98955916067934 2.03562423615013 2.08043630706997 2.10271596877545 2.10512772945504 2.06225976373693 1.94182349122374 1.80227719075438 1.66977057744013 1.6258364053553 1.65091874632076 1.70159153116933 1.80198219025273 1.94914075794549 2.12123625610299 2.29004879274674 2.41414027684205 2.47078201924825 2.49242363207147 2.4921586771178 2.48384096848435 2.47378224282119 2.45340135225282 2.42598913091558 2.39491810868959 2.36279831316889 2.34275658741016 2.31686500144697 2.28892639118625 2.25238756817838 2.18438253322787 2.10310793514723 2.00827281526505 1.86458439417106 1.65721396969516 1.47980545491926 1.48599826749433 1.78028958068068 0 0 0 0 0 0 0 0 0 0 0 0
0 0 0 0 0 0 0 0 0 0 0 0 0 0.953949652555203 1.97362079169931 1.64732576083302 1.68160293301271 1.79682082457186 1.86668553737433 1.88155472963516 1.92134584954766 1.99997113626246 2.11447980715882 2.21497731295043 2.24528746696652 2.2489215421612 2.2019293065758 2.05528285914366 1.89151683265827 1.70799481837473 1.52203500074226 1.39088022518359 1.36878281519016 1.45060470949272 1.6788467629475 2.05747391842657 2.29466642966 2.45367023293105 2.49740479576117 2.51450517948085 2.52057094392484 2.51994705011474 2.50519224224059 2.46926462127004 2.39555316890817 2.32351234867947 2.24133749664634 2.16724147228368 2.14012831464286 2.11562523706703 2.13208907199291 2.16725745476613 2.21482089502753 2.23785184896382 2.23534422758194 2.20765065256447 2.1207548254909 2.0486189877203 1.98644138254023 2.00480886839498 1.99470856595724 2.02387022463113 2.08179508601594 2.18966996734955 2.27980286623305 2.38931861654585 2.45070621045701 2.48843620686077 2.49827902749613 2.4948360915331 2.49033615152846 2.48968847655212 2.48527546097211 2.46818501457623 2.44298255922575 2.4095120999108 2.37254042446456 2.3186908966372 2.25047541975721 2.17709069804516 2.09969335731822 2.0029851600372 1.90613315215275 1.78523756908614 1.59271997356716 1.44501668216019 1.48299563894049 1.80864651438794 0 0 0 0 0 0 0 0 0 0 0 0
0 0 0 0 0 0 0 0 0 0 0 0 0 0.803551950449324 2.07830183526261 1.72075696133148 1.69361085572867 1.81836323641567 1.85766274666601 1.84287729536556 1.83395550437253 1.87815822908499 1.98756584298989 2.12556479330458 2.21676313205367 2.26352461658355 2.26040776277404 2.17725329452657 2.06876617834102 1.89306101205869 1.7297253911713 1.58804950049469 1.55633670633507 1.62503800508183 1.85800469487932 2.17908518306662 2.3653889107021 2.47171179177048 2.50649717294735 2.51661891815371 2.51992016484899 2.51647685583513 2.49758164173435 2.4494993204026 2.38571501610035 2.32123362412463 2.26264383921491 2.24491974540061 2.24464876430534 2.24874656408376 2.27069471887641 2.31316388633106 2.35055526174382 2.36969933973059 2.36582792478418 2.35318236595858 2.30210950169727 2.23815606878263 2.23602931239704 2.24730047407221 2.26522630886219 2.26112549365465 2.28919381440047 2.32451600507179 2.38617381953153 2.44613735317302 2.48103428864708 2.50187872960771 2.50287514306403 2.49700955956841 2.49448292156132 2.49532917263963 2.49353712331975 2.47821780686874 2.45559514601877 2.41087291539368 2.35242381466715 2.25827963338134 2.15134293260651 2.05118378203895 1.93970298249268 1.8408937658083 1.73434203460086 1.64030402183006 1.53190077752032 1.42702808497607 1.52478045214025 1.9092492523758 0 0 0 0 0 0 0 0 0 0 0 0
0 0 0 0 0 0 0 0 0 0 0 0 0 0 2.20640082546098 1.81149531297938 1.6751650162938 1.79662916517692 1.8594608600152 1.82031227416091 1.75962901991732 1.75425946747979 1.83510908695955 1.98806476352798 2.13139441763579 2.23279285573647 2.30174201576305 2.28944224114288 2.21933214229042 2.10265602539261 1.98677960220758 1.87080934474467 1.83616539707235 1.8831602171183 2.07958664051905 2.29210822848332 2.42113533559662 2.48478281295272 2.50972751670574 2.51342905461762 2.5141479971956 2.50624208435093 2.48620772806475 2.44085771063536 2.38022702002034 2.32868669017557 2.30876767117383 2.31790381517052 2.33770551292336 2.35209722896592 2.37661371723786 2.41242881340824 2.43549892885791 2.4369287749678 2.43727530412246 2.42657291629057 2.40330932291266 2.36792705525854 2.37658961538797 2.38908927124472 2.40779552425466 2.40556004630959 2.40200419576714 2.41725027810959 2.4489811219712 2.47127222578582 2.48597309751469 2.49747782252033 2.50231296656927 2.49552895467248 2.49145157179715 2.49140727411733 2.48781468336484 2.46731313374439 2.43491628486637 2.37281707247176 2.29175585213493 2.18533420036837 2.02624659441689 1.88117221463668 1.74349583040766 1.62551932411184 1.58868362776049 1.54360107057946 1.45653320110094 1.41901893079005 1.60949181850733 2.05934793973329 0 0 0 0 0 0 0 0 0 0 0 0
0 0 0 0 0 0 0 0 0 0 0 0 0 0 1.62744486863537 1.92007099590143 1.69582847591934 1.76159550714486 1.8242564827319 1.77989386098329 1.69149408321119 1.59935579663937 1.64535277853693 1.84077197683285 2.02153363317126 2.15496702713097 2.29765742732425 2.33894833016427 2.35139734456211 2.28944087968943 2.21992722826368 2.13541632840024 2.09572051159022 2.12621812027781 2.25810784329572 2.39342938001204 2.47070472716828 2.49860561695098 2.50540135167375 2.5057493336281 2.50154629902249 2.49466686414095 2.47509505279013 2.43953701337243 2.38675782911687 2.33858337366726 2.33198355230022 2.34195027066776 2.37071160777796 2.40205342874148 2.43427491025817 2.45546693477963 2.46138045998223 2.46481844068723 2.46319328666108 2.45488983602456 2.44895156628159 2.43854769114228 2.44211562326748 2.4564160415718 2.46671572854094 2.46998268037249 2.47238413634172 2.47415983869928 2.47242743147597 2.47601991272507 2.47928607711057 2.4895182512589 2.49488613904354 2.49112564987771 2.48478898816368 2.4816476179693 2.47347196419579 2.43802052977035 2.39747889327013 2.31366289950266 2.20459072849248 2.08456882926839 1.92623186129685 1.74135268915968 1.56767006860703 1.4812074701461 1.45019300315818 1.43681584336433 1.41607266403912 1.4639803989513 1.75300213200836 0.259521456203329 0 0 0 0 0 0 0 0 0 0 0 0
0 0 0 0 0 0 0 0 0 0 0 0 0 0 0.0252182304811908 2.11097315641386 1.74238057604188 1.70309425313526 1.74673293355327 1.71648764801766 1.60159104054041 1.48796370373092 1.496419125701 1.68898338449361 1.86365731526113 2.09118503776818 2.24638742767488 2.36551852785736 2.40716380878115 2.40403553841697 2.3628935347155 2.32037048006995 2.30246392030043 2.34180258464294 2.40881257798559 2.48071876292847 2.50374966694626 2.50811234258528 2.5058028404148 2.49915681934433 2.493814899209 2.48281782381528 2.46996827574603 2.43251682315689 2.37621354440557 2.32513735134855 2.28499564599646 2.29178931491296 2.32486156777993 2.3791375147184 2.41732026465186 2.43661672747277 2.44445568405672 2.44604707655319 2.45617050894224 2.46195234536788 2.45875704112936 2.46207904775974 2.46576726995627 2.47705188252557 2.49316994520408 2.49211177716061 2.49374439839343 2.49516910551324 2.4859837041775 2.47302239086461 2.46532805501782 2.47761366529115 2.48139853169854 2.47628063142116 2.46909621726298 2.46584314582457 2.44529712548308 2.40853437958337 2.34134301812837 2.2597557298659 2.16552663165356 2.00750906897142 1.82683447316511 1.59591544319745 1.41638340433716 1.33774320453001 1.34244437651086 1.37186919239207 1.39718650949618 1.58755919039651 1.99028123995144 0.00406162923807938 0 0 0 0 0 0 0 0 0 0 0 0
0 0 0 0 0 0 0 0 0 0 0 0 0 0 0 2.27102841456384 1.90729861632103 1.70895339475638 1.68946059412969 1.65216891747415 1.54017710916186 1.42126565542481 1.40873994164902 1.56662211345833 1.76246394760137 2.03924293208789 2.21076193685205 2.35061922840886 2.43457317339329 2.45116072387044 2.44761931388507 2.42772787500414 2.42508664953661 2.44438066205163 2.48410107229372 2.50548696820113 2.5181976216065 2.51574634693689 2.50760067777906 2.50151538734863 2.48788608327314 2.47664939224299 2.45497067079162 2.40332129453373 2.33004472181315 2.24306083143367 2.16125168589853 2.15302415950507 2.1951899362816 2.27021780263957 2.33488221095437 2.36555361516024 2.36902556716176 2.37536289557815 2.40329873626609 2.42737047661824 2.44828448904546 2.44936901703593 2.45211411793345 2.47031809161341 2.48779475412328 2.49104889093782 2.49675037069837 2.49773294005498 2.47987033199769 2.4603034360677 2.44808196299621 2.45156243602994 2.45369745797838 2.45838233679977 2.44102896075031 2.43047106342585 2.39955609354857 2.36126782652853 2.28025731486855 2.18072709374319 2.07039565816052 1.94319171138991 1.73753401283905 1.53114791986401 1.35571661383906 1.27890545925619 1.29850694071164 1.35525155354147 1.46260943931131 1.779286362549 1.00003928551739 0 0 0 0 0 0 0 0 0 0 0 0 0
0 0 0 0 0 0 0 0 0 0 0 0 0 0 0 0 2.07541549943351 1.78107181035758 1.65225224841396 1.59494045235794 1.52792903596304 1.43032222241875 1.43178642301593 1.53697975363779 1.75132521172351 1.97438990377395 2.1719204562533 2.3188553822917 2.42712509576127 2.45449305520313 2.46282932693118 2.455397646367 2.46181223034459 2.47716826865777 2.49992701893122 2.51179881035108 2.51528323550678 2.51265841304476 2.50715196117763 2.49878517687794 2.48725427524662 2.4645471089516 2.42072850646796 2.35852479114515 2.23781487996018 2.09854682882785 1.97234536062131 1.92701364942158 1.96985308002698 2.06994461579526 2.13954506076463 2.20023172817097 2.2241759752985 2.22606343723473 2.3006717185885 2.34560734400421 2.37888363509928 2.39671234534924 2.41120543666156 2.44330293730112 2.46312964081074 2.47547967789734 2.47956343566455 2.47884196877874 2.46320119427038 2.43711486142244 2.41467775403922 2.41180532069556 2.42296667236673 2.41183486113181 2.39702562453492 2.38517838512868 2.35240706175028 2.30491034086867 2.2321838355504 2.15743528029007 2.02830633030094 1.87835958640271 1.68080584099544 1.49674919007944 1.35638785125568 1.29201361134174 1.29275714204452 1.36468406395127 1.59645814866076 0.299277542468593 0 0 0 0 0 0 0 0 0 0 0 0 0 0
0 0 0 0 0 0 0 0 0 0 0 0 0 0 0 0 1.00882130618011 1.9768559787586 1.67846200692223 1.56105426589177 1.52937111246913 1.5102824890121 1.54173519762357 1.63777051694452 1.7852163404207 1.9521175412349 2.13918881281962 2.30029950886643 2.39360436358622 2.43703663752995 2.43484026966329 2.4372969239243 2.44356569307475 2.46458191243913 2.48256098759273 2.49659090349759 2.50372306654319 2.50052050865478 2.49860289886395 2.49722308768883 2.48634306068045 2.45203327517238 2.38901704219016 2.27026275016788 2.099399689864 1.93057800426237 1.75105514109224 1.68998134409251 1.71618977808686 1.82223300913281 1.90027072070961 1.97940502107334 2.01779856044545 2.06982073283604 2.14769766605096 2.23375199236115 2.30050625746899 2.32013904109068 2.34820410225137 2.39487697384033 2.43627077816873 2.44674478339394 2.45328847853032 2.43943760077961 2.42803837856594 2.40144735661565 2.37708461133136 2.36686405214604 2.3602298947623 2.36016381741833 2.32075631724045 2.29310651143197 2.27152426567292 2.22590474090039 2.15173086911754 2.08580320649919 1.9419282249844 1.81924846827526 1.62254538261719 1.46135866786017 1.35832581872143 1.31174082672887 1.28964988359725 1.42277829190987 1.73521813116194 0 0 0 0 0 0 0 0 0 0 0 0 0 0 0
0 0 0 0 0 0 0 0 0 0 0 0 0 0 0 0 0 1.48005474114533 1.80800388263069 1.58518463653007 1.53994089037235 1.58569561995375 1.64587169187366 1.7455059851358 1.84214373826562 1.96750210546632 2.10501336898985 2.24672674098867 2.32952467713192 2.37614762107985 2.37999685045349 2.37566200216032 2.37203680975457 2.40361412279511 2.44401643939739 2.46718923897641 2.48152913991434 2.47729234046913 2.4807566679209 2.49068994609223 2.4834060275156 2.43265162476935 2.34168033175492 2.18631300731072 1.95350683202854 1.74383808444423 1.57053106638843 1.49690500698183 1.52312587379108 1.6092224206776 1.68481831493777 1.73409451733238 1.77620862446553 1.84629974221006 1.98203070779971 2.13790646607399 2.21066902927022 2.23680409199081 2.27841375960009 2.35262104367123 2.39667794927194 2.40929153055041 2.40306436950982 2.38943869825469 2.36291205058399 2.33836328287269 2.32443059847651 2.301429259138 2.28330802216474 2.25909344287357 2.22299667171524 2.16796994949556 2.13837447374388 2.09941843793534 2.06874237043822 2.0016757389877 1.8999852514253 1.73142227136017 1.57578684284157 1.42728233046593 1.35490695821191 1.2978711277435 1.27945191413321 1.50636368086459 0 0 0 0 0 0 0 0 0 0 0 0 0 0 0 0
0 0 0 0 0 0 0 0 0 0 0 0 0 0 0 0 0 0.47906549954704 2.00869747410147 1.66397585976955 1.57035294351036 1.63456753292515 1.72922774851417 1.82883880618358 1.90699942588848 1.98555406205764 2.07508775006241 2.16493718987006 2.25633742521168 2.29237442649899 2.2869657890401 2.28078220712526 2.26248796836859 2.28227438077084 2.36524750204868 2.41837781217085 2.44573925130915 2.44504776749758 2.44926968300289 2.4607241070449 2.46242153129569 2.41132938205672 2.290530406314 2.08663803665495 1.82957715687409 1.61008201440061 1.47708860799351 1.42678379661767 1.43331427833668 1.48033213305217 1.52271101464832 1.55906073057258 1.60488238861982 1.68628153776366 1.8761172818619 2.0432811340699 2.15208882215843 2.18126090878881 2.24973312662779 2.32823761967751 2.36875250074578 2.35603089090805 2.34854954558554 2.30841627893767 2.29162295096922 2.28112234217793 2.2539459203864 2.2193137918643 2.17513300111262 2.11484271716162 2.05953442043975 1.99706288034535 1.9450062926297 1.9471493326269 1.94429499829904 1.90938693311519 1.81303004345635 1.64227849718512 1.48396540503673 1.36555964979559 1.31508009624568 1.26495468922793 1.34338442421527 1.70961436851597 0 0 0 0 0 0 0 0 0 0 0 0 0 0 0 0
0 0 0 0 0 0 0 0 0 0 0 0 0 0 0 0 0 0 0.811272341752217 1.84928248396773 1.63640192673294 1.64908263409235 1.75560260233471 1.85583638316332 1.92966347019831 1.97964548653622 2.01928997542332 2.08678088458454 2.15027046014405 2.17601269999119 2.14913873413612 2.10104509474576 2.09558686207484 2.15044909623022 2.25790107546668 2.36585572681745 2.38837699341671 2.3777133604912 2.39051980432207 2.41670594480585 2.43799541107477 2.39560456439537 2.25082763749378 1.99593094821598 1.72833018617951 1.53547692604617 1.44912311904088 1.43070627569473 1.44759419300917 1.46384623188074 1.48815132749506 1.50317839433762 1.52216359405344 1.64026568356422 1.84736167098329 2.02669960290609 2.13112095809606 2.17350206860386 2.23547084289058 2.28790996247789 2.31730154397721 2.29266609534135 2.24242731049253 2.19981115957474 2.21831998733208 2.22907615672933 2.18079099061661 2.11101434002089 2.04248425762044 1.95865275523405 1.90291452973086 1.81537097114532 1.76356165061998 1.75568686576401 1.80659885540204 1.80468270946771 1.7182613453139 1.56644328694071 1.39815550994925 1.31044508631245 1.28755844790739 1.2935295352689 1.53565780997841 1.14709513222873 0 0 0 0 0 0 0 0 0 0 0 0 0 0 0 0
0 0 0 0 0 0 0 0 0 0 0 0 0 0 0 0 0 0 0 2.08197977828684 1.80380620115098 1.67491250732202 1.71179979089319 1.80719705174371 1.88424300589733 1.9167561232807 1.93159993597038 1.96550419477161 2.0165412798437 2.02693573291495 1.99457647536901 1.90478700610469 1.88923350429249 1.97439199881832 2.13440755857688 2.27784188592621 2.29942966365316 2.2764098877943 2.27964758981721 2.34726043240777 2.39022036955639 2.3650261422073 2.22375973313451 1.948175414302 1.69619804623833 1.5207957942586 1.46294859946318 1.46426701746802 1.49345790253156 1.50714487195158 1.53450013923232 1.51541879735185 1.51190381259345 1.65834125662782 1.88434420110166 2.07974745643977 2.17316171067288 2.21225372025689 2.22828871858901 2.26694886777114 2.25244170456315 2.17718396604622 2.1074973916028 2.06308522423798 2.10789285892779 2.13107790587128 2.0877703121863 1.98078048629214 1.88429769005597 1.80085612754877 1.72081147300746 1.62527496138901 1.54108743347146 1.58181735719907 1.66680330955649 1.70976639398302 1.64236554121404 1.49392794035425 1.33181744003711 1.26258803744546 1.32465014052654 1.50861996037377 1.44542768551342 0 0 0 0 0 0 0 0 0 0 0 0 0 0 0 0 0
0 0 0 0 0 0 0 0 0 0 0 0 0 0 0 0 0 0 0 0.19258963278946 2.0141974966194 1.77173291486999 1.68321407641564 1.72934906128678 1.78834099808087 1.80915362122868 1.8177048067397 1.84609218047143 1.87824480950864 1.8875138215781 1.83167363658768 1.72675703874298 1.70623481630406 1.82345397331261 2.02273979470644 2.16099590534634 2.15807605368774 2.11068409414941 2.14735397989201 2.2401560217185 2.31962514634414 2.32679912061588 2.19555595881143 1.9220220513649 1.65834450266509 1.51918905218285 1.50687499467849 1.52300722905502 1.53936427505379 1.59213572151853 1.62557096319051 1.60113709042504 1.63009773953911 1.73336027258736 1.9418908264989 2.12311003549642 2.22334044795908 2.2547539876671 2.26470504864471 2.25848374809711 2.1580441774073 2.05240882367589 1.92776193852087 1.91153378828028 2.00370296818311 2.04682205297783 2.01676350498812 1.85146931333138 1.76516914236434 1.66767464407078 1.54248806185004 1.44911793625983 1.38533218299672 1.44527182860869 1.53660102082485 1.58909993564961 1.53794752880456 1.40967026666396 1.29724091716587 1.33209893610345 1.53556648091942 1.73103615912921 0 0 0 0 0 0 0 0 0 0 0 0 0 0 0 0 0 0
0 0 0 0 0 0 0 0 0 0 0 0 0 0 0 0 0 0 0 0 0.619575087959442 1.95999161181143 1.75655541535997 1.67734121518842 1.69718134529494 1.70110763001947 1.69770202432105 1.72120516280228 1.77073177763652 1.80097068360171 1.7385608324822 1.61222516423881 1.57459094842548 1.72658407305463 1.92621248991988 2.05933228476519 2.01039313603615 1.94652166703811 1.96451413245535 2.07670111511758 2.22429329040912 2.27185754149389 2.17144093008529 1.92537486248172 1.6555616232644 1.51062971451269 1.52864572439286 1.56027797180024 1.58090038072237 1.61565808546826 1.68028720677647 1.70466446783042 1.73354852931014 1.83316289570305 2.02077381963868 2.20714333225564 2.28087840673725 2.30486204929801 2.29160028833756 2.23995741872076 2.07353873946503 1.88267145699521 1.73824051794096 1.72660746556277 1.8405739973092 1.9602651530302 1.93990949822377 1.81051556012799 1.66960952722368 1.54510104998013 1.41164284202495 1.35798610884331 1.29970170115026 1.33658337873318 1.4069280523588 1.47188250513297 1.40667430365796 1.33678590927056 1.35367929073531 1.5626354896525 1.17992371655548 0 0 0 0 0 0 0 0 0 0 0 0 0 0 0 0 0 0 0
0 0 0 0 0 0 0 0 0 0 0 0 0 0 0 0 0 0 0 0 0 1.13052949389481 1.9136929303801 1.74061792638949 1.65867160257837 1.61957662252234 1.60005162916195 1.62719640585439 1.71327378311106 1.74167496945282 1.68106529453779 1.55761491359158 1.52894757461377 1.66063966071689 1.87816170526049 1.96941751412491 1.8650769258374 1.74813850692376 1.75163227313486 1.91192811287109 2.09411078394077 2.2180948142931 2.15001101081671 1.91134883513444 1.64996619984211 1.51901409495986 1.51449372886777 1.57547593973391 1.58708628936765 1.62638885908983 1.73439152887961 1.7982396480386 1.83303360068862 1.92706663209033 2.08874504013399 2.22483044651561 2.30451051086542 2.32234852050909 2.30795280023784 2.22484452176458 1.97009967629874 1.73865247959957 1.52216202651594 1.56188989123286 1.69036863657651 1.84973240359719 1.84748852857026 1.75946295012499 1.61312633864364 1.46494886306439 1.396926779814 1.30545002283892 1.25009688018938 1.26936177659794 1.33040239623113 1.36646102110089 1.34061166531867 1.4138111406879 1.61144954432051 0.566839828557436 0 0 0 0 0 0 0 0 0 0 0 0 0 0 0 0 0 0 0 0
0 0 0 0 0 0 0 0 0 0 0 0 0 0 0 0 0 0 0 0 0 0 1.71441788605542 1.93136552353445 1.74025242819414 1.62536791738342 1.56994536948427 1.58312835745469 1.62772233665312 1.66845479585751 1.61863117883279 1.52885078821612 1.5131926419395 1.66635708563354 1.84682430719018 1.87544173024953 1.75399271247788 1.61252252351464 1.60841531501226 1.78116613931018 2.00660288668005 2.14172394100753 2.12304091336851 1.91377405247005 1.658568197676 1.50309524942165 1.51875591185995 1.57387763310512 1.58118108303575 1.6230911631223 1.74062861148497 1.84888220673529 1.91799575362322 1.99916518209264 2.13434654700618 2.2506373918287 2.30895012937944 2.32104924826332 2.3172941305295 2.21233907064613 1.9084885911731 1.57533056884139 1.37880285907145 1.39823594815852 1.57056838939492 1.77931181769301 1.82995458482849 1.70940148436309 1.61275481433141 1.47566468554253 1.38695124253445 1.28069883403429 1.22975092891362 1.23855425189081 1.27591013182446 1.34333110392797 1.4415617425211 1.70044868397183 1.12746742665092 0 0 0 0 0 0 0 0 0 0 0 0 0 0 0 0 0 0 0 0 0
0 0 0 0 0 0 0 0 0 0 0 0 0 0 0 0 0 0 0 0 0 0 0 0.567032020882988 1.95975863435887 1.75631453361275 1.61766460230352 1.56675059809617 1.5604248111411 1.59397066456989 1.56276218135743 1.51102955388245 1.51846487087123 1.66986860651165 1.82151336821396 1.80697571293195 1.69065714802363 1.5272269976219 1.52423068304717 1.70522427081028 1.92543702458231 2.09966474899459 2.09775298573949 1.88618919749539 1.64661925483592 1.51632624631069 1.54039335559271 1.56259766362784 1.57607704863671 1.60892643136091 1.69947571982898 1.87771259524338 1.9670185891979 2.04267273817988 2.14567074691838 2.23358939989475 2.26319166526982 2.29573853292539 2.28884973941278 2.18889075653232 1.88836872037115 1.545498908419 1.30518056767882 1.31206316820138 1.45803632982467 1.68748682577438 1.77082475488679 1.72898642057402 1.60094805918507 1.50596871333871 1.37861514923992 1.2684539733182 1.20270228466188 1.2118684823745 1.32966113569674 1.53016149771148 1.5839654444713 0.0414829719856152 0 0 0 0 0 0 0 0 0 0 0 0 0 0 0 0 0 0 0 0 0 0
0 0 0 0 0 0 0 0 0 0 0 0 0 0 0 0 0 0 0 0 0 0 0 0 0 1.98447692253737 1.79502070372591 1.62848921823675 1.55401990935384 1.52534425364461 1.49844138698279 1.48636244200333 1.52345618696441 1.69416658846377 1.79820967004263 1.76643357729695 1.62539493389801 1.5082788962227 1.51932295859322 1.66814303187548 1.91021533350886 2.06226857041295 2.06092634183959 1.87423601039783 1.63729885668325 1.52254495381412 1.52796962766458 1.53978565065174 1.53917699120847 1.56067852570765 1.67105688731405 1.85561928430568 1.99059740652921 2.07884105280008 2.15224936829506 2.19579617981859 2.20660287740731 2.220483748253 2.23356181842022 2.16149315187684 1.90380624435427 1.58426394600529 1.32922403611923 1.29072174190113 1.40982846072184 1.59009712012833 1.71035948032864 1.6664578301142 1.55831095728041 1.46848830225498 1.33478914145721 1.241907120859 1.2281800981655 1.3181296926524 1.42169252734291 0 0 0 0 0 0 0 0 0 0 0 0 0 0 0 0 0 0 0 0 0 0 0 0 0
0 0 0 0 0 0 0 0 0 0 0 0 0 0 0 0 0 0 0 0 0 0 0 0 0 0 2.04241140124695 1.81783325993016 1.67197935303921 1.55915257105042 1.47989624177694 1.4562522232759 1.52500459440867 1.64832995510141 1.74369470653553 1.72011582889568 1.61126443952087 1.52348141804649 1.53860849057738 1.6768517878274 1.87683483236938 2.03705818324514 2.02327742621095 1.86850088375909 1.6431756098037 1.51867898022101 1.50427454078371 1.50574395580298 1.51951938200388 1.51987948658666 1.61891368331853 1.81898097563451 2.00711915979599 2.10539864995982 2.14051372102552 2.13735072854154 2.11248008255462 2.11203147004704 2.13473551431971 2.10941283344877 1.9130193021898 1.67203682638133 1.41179565063704 1.31302158928109 1.36453117315206 1.50612047423894 1.58644629770863 1.53499539258595 1.43269524189317 1.36507169424653 1.30965478281113 1.30746032222059 1.44403673655468 1.67850641442971 0 0 0 0 0 0 0 0 0 0 0 0 0 0 0 0 0 0 0 0 0 0 0 0 0 0
0 0 0 0 0 0 0 0 0 0 0 0 0 0 0 0 0 0 0 0 0 0 0 0 0 0 0.142284696094818 2.13890403741316 1.93313353532049 1.74511357954042 1.57100107563494 1.48258732704936 1.45211017089033 1.55576607654691 1.65224437345014 1.65913588131773 1.60996390996773 1.57788981645378 1.59926052682864 1.70970360009807 1.8708079651798 1.99446702631711 1.98622340982361 1.83228640976106 1.63770641002247 1.5164367645253 1.48634938014393 1.4921898927463 1.49034317486351 1.51257591555964 1.57724391115048 1.79071158602774 1.98980051648528 2.09437302228249 2.11274604329838 2.06163647107956 2.00113943746073 1.97983917605941 2.02234955126869 2.03483770643068 1.91678249209519 1.71206195402378 1.47303929345065 1.33669862081498 1.30513168827129 1.39526180896877 1.43596292675576 1.40650796035406 1.37621166249698 1.4277055522599 1.45560128401713 1.56318379071896 1.7467407990783 0.0213158777974483 0 0 0 0 0 0 0 0 0 0 0 0 0 0 0 0 0 0 0 0 0 0 0 0 0 0
0 0 0 0 0 0 0 0 0 0 0 0 0 0 0 0 0 0 0 0 0 0 0 0 0 0 0 0.145469899412693 0.284517770818326 2.01411308808402 1.80798043650469 1.58062390261154 1.4637535484962 1.47919393645255 1.54340398120754 1.56779848642022 1.58812249184396 1.61265740022508 1.66569405148534 1.75725934474175 1.84749198903017 1.93430885958553 1.94554603400884 1.835453061539 1.65784218036881 1.53042312647313 1.50033048430196 1.4995321497231 1.50029707268824 1.52509860629122 1.59158728821302 1.76826122016205 1.97720222208721 2.05243580915591 2.04461198517656 1.94915647976876 1.83323552203897 1.81509751264012 1.86478737272666 1.89820451542687 1.81438237265015 1.68853653676086 1.47484611285005 1.35460729179341 1.33356407718386 1.40291056476385 1.4636648146671 1.49775510765826 1.59569088941957 1.69498121642587 1.82401943633384 0.23924455530044 0 0 0 0 0 0 0 0 0 0 0 0 0 0 0 0 0 0 0 0 0 0 0 0 0 0 0 0
0 0 0 0 0 0 0 0 0 0 0 0 0 0 0 0 0 0 0 0 0 0 0 0 0 0 0 0 0 0.0237134845989644 2.09322535983957 1.87974989361596 1.68129236887885 1.54566737952653 1.53239310121739 1.53390893998081 1.5523669939059 1.6125942254178 1.68575508147982 1.78214884343358 1.82026424464495 1.84765298757836 1.85211074279286 1.80055445049628 1.67581014861746 1.56801241755073 1.52524887560371 1.52946493548516 1.52695155155858 1.55575404041954 1.62762920196152 1.78466037849732 1.92127505147353 1.99951005927717 1.94779827173828 1.80803022698377 1.63077106645132 1.60788052013045 1.65811806933891 1.72610829862045 1.69899435820324 1.60670994778866 1.49388943654903 1.45481932662873 1.4829413920511 1.6114588400602 1.74918405941044 0.354346093986706 0.367339638371897 0.395151967212496 0 0 0 0 0 0 0 0 0 0 0 0 0 0 0 0 0 0 0 0 0 0 0 0 0 0 0 0 0 0
0 0 0 0 0 0 0 0 0 0 0 0 0 0 0 0 0 0 0 0 0 0 0 0 0 0 0 0 0 0 0.212147962985331 1.59694551887848 1.98706927244617 1.8205832068662 1.68754294733342 1.59184091352266 1.55044917971755 1.5776285914788 1.64130266853591 1.69244863453897 1.71707184395704 1.72916073188506 1.74062200866309 1.72926309915198 1.65711736191675 1.58454452041755 1.5519826803091 1.55887165323051 1.56547861745911 1.58602479561054 1.64071681775673 1.75934124667334 1.85148237898429 1.87818943490038 1.8243700490998 1.68044827651193 1.48999372330528 1.46030551909182 1.5117787625057 1.58166533850715 1.59097157040614 1.58088050560298 1.60321985822 1.67145915864619 0.467435140153286 0.250646360617339 0 0 0 0 0 0 0 0 0 0 0 0 0 0 0 0 0 0 0 0 0 0 0 0 0 0 0 0 0 0 0 0 0 0
0 0 0 0 0 0 0 0 0 0 0 0 0 0 0 0 0 0 0 0 0 0 0 0 0 0 0 0 0 0 0 0 0.708494547580376 0.713893933096363 1.30390846945222 1.81960989920553 1.69227102660184 1.61647364452563 1.5989352428823 1.60706895641575 1.60326955077108 1.59997019740773 1.60433917444758 1.61300188260859 1.59420915507099 1.56258418533155 1.56670478758995 1.58546601815247 1.61150040708239 1.62405253374363 1.65094409441963 1.70254162446371 1.74853154763462 1.7642089647023 1.71506929309035 1.60695557164502 1.50458558373235 1.50568610282755 1.59656334467573 1.64802189093778 1.66351439702119 1.746241485133 1.07706422913542 0.0540032847286161 0 0 0 0 0 0 0 0 0 0 0 0 0 0 0 0 0 0 0 0 0 0 0 0 0 0 0 0 0 0 0 0 0 0 0 0
0 0 0 0 0 0 0 0 0 0 0 0 0 0 0 0 0 0 0 0 0 0 0 0 0 0 0 0 0 0 0 0 0 0 0 0.690053615624137 1.99447208426519 1.86920363476433 1.7582896540181 1.69742998147607 1.65691836940378 1.61720136920056 1.58521758722659 1.582639233431 1.5813509608783 1.59060565228209 1.61458089138652 1.69723570011257 1.74364195554785 1.74081275128519 1.72936814602952 1.73422292016464 1.7338013558746 1.75181890226615 1.73656028647915 1.7174431352549 1.69295482100131 0.705191192301689 0.745984080442181 0.774048624188557 0.738852629233955 0 0 0 0 0 0 0 0 0 0 0 0 0 0 0 0 0 0 0 0 0 0 0 0 0 0 0 0 0 0 0 0 0 0 0 0 0 0 0
0 0 0 0 0 0 0 0 0 0 0 0 0 0 0 0 0 0 0 0 0 0 0 0 0 0 0 0 0 0 0 0 0 0 0 0 0 1.02598476794151 1.70793170869669 2.01334363890419 1.94086443428942 1.86636712030826 1.81311404763758 1.82713622019668 1.82093933671422 1.8472065213197 1.90124556735091 1.98831574256983 2.00904642919885 1.99722962447209 1.98488784158717 1.9577099511336 1.93755942874626 1.93237051444855 1.9776197993478 1.36502566005915 0.107552019635017 0 0 0 0 0 0 0 0 0 0 0 0 0 0 0 0 0 0 0 0 0 0 0 0 0 0 0 0 0 0 0 0 0 0 0 0 0 0 0 0 0 0 0
0 0 0 0 0 0 0 0 0 0 0 0 0 0 0 0 0 0 0 0 0 0 0 0 0 0 0 0 0 0 0 0 0 0 0 0 0 0 0 0 0.30098911978672 1.20247864043595 1.16845042577008 1.15933523500474 1.16615274360741 0.354920797561098 0 0 0 0 0 0 0 0 0 0 0 0 0 0 0 0 0 0 0 0 0 0 0 0 0 0 0 0 0 0 0 0 0 0 0 0 0 0 0 0 0 0 0 0 0 0 0 0 0 0 0 0 0 0
0 0 0 0 0 0 0 0 0 0 0 0 0 0 0 0 0 0 0 0 0 0 0 0 0 0 0 0 0 0 0 0 0 0 0 0 0 0 0 0 0 0 0 0 0 0 0 0 0 0 0 0 0 0 0 0 0 0 0 0 0 0 0 0 0 0 0 0 0 0 0 0 0 0 0 0 0 0 0 0 0 0 0 0 0 0 0 0 0 0 0 0 0 0 0 0 0 0 0 0
0 0 0 0 0 0 0 0 0 0 0 0 0 0 0 0 0 0 0 0 0 0 0 0 0 0 0 0 0 0 0 0 0 0 0 0 0 0 0 0 0 0 0 0 0 0 0 0 0 0 0 0 0 0 0 0 0 0 0 0 0 0 0 0 0 0 0 0 0 0 0 0 0 0 0 0 0 0 0 0 0 0 0 0 0 0 0 0 0 0 0 0 0 0 0 0 0 0 0 0
0 0 0 0 0 0 0 0 0 0 0 0 0 0 0 0 0 0 0 0 0 0 0 0 0 0 0 0 0 0 0 0 0 0 0 0 0 0 0 0 0 0 0 0 0 0 0 0 0 0 0 0 0 0 0 0 0 0 0 0 0 0 0 0 0 0 0 0 0 0 0 0 0 0 0 0 0 0 0 0 0 0 0 0 0 0 0 0 0 0 0 0 0 0 0 0 0 0 0 0
0 0 0 0 0 0 0 0 0 0 0 0 0 0 0 0 0 0 0 0 0 0 0 0 0 0 0 0 0 0 0 0 0 0 0 0 0 0 0 0 0 0 0 0 0 0 0 0 0 0 0 0 0 0 0 0 0 0 0 0 0 0 0 0 0 0 0 0 0 0 0 0 0 0 0 0 0 0 0 0 0 0 0 0 0 0 0 0 0 0 0 0 0 0 0 0 0 0 0 0
0 0 0 0 0 0 0 0 0 0 0 0 0 0 0 0 0 0 0 0 0 0 0 0 0 0 0 0 0 0 0 0 0 0 0 0 0 0 0 0 0 0 0 0 0 0 0 0 0 0 0 0 0 0 0 0 0 0 0 0 0 0 0 0 0 0 0 0 0 0 0 0 0 0 0 0 0 0 0 0 0 0 0 0 0 0 0 0 0 0 0 0 0 0 0 0 0 0 0 0
0 0 0 0 0 0 0 0 0 0 0 0 0 0 0 0 0 0 0 0 0 0 0 0 0 0 0 0 0 0 0 0 0 0 0 0 0 0 0 0 0 0 0 0 0 0 0 0 0 0 0 0 0 0 0 0 0 0 0 0 0 0 0 0 0 0 0 0 0 0 0 0 0 0 0 0 0 0 0 0 0 0 0 0 0 0 0 0 0 0 0 0 0 0 0 0 0 0 0 0
0 0 0 0 0 0 0 0 0 0 0 0 0 0 0 0 0 0 0 0 0 0 0 0 0 0 0 0 0 0 0 0 0 0 0 0 0 0 0 0 0 0 0 0 0 0 0 0 0 0 0 0 0 0 0 0 0 0 0 0 0 0 0 0 0 0 0 0 0 0 0 0 0 0 0 0 0 0 0 0 0 0 0 0 0 0 0 0 0 0 0 0 0 0 0 0 0 0 0 0
0 0 0 0 0 0 0 0 0 0 0 0 0 0 0 0 0 0 0 0 0 0 0 0 0 0 0 0 0 0 0 0 0 0 0 0 0 0 0 0 0 0 0 0 0 0 0 0 0 0 0 0 0 0 0 0 0 0 0 0 0 0 0 0 0 0 0 0 0 0 0 0 0 0 0 0 0 0 0 0 0 0 0 0 0 0 0 0 0 0 0 0 0 0 0 0 0 0 0 0
0 0 0 0 0 0 0 0 0 0 0 0 0 0 0 0 0 0 0 0 0 0 0 0 0 0 0 0 0 0 0 0 0 0 0 0 0 0 0 0 0 0 0 0 0 0 0 0 0 0 0 0 0 0 0 0 0 0 0 0 0 0 0 0 0 0 0 0 0 0 0 0 0 0 0 0 0 0 0 0 0 0 0 0 0 0 0 0 0 0 0 0 0 0 0 0 0 0 0 0
0 0 0 0 0 0 0 0 0 0 0 0 0 0 0 0 0 0 0 0 0 0 0 0 0 0 0 0 0 0 0 0 0 0 0 0 0 0 0 0 0 0 0 0 0 0 0 0 0 0 0 0 0 0 0 0 0 0 0 0 0 0 0 0 0 0 0 0 0 0 0 0 0 0 0 0 0 0 0 0 0 0 0 0 0 0 0 0 0 0 0 0 0 0 0 0 0 0 0 0
0 0 0 0 0 0 0 0 0 0 0 0 0 0 0 0 0 0 0 0 0 0 0 0 0 0 0 0 0 0 0 0 0 0 0 0 0 0 0 0 0 0 0 0 0 0 0 0 0 0 0 0 0 0 0 0 0 0 0 0 0 0 0 0 0 0 0 0 0 0 0 0 0 0 0 0 0 0 0 0 0 0 0 0 0 0 0 0 0 0 0 0 0 0 0 0 0 0 0 0
0 0 0 0 0 0 0 0 0 0 0 0 0 0 0 0 0 0 0 0 0 0 0 0 0 0 0 0 0 0 0 0 0 0 0 0 0 0 0 0 0 0 0 0 0 0 0 0 0 0 0 0 0 0 0 0 0 0 0 0 0 0 0 0 0 0 0 0 0 0 0 0 0 0 0 0 0 0 0 0 0 0 0 0 0 0 0 0 0 0 0 0 0 0 0 0 0 0 0 0
0 0 0 0 0 0 0 0 0 0 0 0 0 0 0 0 0 0 0 0 0 0 0 0 0 0 0 0 0 0 0 0 0 0 0 0 0 0 0 0 0 0 0 0 0 0 0 0 0 0 0 0 0 0 0 0 0 0 0 0 0 0 0 0 0 0 0 0 0 0 0 0 0 0 0 0 0 0 0 0 0 0 0 0 0 0 0 0 0 0 0 0 0 0 0 0 0 0 0 0
