0 0 0 0 0 0 0 0 0 0 0 0 0 0 0 0 0 0 0 0 0 0 0 0 0 0 0 0 0 0 0 0 0 0 0 0 0 0 0 0 0 0 0 0 0 0 0 0 0 0 0 0 0 0 0 0 0 0 0 0 0 0 0 0 0 0 0 0 0 0 0 0 0 0 0 0 0 0 0 0 0 0 0 0 0 0 0 0 0 0 0 0 0 0 0 0 0 0 0 0
0 0 0 0 0 0 0 0 0 0 0 0 0 0 0 0 0 0 0 0 0 0 0 0 0 0 0 0 0 0 0 0 0 0 0 0 0 0 0 0 0 0 0 0 0 0 0 0 0 0 0 0 0 0 0 0 0 0 0 0 0 0 0 0 0 0 0 0 0 0 0 0 0 0 0 0 0 0 0 0 0 0 0 0 0 0 0 0 0 0 0 0 0 0 0 0 0 0 0 0
0 0 0 0 0 0 0 0 0 0 0 0 0 0 0 0 0 0 0 0 0 0 0 0 0 0 0 0 0 0 0 0 0 0 0 0 0 0 0 0 0 0 0 0 0 0 0 0 0 0 0 0 0 0 0 0 0 0 0 0 0 0 0 0 0 0 0 0 0 0 0 0 0 0 0 0 0 0 0 0 0 0 0 0 0 0 0 0 0 0 0 0 0 0 0 0 0 0 0 0
0 0 0 0 0 0 0 0 0 0 0 0 0 0 0 0 0 0 0 0 0 0 0 0 0 0 0 0 0 0 0 0 0 0 0 0 0 0 0 0 0 0 0 0 0 0 0 0 0 0 0 0 0 0 0 0 0 0 0 0 0 0 0 0 0 0 0 0 0 0 0 0 0 0 0 0 0 0 0 0 0 0 0 0 0 0 0 0 0 0 0 0 0 0 0 0 0 0 0 0
0 0 0 0 0 0 0 0 0 0 0 0 0 0 0 0 0 0 0 0 0 0 0 0 0 0 0 0 0 0 0 0 0 0 0 0 0 0 0 0 0 0 0 0 0 0 0 0 0 0 0 0 0 0 0 0 0 0 0 0 0 0 0 0 0 0 0 0 0 0 0 0 0 0 0 0 0 0 0 0 0 0 0 0 0 0 0 0 0 0 0 0 0 0 0 0 0 0 0 0
0 0 0 0 0 0 0 0 0 0 0 0 0 0 0 0 0 0 0 0 0 0 0 0 0 0 0 0 0 0 0 0 0 0 0 0 0 0 0 0 0 0 0 0 0 0 0 0 0 0 0 0 0 0 0 0 0 0 0 0 0 0 0 0 0 0 0 0 0 0 0 0 0 0 0 0 0 0 0 0 0 0 0 0 0 0 0 0 0 0 0 0 0 0 0 0 0 0 0 0
0 0 0 0 0 0 0 0 0 0 0 0 0 0 0 0 0 0 0 0 0 0 0 0 0 0 0 0 0 0 0 0 0 0 0 0 0 0 0 0 0 0 0 0 0 0 0 0 0 0 0 0 0 0 0 0 0 0 0 0 0 0 0 0 0 0 0 0 0 0 0 0 0 0 0 0 0 0 0 0 0 0 0 0 0 0 0 0 0 0 0 0 0 0 0 0 0 0 0 0
0 0 0 0 0 0 0 0 0 0 0 0 0 0 0 0 0 0 0 0 0 0 0 0 0 0 0 0 0 0 0 0 0 0 0 0 0 0 0 0 0 0 0 0 0 0 0 0 0 0 0 0 0 0 0 0 0 0 0 0 0 0 0 0 0 0 0 0 0 0 0 0 0 0 0 0 0 0 0 0 0 0 0 0 0 0 0 0 0 0 0 0 0 0 0 0 0 0 0 0
0 0 0 0 0 0 0 0 0 0 0 0 0 0 0 0 0 0 0 0 0 0 0 0 0 0 0 0 0 0 0 0 0 0 0 0 0 0 0 0 0 0 0 0 0 0 0 0 0 0 0 0 0 0 0 0 0 0 0 0 0 0 0 0 0 0 0 0 0 0 0 0 0 0 0 0 0 0 0 0 0 0 0 0 0 0 0 0 0 0 0 0 0 0 0 0 0 0 0 0
0 0 0 0 0 0 0 0 0 0 0 0 0 0 0 0 0 0 0 0 0 0 0 0 0 0 0 0 0 0 0 0 0 0 0 0 0 0 0 0 0 0 0 0 0 0 0 0 0 0 0 0 0 0 0 0 0 0 0 0 0 0 0 0 0 0 0 0 0 0 0 0 0 0 0 0 0 0 0 0 0 0 0 0 0 0 0 0 0 0 0 0 0 0 0 0 0 0 0 0
0 0 0 0 0 0 0 0 0 0 0 0 0 0 0 0 0 0 0 0 0 0 0 0 0 0 0 0 0 0 0 0 0 0 0 0 0 0 0 0 0 0 0 0 0 0 0 0 0 0 0 0 0 0 0 0 0 0 0 0 0 0 0 0 0 0 0 0 0 0 0 0 0 0 0 0 0 0 0 0 0 0 0 0 0 0 0 0 0 0 0 0 0 0 0 0 0 0 0 0
0 0 0 0 0 0 0 0 0 0 0 0 0 0 0 0 0 0 0 0 0 0 0 0 0 0 0 0 0 0 0 0 0 0 0 0 0 0 0 0 0 0 0 0 0 0 0 0 0 0 0 0 0 0 0 0 0 0 0 0 0 0 0 0 0 0 0 0 0 0 0 0 0 0 0 0 0 0 0 0 0 0 0 0 0 0 0 0 0 0 0 0 0 0 0 0 0 0 0 0
0 0 0 0 0 0 0 0 0 0 0 0 0 0 0 0 0 0 0 0 0 0 0 0 0 0 0 0 0 0 0 0 0 0 0 0 0 0 0 0 0 0 0 0 0 0 0 0 0 0 0 0 0 0 0 0 0 0 0 0 0 0 0 0 0 0 0 0 0 0 0 0 0 0 0 0 0 0 0 0 0 0 0 0 0 0 0 0 0 0 0 0 0 0 0 0 0 0 0 0
0 0 0 0 0 0 0 0 0 0 0 0 0 0 0 0 0 0 0 0 0 0 0 0 0 0 0 0 0 0 0 0 0 0 0 0 0 0 0 1.21570438078461 1.27709749730201 1.27210131410589 1.25359290295748 0 0 0 0 0 0 0 0 0 0 0 0 0 0 0 0 0 0 0 0 0 0 0 0 0 0 0 0 0 0 0 0 0 0 0 0 0 0 0 0 0 0 0 0 0 0 0 0 0 0 0 0 0 0 0 0 0
0 0 0 0 0 0 0 0 0 0 0 0 0 0 0 0 0 0 0 0 0 0 0 0 0 0 0 0 0 0 0 0 0 0 0 0.866871573817613 1.14448392082533 2.17798294194493 2.10390566545903 2.04141038525683 2.03627439951202 2.03864199389176 2.04106219214413 2.02198679453018 1.9935530840218 2.02121713122136 2.09732102306033 2.1598656068794 2.126770720714 2.09377949143218 2.08246107969323 2.0936565615918 2.08217354011039 0 0 0 0 0 0 0 0 0 0 0 0 0 0 0 0 0 0 0 0 0 0 0 0 0 0 0 0 0 0 0 0 0 0 0 0 0 0 0 0 0 0 0 0 0 0 0
0 0 0 0 0 0 0 0 0 0 0 0 0 0 0 0 0 0 0 0 0 0 0 0 0 0 0 0 0 0 0 0 0 0.92196183841305 2.13170312845987 2.02858452607617 1.93242019556711 1.87610874964436 1.83833965106421 1.7847981639313 1.76546673368728 1.75371623953838 1.76165597489595 1.75987589361272 1.75983950232216 1.79680651746048 1.84162261170166 1.89984087702195 1.90521293087393 1.86400252556881 1.83549094366583 1.85128874285089 1.85324276916531 1.85880262794158 1.52714995446134 0.756415437563931 0.786545349997089 0.832156947824551 0 0 0 0 0 0 0 0 0 0 0 0 0 0 0 0 0 0 0 0 0 0 0 0 0 0 0 0 0 0 0 0 0 0 0 0 0 0 0 0 0 0
0 0 0 0 0 0 0 0 0 0 0 0 0 0 0 0 0 0 0 0 0 0 0 0 0 0 0 0 0 0 0 0.49319147671193 2.05646629783809 2.02007104064054 1.84487452134836 1.76901908446076 1.71654185514204 1.68040459185528 1.67508824812235 1.6615186691611 1.65455737521005 1.63579674025818 1.62935580410549 1.6354266992879 1.64299612810443 1.65220783718461 1.66954167267585 1.74076406285644 1.77991920158579 1.73445668880626 1.73089134031053 1.8076858550336 1.80847578843211 1.77977945826285 1.71889804904397 1.67496318892525 1.67055998872146 1.74986216779262 1.77355737258997 1.83801172086934 1.91582003250879 0.666804738244069 0.267759409554902 0 0 0 0 0 0 0 0 0 0 0 0 0 0 0 0 0 0 0 0 0 0 0 0 0 0 0 0 0 0 0 0 0 0 0 0 0
0 0 0 0 0 0 0 0 0 0 0 0 0 0 0 0 0 0 0 0 0 0 0 0 0 0 0 0 0 0 1.13956848484943 2.04393501317065 1.91559665120519 1.7845392752831 1.70885339141721 1.70156397877429 1.72220481182574 1.73123059535199 1.741278921334 1.69275412010344 1.66081105532401 1.63390496808964 1.61500352027716 1.63018720527501 1.63617825226289 1.62228673670458 1.62327894241483 1.66790818127632 1.68980711927866 1.69002589681652 1.75709067416507 1.85873248654429 1.88950714733547 1.83000556631354 1.70048419401104 1.57632884410742 1.51754924133259 1.58047337352528 1.63037996727755 1.64313980284481 1.67338320447553 1.74579595478667 1.92348624851026 0.525519870583071 0.550158553030441 0 0 0 0 0 0 0 0 0 0 0 0 0 0 0 0 0 0 0 0 0 0 0 0 0 0 0 0 0 0 0 0 0 0 0
0 0 0 0 0 0 0 0 0 0 0 0 0 0 0 0 0 0 0 0 0 0 0 0 0 0 0 0.227286941754558 0.444684195855778 2.1755762246435 1.94432214382928 1.78454437953469 1.69380230453335 1.65297635370813 1.68543740252742 1.75852565048413 1.83101192524063 1.87602104555623 1.88930815484919 1.79496856306042 1.70987543673054 1.65895643578887 1.63958362685891 1.6492543974527 1.64684741319941 1.63329690336684 1.63892017200396 1.64805978666877 1.66255079350334 1.69508246247754 1.79078383443077 1.91945452562446 1.98552616587992 1.92191795108564 1.75174264502645 1.61962161489543 1.56422378830858 1.63017860577735 1.71286058619208 1.69510977973157 1.62971734997692 1.58619439437221 1.6176031692879 1.70547647542793 1.73420285824652 1.8314381194887 1.91301284786478 0.381784649958497 0.39213796017098 0 0 0 0 0 0 0 0 0 0 0 0 0 0 0 0 0 0 0 0 0 0 0 0 0 0 0 0 0 0 0
0 0 0 0 0 0 0 0 0 0 0 0 0 0 0 0 0 0 0 0 0 0 0 0 0 0 0.302787529910662 2.20910466526088 2.0066002986341 1.83434515716353 1.71610980035637 1.62974116913268 1.59323850793638 1.6576581553555 1.72400378888389 1.80322912821143 1.89368447504352 1.96661405861257 1.98409566215217 1.90855879236553 1.751100862132 1.64126398412759 1.61521805223605 1.63723193649217 1.65789775171892 1.66776886745337 1.6705911963437 1.65800900900534 1.65717830321086 1.69374903257823 1.80448042621279 1.94356652108282 2.02047468526132 1.9699685639323 1.80530482583939 1.66214157914464 1.63082723061461 1.73288112611612 1.82517208618675 1.77451685385129 1.63402821843935 1.56530375698302 1.52695922930779 1.53668321014622 1.53482481692822 1.56864016207425 1.61488656368669 1.68459972559334 1.75126825226175 1.86961883969597 0.351266273024569 0 0 0 0 0 0 0 0 0 0 0 0 0 0 0 0 0 0 0 0 0 0 0 0 0 0 0 0 0
0 0 0 0 0 0 0 0 0 0 0 0 0 0 0 0 0 0 0 0 0 0 0 0 0 0.140777897381214 2.10603613170899 1.93513661406056 1.75833723636059 1.63812059979388 1.59749428623265 1.56469426144074 1.57272929990532 1.65475674732856 1.71172889520053 1.79798384422512 1.90156872210033 1.99098598939278 2.02029297276461 1.89349821090167 1.74958432354648 1.6098708831468 1.5985291433399 1.62907103236674 1.65189463817653 1.67428165525042 1.67211325236151 1.67021250209659 1.66048323396256 1.68621418944567 1.80435113382909 1.96141358266874 2.04843190707392 2.00325069410961 1.86919123696055 1.75970525433262 1.77288350810204 1.86216892482169 1.89158890620594 1.8116265665371 1.64940397111748 1.57887502471128 1.57005839768524 1.59614013762661 1.61063231243774 1.5944799197943 1.57293696628585 1.5447315907501 1.57083661107419 1.62768108341311 1.75401721594791 1.98643021497361 0.0634942749625194 0 0 0 0 0 0 0 0 0 0 0 0 0 0 0 0 0 0 0 0 0 0 0 0 0 0 0
0 0 0 0 0 0 0 0 0 0 0 0 0 0 0 0 0 0 0 0 0 0 0 0 1.31907486545163 2.05336293845537 1.83186247758473 1.74585466619365 1.63508599020949 1.58356086784071 1.5402215579983 1.55522989018375 1.57565177280705 1.65483895263759 1.68982126537731 1.77988696281081 1.88804663008234 1.97974770165846 2.02717237232322 1.93188995256963 1.76092899764588 1.60974034065712 1.56326764792431 1.59560638023237 1.67114495998067 1.69992254912227 1.70589984226822 1.66494517343689 1.65199496075349 1.71657893760668 1.83482723138124 1.94813599933932 2.03955482161344 2.03824680038337 1.98238898200428 1.94420987236073 1.94516923041731 1.9845580558377 1.94700713633582 1.82351165457029 1.65965577862942 1.60134358965157 1.617500301231 1.67300554475238 1.71428644620436 1.70597053259907 1.63095637949293 1.54096294801139 1.49204123200219 1.50980191606959 1.54944516325051 1.70309720361166 1.88869964420617 0.373347415378302 0 0 0 0 0 0 0 0 0 0 0 0 0 0 0 0 0 0 0 0 0 0 0 0 0 0
0 0 0 0 0 0 0 0 0 0 0 0 0 0 0 0 0 0 0 0 0 0 0 2.08346552776955 1.9496834783614 1.78124910452435 1.6712584159817 1.63810783345657 1.62187451312265 1.58226347562402 1.54206163970769 1.54922401331956 1.55296136640942 1.60513308277779 1.67681013456747 1.76124524729762 1.84353515895122 1.98386270500461 2.02958800711607 1.95353658024756 1.80393639916284 1.62415189371616 1.57345782219891 1.60966489170896 1.67194527975651 1.71593814153375 1.69836143723039 1.66770202553726 1.65651964494191 1.73474145758659 1.83203084404736 1.95904473021351 2.02824806146534 2.09142949269599 2.09589747358472 2.11333789774252 2.13812423664054 2.08435410546203 2.01829283727418 1.87645581969841 1.66400221823798 1.58287496725981 1.62007668004525 1.74240694303054 1.86393772942572 1.8042324793257 1.69855397868254 1.6266422875922 1.52516688123202 1.46672231976364 1.47538842452989 1.53468898645795 1.6815454678579 1.74874643331553 1.69711180073002 0 0 0 0 0 0 0 0 0 0 0 0 0 0 0 0 0 0 0 0 0 0 0 0 0
0 0 0 0 0 0 0 0 0 0 0 0 0 0 0 0 0 0 0 0 0 0 2.16649976185988 1.90922939134734 1.71254472659884 1.59414587004374 1.56357938936622 1.60989004775294 1.64738762603138 1.62990690376492 1.578590480612 1.53178441081055 1.52314100625282 1.57315409870672 1.63269712633449 1.70557967986624 1.84752355398848 1.98405177409889 2.03977476451269 1.99689154391816 1.8274778886654 1.62841080020199 1.57969364145165 1.61083360095139 1.69417454593825 1.73598340126759 1.7153704791712 1.66368993391731 1.6877928972786 1.76358627194525 1.83900573095836 1.92417291102826 2.03574798066811 2.09496583952173 2.18340525032267 2.20660020962008 2.22291830128384 2.18130637848488 2.07586629123237 1.8759231740202 1.61994659872411 1.55633080770501 1.61050294813767 1.80209060384423 1.93323369616478 1.90649044764864 1.79522936263225 1.66655538888943 1.5395969499049 1.4234691147406 1.39995598788006 1.42111657723589 1.49196001114183 1.5452723563246 1.57732363177993 1.78615930880456 1.78811432192613 0 0 0 0 0 0 0 0 0 0 0 0 0 0 0 0 0 0 0 0 0 0 0
0 0 0 0 0 0 0 0 0 0 0 0 0 0 0 0 0 0 0 0 0 2.0486399471115 1.85771142288717 1.68261878439639 1.56794517115416 1.50167962772564 1.51359976817739 1.59832972377412 1.69059419253706 1.67648066327528 1.59364473107978 1.53115856236152 1.51782599387111 1.55739039426922 1.60424096844782 1.71439058492834 1.86238647650417 1.99530233754939 2.06324584734395 2.0160143202279 1.8545183352502 1.68882742856114 1.60270324483305 1.63870310044944 1.71405442276108 1.75281546693259 1.73126434577777 1.67103453853877 1.72391973961625 1.77628792021446 1.83027839753695 1.88340489569115 1.96723558062448 2.1081294482815 2.22150477731295 2.27656128692368 2.28419992464876 2.21845475906652 2.08322490893537 1.83927290648086 1.64522286975114 1.57305811361614 1.62468640523602 1.88847314983455 1.99129633737529 1.95266201404203 1.83795704118216 1.65965860271476 1.49148788664773 1.37564159831449 1.30694448234376 1.32605077428219 1.41938112510713 1.46609029732426 1.49811636022566 1.57685667952159 1.77474563304076 1.60080073193703 0 0 0 0 0 0 0 0 0 0 0 0 0 0 0 0 0 0 0 0 0 0
0 0 0 0 0 0 0 0 0 0 0 0 0 0 0 0 0 0 0 0 1.85482121506312 1.89147029192919 1.68264295958966 1.58689259362063 1.53637454437692 1.50238389352629 1.52232057463407 1.6013420685052 1.71712730155971 1.71106821733029 1.61605234095467 1.53538007775922 1.49598098041876 1.51036760398617 1.57844001073307 1.71533904706712 1.8865299969648 2.03573929558398 2.0989052158295 2.0489755040024 1.88517197424218 1.6955227740695 1.60365858909478 1.61905113622954 1.72352010174774 1.7580900524755 1.74116405242614 1.70520236635991 1.74936689802301 1.79026329487103 1.82160968910647 1.85181163544247 1.93403761365495 2.09264271322753 2.21583368429781 2.27101353983947 2.28608859070131 2.23887132202084 2.10214707373777 1.91154542624314 1.73256519633975 1.63578610472993 1.73988433172009 1.93250396564381 2.05572109380154 2.02454764878939 1.86294584441305 1.64578933106006 1.48454350334343 1.35060352744174 1.27000171980852 1.29987444106561 1.41934116052786 1.5181036036382 1.56278891736175 1.55338070005127 1.56089353955286 1.66966521170717 1.89603022538674 1.50641987668806 0 0 0 0 0 0 0 0 0 0 0 0 0 0 0 0 0 0 0 0
0 0 0 0 0 0 0 0 0 0 0 0 0 0 0 0 0 0 0 1.54909023937201 1.94571482607752 1.72080437955059 1.62734613311776 1.61106456528253 1.58120784739063 1.54895015345954 1.55070978923909 1.61004586995398 1.72222783189942 1.73436465410423 1.66559712896347 1.58967240651337 1.53850960655013 1.49932081776938 1.58309252137297 1.75347635087945 1.94742308615561 2.09950125212999 2.14047553699697 2.07516374925137 1.93224895085288 1.71852476173281 1.60373696987185 1.61150173963995 1.68169021286704 1.74840800206265 1.7299325134325 1.71531992142881 1.74472039450282 1.76341021052734 1.77038112398693 1.76265340086004 1.86774070020935 2.03666243346868 2.13450045450684 2.18832978195314 2.21738610304118 2.1983205965428 2.12567775498321 1.95889988620241 1.82715082119178 1.77511257235799 1.86039983163245 2.03679090196758 2.15440636323985 2.08311369197161 1.89153348611616 1.70477014199733 1.53712232766249 1.40482550876054 1.3405437869493 1.36061668511181 1.49263933218624 1.60402319604144 1.66259319787241 1.62268570188097 1.51922706992713 1.48900833459808 1.58005231916094 1.75050355465126 1.3971316447118 0 0 0 0 0 0 0 0 0 0 0 0 0 0 0 0 0 0 0
0 0 0 0 0 0 0 0 0 0 0 0 0 0 0 0 0 0 1.10929522019677 1.9798857710764 1.75042967603717 1.70042816179158 1.70787100136937 1.69775989034834 1.65298693189169 1.61008299377744 1.59171455216214 1.64140309667521 1.72435217999332 1.79008967455467 1.74382485448087 1.69097058941066 1.6164321917745 1.5758862909889 1.66669826936828 1.85203948895424 2.02173090161126 2.16622003204417 2.17292053071775 2.10040003022033 1.96285966898876 1.75357110314993 1.61587598898015 1.61415463477999 1.67127169495588 1.6995728703381 1.70545916915287 1.71250531122079 1.71667276210823 1.7076394884876 1.66172411658498 1.64544681785351 1.72953692700962 1.87416300118799 2.04715236297149 2.10174939568402 2.12952313396585 2.15828124647409 2.12434982071613 2.05114715475544 1.97264426105202 1.92927479925572 2.02372899493011 2.13216483740152 2.17241658977471 2.11166059739061 1.97401861616453 1.79446637053484 1.64871844698623 1.51691030282939 1.48131063125664 1.52748452220081 1.6233050835561 1.71685204098487 1.75566979615452 1.69772030893394 1.55266827083284 1.44179992872318 1.3989124013397 1.4533732906936 1.65004293753508 1.68124208166956 0 0 0 0 0 0 0 0 0 0 0 0 0 0 0 0 0 0
0 0 0 0 0 0 0 0 0 0 0 0 0 0 0 0 0 0 2.06689342859929 1.78664494315575 1.70889805316714 1.75757979284312 1.81119488049885 1.81700123159677 1.74205106382534 1.66946257427137 1.65266257678114 1.71628572298399 1.80133835731929 1.88199587907898 1.88492510579295 1.83059049838228 1.7566287766512 1.69566025407585 1.799288337845 1.97500272099799 2.14084802702544 2.22346220244923 2.22795386400455 2.15503259238317 2.01180437547276 1.81780372967621 1.67158103576255 1.60522918094018 1.6188198936098 1.6431177428592 1.65153639900578 1.67290851694228 1.67312269071082 1.64739236483381 1.59442496125564 1.57642592261466 1.65287294279969 1.80508056113457 1.94592077828406 2.00099893649229 2.08290313950645 2.13873924903069 2.13670291645032 2.12144544964345 2.0724346199591 2.05555122401824 2.16260902809581 2.21536419313581 2.22372194778769 2.15776485863798 2.06256555734153 1.91577692286857 1.77794736837493 1.70267970476513 1.70117609204143 1.73703331627507 1.79056553623344 1.84576950500895 1.84506776733054 1.76847788723834 1.62778886346099 1.49507488490867 1.41241226329503 1.37099165957688 1.38858640215028 1.61511278199742 1.54564807171211 0 0 0 0 0 0 0 0 0 0 0 0 0 0 0 0 0
0 0 0 0 0 0 0 0 0 0 0 0 0 0 0 0 0 1.23537174263635 1.87244546152183 1.71229311038008 1.75686382020176 1.87308854611306 1.92786264125113 1.91304579305274 1.80619864656967 1.75661680778256 1.77187078386452 1.85530700875908 1.93954419925281 2.02034391840699 2.05432190824793 1.99926354786774 1.91870866119459 1.86133672441434 1.96245507913927 2.10349068716366 2.23405090674254 2.29700653196368 2.2750722352311 2.19444723336829 2.06368554089999 1.86308300608787 1.69382411425591 1.60427342387577 1.55789967521628 1.56444686464511 1.59553422769056 1.62602383438647 1.61686819528277 1.59174921282902 1.56536163992621 1.54844925891401 1.61629111295491 1.76351344495426 1.87860940395344 1.95365027409734 2.05341732045226 2.10170813593493 2.15868489409298 2.17546190922307 2.17537638306714 2.18106505591649 2.23382549743966 2.27266772820973 2.28048469415527 2.22322663445046 2.13452270391448 2.00738866548578 1.94400628229451 1.88097795754953 1.89476398137338 1.91732675160269 1.95839135419921 1.9796188963266 1.95086881151957 1.84653051520538 1.68416157354895 1.58336978640963 1.49107636885692 1.41256942128795 1.34225435599337 1.39582100641879 1.70029012620298 1.24126177052939 0 0 0 0 0 0 0 0 0 0 0 0 0 0 0 0
0 0 0 0 0 0 0 0 0 0 0 0 0 0 0 0 0.234367819800518 2.05394676844787 1.73256249318459 1.71927069659304 1.83052086188748 1.94640171867249 1.99855190784947 1.9847784714942 1.91830597483186 1.88271948547622 1.9108600723477 1.99226744813443 2.07493672260057 2.15474441154712 2.18653767567458 2.14202029194992 2.08981977532564 2.04755133826833 2.09237308628098 2.21982370811632 2.32149604818839 2.35374129577208 2.33084198440538 2.25239211500655 2.1193890725016 1.93519956719766 1.7727921743305 1.61937737601753 1.50166119900926 1.45592913042705 1.52636064310391 1.57211647990545 1.56463941074544 1.57122204698197 1.59448360329734 1.59218894406419 1.63239008652394 1.7352904885489 1.86765344229207 1.97892998513059 2.03418248181864 2.12527172109077 2.18107478587261 2.23679780858986 2.24981106096477 2.27800435022999 2.30996397471292 2.32621831536169 2.33912810062433 2.30857959893648 2.22974320926706 2.14432781975425 2.09238866047394 2.03494027052357 2.07975281752605 2.10181070181667 2.11867505924499 2.10437738015951 2.06363508602655 1.92437932838016 1.78535664341257 1.66446232790747 1.5782299730856 1.46429909626135 1.39954660622657 1.3691562004968 1.51107357617691 1.92182828815182 0 0 0 0 0 0 0 0 0 0 0 0 0 0 0 0
0 0 0 0 0 0 0 0 0 0 0 0 0 0 0 0 1.07752370311478 1.87351558998953 1.66010497646555 1.74479479354144 1.85951268980674 1.93064714430107 1.99059359872062 2.00252129296488 2.0066569612212 2.04298219326206 2.09890337217898 2.17788052453486 2.24773353053841 2.29341883122595 2.31240204553202 2.27285521390998 2.22772707170597 2.17300543243649 2.22830727436239 2.29192512773292 2.36622552960507 2.38698261927499 2.36665749831927 2.30319246603441 2.18653835848242 2.05274802957757 1.87093092853712 1.65496590306857 1.4640003976611 1.41770585621341 1.48450830470908 1.57039757494001 1.60011951837134 1.67965398139971 1.70906356595048 1.70641901023269 1.73152186089863 1.80911715427641 1.91463246486494 2.00826800862234 2.0838750337818 2.1486507719913 2.20594774258069 2.25665896575487 2.28431941252325 2.32455073837467 2.35036794950032 2.35940594171838 2.37143075511858 2.33431889125351 2.31291860435999 2.25686104941689 2.1927526494424 2.20076513464027 2.21262459292441 2.21180400204615 2.22264726870175 2.20464452313842 2.13112138428614 2.04559454876329 1.88262324831639 1.74712113615407 1.62765533686474 1.5339190876944 1.47467385780758 1.43022509336666 1.4518044262035 1.69615665516203 0 0 0 0 0 0 0 0 0 0 0 0 0 0 0 0
0 0 0 0 0 0 0 0 0 0 0 0 0 0 0 0 2.08235336039452 1.71955928697831 1.62125181585194 1.72776110823933 1.80595498270481 1.81770212823586 1.82383576888842 1.90986733561577 1.99605541740688 2.10720799814995 2.1978999146702 2.28323238503813 2.35037837930388 2.38194126391163 2.39603550718575 2.38399461732606 2.33767378055917 2.32180645004722 2.32729068500457 2.3553322422261 2.40338083162962 2.41411033145246 2.39523662284922 2.36098322897608 2.28592265138736 2.16653171460113 1.95339710565488 1.73470361233128 1.50779640824033 1.47938474657191 1.56225786112935 1.67248541582736 1.77573739231972 1.8713809019158 1.91251717226249 1.91783179971773 1.8900709480668 1.94813152718652 2.02623430848653 2.10777154612137 2.1801912937153 2.20191158535788 2.2445365733956 2.31269608350081 2.34197602968053 2.36118331493534 2.38238883819949 2.39664024337189 2.39564861250533 2.37608695957381 2.34554589106054 2.32736305966954 2.30123306715679 2.30165042926836 2.3047396500823 2.31727968254368 2.2876899242543 2.25616997588558 2.20928770844691 2.11475232836441 1.9581453044239 1.84909399384338 1.71936229496192 1.60227962966633 1.53948020053532 1.49727442664294 1.45547940968164 1.56885505996164 1.88325805633837 0 0 0 0 0 0 0 0 0 0 0 0 0 0 0
0 0 0 0 0 0 0 0 0 0 0 0 0 0 0 2.29291581364062 1.87369239402449 1.61714677105551 1.59614358884502 1.66394567513417 1.68059522873196 1.68010473207572 1.70273765052716 1.81472242145923 1.92669888397078 2.0962852522232 2.2396964084338 2.3369626245402 2.39600334747764 2.43019075001796 2.44516906115554 2.43309001947482 2.41001721375777 2.40821023980998 2.397078225443 2.41609804647083 2.42541891120272 2.42769723183543 2.4273948436212 2.40893307010822 2.35488065501039 2.24931524501719 2.07513148004774 1.82472709618279 1.68357165451957 1.69648890821035 1.78705985404948 1.88585270230872 1.98980668358426 2.10429977073423 2.11842215271099 2.09772264007327 2.10028028436353 2.11873777090885 2.16870168242328 2.21084871809149 2.27542903792411 2.28411402836978 2.30053572235544 2.3425220593755 2.39103165480461 2.40037903489236 2.40923791342411 2.40371943582194 2.40340557389857 2.39551027684205 2.37574006442681 2.35684193953923 2.35441322860821 2.35379846284207 2.36084970354622 2.35548519313363 2.3388810511917 2.28998374497787 2.24095068523994 2.15346644393543 2.03428186147831 1.8843025563333 1.7528776669897 1.64563279342036 1.56429529688544 1.51334044274732 1.47570305197023 1.52228134546975 1.70253577442891 1.49243458244591 0 0 0 0 0 0 0 0 0 0 0 0 0 0
0 0 0 0 0 0 0 0 0 0 0 0 0 0 0.145552654887092 2.17972766032604 1.79115105812354 1.59434949016171 1.59856211016064 1.60904087480538 1.60286683659462 1.57991666034407 1.62709674056923 1.74565293244251 1.89360318187705 2.07343107298497 2.22590737080357 2.31158627739334 2.39851918617313 2.43410861679315 2.44195045336427 2.42884138824151 2.42535292675409 2.42787476991708 2.43301454902089 2.44179811151839 2.43872985821392 2.44137498444571 2.44105354021985 2.44387927400083 2.40456087945848 2.32591986090334 2.17173968771368 1.98559930508374 1.89397293757133 1.90022429589674 2.00865062760191 2.11168911931784 2.19978221235315 2.27689595513696 2.28155464353195 2.23373753604401 2.22869657119902 2.22691118006561 2.25899285534367 2.29544063752844 2.32737270441211 2.34427555669761 2.368150223388 2.3851517536954 2.40766958019742 2.42157239491051 2.42500936365559 2.41884190006097 2.41217568925179 2.40299667759543 2.39180054764018 2.3753990746378 2.36965105108037 2.37254355270371 2.38564169292539 2.37533245838183 2.359072078518 2.31754043859609 2.26816974608403 2.19551733287087 2.07109735509417 1.94989182383511 1.77378137550049 1.61716595430426 1.54046038205014 1.51169729434572 1.49657418853557 1.51922019432244 1.57451799543556 1.77329909152345 0.841194885852512 0 0 0 0 0 0 0 0 0 0 0 0 0
0 0 0 0 0 0 0 0 0 0 0 0 0 0 1.64810506646986 1.98272059819827 1.67743196129902 1.60917194110404 1.6044840488731 1.58289632598983 1.55008977879291 1.56811947107972 1.61435382672066 1.76717826646093 1.94376109402737 2.11555669734081 2.21744925256086 2.30358213625682 2.36098502260593 2.38916860692754 2.39402212841793 2.3830044361401 2.37824991610703 2.39675768513485 2.42162471453405 2.43823438393384 2.44250242674658 2.4531876347057 2.46341132863222 2.46126964288048 2.44346355129979 2.37533023312769 2.28354974148007 2.16838541539984 2.07424333952111 2.1129871186229 2.20070756249063 2.27860443649464 2.3326504481349 2.36618089681043 2.36134062658527 2.32983134130801 2.30419739848191 2.29797470217386 2.31608825990368 2.33042808270878 2.35694510325512 2.36335751438135 2.37884966503066 2.39014501849796 2.4110800059051 2.42800094932365 2.43360788448671 2.42382346354384 2.41264239736576 2.40512357992998 2.39515163898573 2.39077218955831 2.3817809895303 2.39711319214354 2.39210704080704 2.38693103757345 2.36454316004381 2.34434511525166 2.29811031211434 2.19687191613824 2.09451530117806 1.98553915353956 1.76708633564927 1.59881984531097 1.50344966952955 1.45643973649891 1.46856902108533 1.50346424403079 1.52590505332821 1.62687693592687 1.84256790270549 0 0 0 0 0 0 0 0 0 0 0 0 0
0 0 0 0 0 0 0 0 0 0 0 0 0 0 2.25194054253943 1.83103999647246 1.66740168839612 1.63760195570227 1.61845113209074 1.53688065625002 1.51833201173121 1.58524122522053 1.66266662734705 1.83577386864708 1.99660796839132 2.14652967608366 2.19875210238319 2.26188417774841 2.24558220782005 2.26003332063519 2.26953365946841 2.25084518278976 2.2709230902424 2.32523405146585 2.3856262196763 2.43075241901709 2.44608122992854 2.45856192029059 2.47670809861204 2.48468157738209 2.47882659786401 2.43791420027181 2.37089176966487 2.29148476408331 2.24358682225615 2.25247533292627 2.315031764443 2.35420735361964 2.38152256189661 2.39615082213497 2.38822064704906 2.36755682079556 2.34818873437293 2.33487884913629 2.34403695710984 2.34258348231673 2.34743459619091 2.35731054483019 2.35773989489662 2.37809691403455 2.38949466514317 2.39953083678089 2.41489804710967 2.40872015498447 2.40015357908179 2.39965760342636 2.40061357268968 2.38659777170653 2.39838491677459 2.40313416205641 2.40030066356797 2.38858929289116 2.38793318510398 2.3679919813124 2.31591750796173 2.2535851963032 2.15938045430832 2.01258976098085 1.79148475416409 1.60486956069031 1.48601880392265 1.44759893889376 1.49422872267752 1.5374871802055 1.505896239261 1.49456417154838 1.72702723290842 0 0 0 0 0 0 0 0 0 0 0 0 0
0 0 0 0 0 0 0 0 0 0 0 0 0 0.869734158761106 2.06389052285812 1.71844527347509 1.67679997944729 1.69648404894688 1.66250296510371 1.55566829455105 1.57065114641626 1.69433964307919 1.8015079697667 1.89511022617174 2.03272078679776 2.11486096656626 2.16029236332514 2.15893014497106 2.07474941401484 2.06910603699241 2.06581431510018 2.04495612272647 2.11279897304024 2.21288769810462 2.32012296750449 2.41583726273234 2.45111033938818 2.46769998254798 2.48674066553368 2.5017811796142 2.49971051762104 2.47614861018229 2.43597976936609 2.38437882918427 2.33401746981326 2.32825359143846 2.35081433428544 2.36666592985021 2.38414253003995 2.38016322259233 2.3710028666163 2.35341272949065 2.33828456880524 2.33989967340895 2.33656942315266 2.3326745705846 2.3314607333111 2.32216838678745 2.31743441388255 2.31950733397691 2.33380502231792 2.3549157999304 2.38289099267604 2.38500617140659 2.37780297727424 2.39315947874498 2.39846671737746 2.40305295812678 2.40550273112425 2.4096385141756 2.40266028904581 2.4001274868239 2.39978460664986 2.39339610823479 2.37033551287267 2.29407884406662 2.23576928717074 2.06755381495123 1.89691500441474 1.68467414312035 1.53002278500969 1.54684657833389 1.58962684698842 1.61446327254188 1.50990556269474 1.44276676808584 1.56071874893736 0.222515052177149 0 0 0 0 0 0 0 0 0 0 0 0
0 0 0 0 0 0 0 0 0 0 0 0 0 2.0537182403743 1.90885048695475 1.6645841996526 1.701848749602 1.71833295031293 1.70106142817819 1.61151266446637 1.6506747442401 1.79350472988207 1.88934342803323 1.96675623448994 2.00072658931808 2.04613709738317 2.03879033268113 1.9723358304925 1.86729639453043 1.81606488179306 1.81089550210303 1.80693571901067 1.92780428139583 2.06627392627637 2.24565056386564 2.37204984262319 2.44459988903761 2.46985316001242 2.48760425279 2.50433020828844 2.50913832779205 2.4944799676289 2.46796559480196 2.42605722938058 2.36695882417868 2.33217238783735 2.3290918393035 2.32612447818481 2.33123775305025 2.32558880985976 2.33554568686182 2.32345201985835 2.30948214099334 2.31426441524981 2.31108060525466 2.30864609371565 2.28709223334938 2.2577677138064 2.24270530440722 2.22813708854973 2.23588949423521 2.25913532470375 2.29917258474666 2.31953935041496 2.34618845657547 2.3743912007284 2.40385947341331 2.41245409284738 2.41497107118012 2.4205318673687 2.41271696849535 2.41291739659294 2.41181382013207 2.40336138633367 2.38298022595658 2.34335100485706 2.27296604870346 2.1560072240923 2.02000519436451 1.84304859203739 1.73721912125871 1.68942100693784 1.7436061541657 1.73360070752749 1.5690029623018 1.43824959409963 1.50968860312863 0.210961614545316 0 0 0 0 0 0 0 0 0 0 0 0
0 0 0 0 0 0 0 0 0 0 0 0 0 2.23776420047259 1.82526244728884 1.62920071335393 1.70974467300208 1.75831721304669 1.76793278624374 1.71670904142401 1.73849257518545 1.8716586308492 1.99173781516784 2.00137792357058 2.00771084519293 1.97295542779161 1.93025193209033 1.77414525379051 1.66203027623718 1.59734138873326 1.58670218755768 1.5964143879364 1.75383423666302 1.94087061558389 2.18429680836708 2.33089684290933 2.43310355480561 2.47286855353806 2.48471038031498 2.50193015413365 2.51184207059686 2.50494569581048 2.47902026728504 2.4417808995542 2.37269565235507 2.30571719663366 2.26641519046216 2.23635185753028 2.23140883027644 2.23182816323275 2.26847359506309 2.27222429689349 2.25828815871977 2.25882398717832 2.26062646083984 2.2299548822906 2.18612110309017 2.13215836168187 2.08096671339738 2.09174754473336 2.08449873807884 2.10037375505471 2.14824883272106 2.21079325989371 2.26781625594522 2.3457720463859 2.40599144718792 2.42361987719775 2.42603958075786 2.42346231052772 2.41758528451248 2.41607704890961 2.41409694848206 2.4103587838514 2.38651058324298 2.35223723910147 2.29532906428316 2.22966541540399 2.07522965380543 1.95807646582684 1.88343999864316 1.90233214845289 1.9051486443178 1.82478450347571 1.63770600654292 1.44984002968247 1.48137288275257 1.79987942061631 0 0 0 0 0 0 0 0 0 0 0 0
0 0 0 0 0 0 0 0 0 0 0 0 0.291214844190043 2.09091971107765 1.75008676034609 1.62591635336822 1.74754482498779 1.80004955528575 1.82748712235875 1.81872432163811 1.87153198436519 1.98280267581542 2.05035398201838 2.03454374742591 1.97088324673064 1.89898538088411 1.77992654608924 1.59385041220776 1.4778199773453 1.42759407526009 1.43928991647908 1.46558823639668 1.59688187239169 1.82230952855341 2.10093471580726 2.29663580546738 2.41143812798942 2.46630772237779 2.48300901410712 2.49509579275781 2.51135770553126 2.50197009412692 2.47996921725816 2.43997841683004 2.37460352388691 2.2789936351948 2.20361562991782 2.1173010294824 2.10716441343388 2.10784759406913 2.17034689595384 2.19910165619857 2.20159011591557 2.1719336269037 2.15708935515062 2.08940710488052 2.00785227754599 1.91397015500534 1.84889786539539 1.83565598821837 1.83326714995033 1.83318733208766 1.9383511122478 2.0499220563314 2.20132842748348 2.32374619215504 2.40246206475387 2.42719647724411 2.42241153494617 2.42117883935385 2.41604686334524 2.40723680096648 2.39303551620629 2.37814154327803 2.36238984109321 2.31779180941393 2.29536802914027 2.24444361321433 2.16054411340362 2.06549401756926 2.01277403040388 2.01856301548727 2.00668434940004 1.89006458124729 1.69152589067962 1.5100728659278 1.49822851160401 1.73509393819995 0 0 0 0 0 0 0 0 0 0 0 0
0 0 0 0 0 0 0 0 0 0 0 0 0.27870869821445 1.96654902844254 1.667932871691 1.60927735403265 1.74392317177721 1.84216829458329 1.89686906191469 1.92073722637748 2.00484642321794 2.0688190557803 2.09290394601929 2.04073606388449 1.95197721483519 1.86026958255988 1.7309863413108 1.57971436939689 1.44254171946487 1.38100157459105 1.36201638389502 1.42081867459259 1.51331049911778 1.73901199803319 1.98213722594584 2.23785254935392 2.36864866057319 2.43145965897736 2.46165833777612 2.48518655276877 2.50206201677089 2.4990909934974 2.48668058491904 2.44741490325879 2.38460575512227 2.28127407796339 2.17754516714537 2.07587743644285 2.00939121476251 1.99127545199374 2.03857683963279 2.09629376732479 2.13282226132523 2.11007828794139 2.03320945519056 1.93964778566218 1.82296474966076 1.75532115855698 1.67576756766676 1.63930588189655 1.64986348925353 1.67425622878912 1.78770508436112 1.96048086033512 2.16635024583881 2.30024827095646 2.39158237279635 2.41359091792962 2.41042144596976 2.40445796145104 2.38812039675989 2.36485755884727 2.33891187500851 2.30073375969177 2.27275148496279 2.2416450809263 2.22025834441573 2.20934901562479 2.18508732671764 2.12744568214404 2.12265539248461 2.1359882142806 2.10077703747904 1.97746439245774 1.75195898112028 1.58713819031331 1.51696027138889 1.68528250606532 1.71755977856714 0 0 0 0 0 0 0 0 0 0 0
0 0 0 0 0 0 0 0 0 0 0 0 2.3383849702336 1.92924472982781 1.65148305724707 1.5869059704058 1.72451063696502 1.85153873917706 1.91968076009418 1.99953101592353 2.06784552341883 2.13696755368477 2.10339341155295 2.0205208750732 1.92000352094026 1.82949814083743 1.71811369312532 1.58074524515734 1.45166789025777 1.38023054113783 1.36937857999646 1.42010995151703 1.52018925060571 1.70713937579194 1.94217140032173 2.15509541624087 2.29091032096714 2.34520445226457 2.4100375268125 2.43923184941824 2.48107129571784 2.48862058910382 2.49316503403095 2.48707331508912 2.43955859109058 2.32093761020582 2.2040605215755 2.11967667214032 1.97909853556226 1.94511134593821 1.93361787938581 1.98921491162992 2.07110946712286 2.07262258319293 1.98699752004362 1.87335809243452 1.74950288761518 1.652440156966 1.57239781067628 1.59786390165366 1.59013291819448 1.65454067313752 1.79236462444323 2.00440866079071 2.18540709953081 2.35777330175458 2.40042399201776 2.40639538359219 2.39578552906521 2.37605342337522 2.34036776799833 2.29534563809356 2.23371982422923 2.18802938079273 2.14058730435781 2.0934134516164 2.09803388255484 2.12109967964178 2.11494505928206 2.1289053338897 2.13440571830672 2.17519081770236 2.13869461489047 2.03128610042291 1.8413144439295 1.65061910031566 1.53829205197767 1.64614424258534 1.65223542575484 0 0 0 0 0 0 0 0 0 0 0
0 0 0 0 0 0 0 0 0 0 0 0 2.34190997929983 1.94935152782469 1.65363887005904 1.58329761487401 1.68110062685956 1.80332996274594 1.91156331240435 2.01129598777464 2.0949560134406 2.13339257763994 2.05941973416119 1.96897470723776 1.8831093702116 1.77950176888736 1.69309836358061 1.56813634400462 1.46294295918239 1.39505679245338 1.40742510022699 1.45079820276693 1.54525382914324 1.66895068686725 1.85818967947222 2.02035973164212 2.14248210121944 2.19749311855754 2.27534021581621 2.34234166815153 2.42581949760595 2.4709483984985 2.49969353309654 2.50772296569433 2.48711206154301 2.40234907497311 2.29495557823717 2.17558036466445 2.04679435521894 1.96091875236457 1.92088130624212 1.95994408376693 2.0003535158266 2.09108648748284 2.04906093053566 1.93577555388873 1.81806879661441 1.74621476043766 1.70840976397979 1.69591005311785 1.72101842392595 1.79563566402808 1.94337594471886 2.1318264093435 2.31471551710524 2.40360378276081 2.41488139389406 2.39348095405422 2.36532109483493 2.3262606260508 2.26003413495352 2.18198428632212 2.10264920026287 2.04245543273685 1.9725011401168 1.92232033599786 1.93119507910151 1.97094185584005 2.02293197421018 2.05484387180231 2.0691717286934 2.12542534055125 2.11875525398599 2.01277180843022 1.85799192413291 1.68122636869571 1.5754608211912 1.64758108210781 1.73135534544229 0 0 0 0 0 0 0 0 0 0 0
0 0 0 0 0 0 0 0 0 0 0 0 2.36911372087865 2.0008145473618 1.66648802431922 1.56063463824049 1.61270253609102 1.72595542004593 1.84960290767192 1.9617151365961 2.04141117572904 2.06296734812405 1.97583624249891 1.91690316898532 1.86082907453275 1.76220408510696 1.66689473081134 1.56256665045797 1.46206702622598 1.4199128855025 1.43784432189763 1.46962598636147 1.55247858070226 1.64443909426979 1.77535466064635 1.88021276980366 1.9606565064981 2.00534284232414 2.09292217817316 2.21439703521764 2.35288521172529 2.4255820624999 2.49381690648417 2.51930327307587 2.51170668579192 2.45510437452492 2.35809509071882 2.26736817554973 2.14845552890535 2.04440793493326 1.96388297861157 1.99658867152753 2.02062709841402 2.1229514655427 2.15479306743411 2.12517233671885 2.06069228111428 1.97656165145322 1.97968079368554 1.93813591103115 1.9779566914501 2.03049406267633 2.11870401844883 2.26763670519835 2.37867956415295 2.42914836464888 2.40465146975258 2.36163758583629 2.30665268923054 2.26049569169071 2.1897042893561 2.08155282420141 1.97195446608867 1.89734126492848 1.82019171708728 1.78036220680596 1.75438572529149 1.78740550489391 1.87247510367668 1.93235919742175 1.96979527726271 2.02120541978387 2.03151105788534 1.97012574006582 1.80654779461154 1.67493656602108 1.58622596706672 1.64316481080321 1.78588249476277 0 0 0 0 0 0 0 0 0 0 0
0 0 0 0 0 0 0 0 0 0 0 0 1.74873181115165 2.0811724157066 1.71583786862685 1.56795385832347 1.567152004773 1.63686773651907 1.74868435131637 1.85630350902582 1.93463487805761 1.93151944144895 1.9057529337432 1.84556593096981 1.79917385091538 1.72995179306672 1.66434336767852 1.53342222092266 1.4497758429197 1.4106370948662 1.44373879568147 1.47358009478029 1.54614410306689 1.63421688378726 1.68969906865726 1.74420935390099 1.77416226709452 1.80601291187955 1.91621359134405 2.14745596122809 2.24654591450884 2.37639892438787 2.46923061433773 2.51181496069972 2.5130406730209 2.48745022581388 2.42486253246536 2.33610004977322 2.23511121478926 2.13279779254436 2.05597946919821 2.02950793504075 2.06522769655431 2.16104925672205 2.2317512373619 2.27910392613459 2.29716925470773 2.26741590662866 2.23910231184892 2.19992055206544 2.19852589466346 2.24419001467753 2.28951919121316 2.37665945875581 2.4303122278564 2.43368470707467 2.39189843284952 2.32414354799062 2.26570201332432 2.18694778882669 2.09946436168232 2.00459490403976 1.88656445193271 1.78696566932495 1.7357646399341 1.67381214209444 1.64461095666273 1.67415421515207 1.71783825914268 1.79624537961306 1.83975614050225 1.91768905693516 1.92502802718155 1.88241671011143 1.75631746327922 1.63188178264162 1.59484422124334 1.72848114142952 1.64599536148335 0 0 0 0 0 0 0 0 0 0 0
0 0 0 0 0 0 0 0 0 0 0 0 0.299562986089611 2.22471767427839 1.89346088365683 1.63171118044942 1.58492158741798 1.60887580106411 1.65679741733633 1.75018640000161 1.81363226122653 1.81747173229669 1.80630748238947 1.75108751459149 1.71087790759309 1.70428656093085 1.65083620804629 1.54212475753046 1.44917947165218 1.41944317649241 1.42435313510784 1.4608730350929 1.52367819641488 1.58558151021112 1.59610931391395 1.5914114135585 1.60826389273464 1.64609910008635 1.84633990534757 2.03287346934491 2.21450308689316 2.34929612858271 2.43473154597236 2.48360237776728 2.50002380275143 2.48160970758611 2.43494614401641 2.39167453989646 2.30671494490136 2.26269316521759 2.17231295531323 2.12337246952782 2.14847641004679 2.22198022814361 2.29031720236635 2.38100670725164 2.43424484489312 2.4368829256192 2.41728006418803 2.38929717811887 2.38060502213847 2.40879331352354 2.4293904042201 2.44630858958622 2.43772568022866 2.40246589601259 2.34273014995839 2.27782139994254 2.19914260169048 2.14308610848924 2.0541104522153 1.96491296018709 1.83610539852804 1.75998368932251 1.71940601128469 1.67466728545069 1.63856157740849 1.60857968405527 1.61826075288411 1.66193754908525 1.7066593431198 1.78103370266177 1.78654704724021 1.77401530757468 1.687085128823 1.61313709891906 1.62332340639031 1.81338564399449 1.29535993784114 0 0 0 0 0 0 0 0 0 0 0
0 0 0 0 0 0 0 0 0 0 0 0 0.260320207828349 2.41728185084561 2.10703597445523 1.83538104877546 1.69710443626949 1.66495045006995 1.64814137912231 1.69156311620205 1.72272883542088 1.72711854291209 1.69833869113925 1.65951306043087 1.65162084753795 1.67395609994398 1.64005453301311 1.55586137367393 1.4831731899107 1.41801121494331 1.42902867604696 1.45170195749655 1.495830557631 1.5460318624878 1.52368030501241 1.50674642203775 1.50578141815802 1.56401753579091 1.78473856838671 2.00786532094258 2.21756809993536 2.32368123730719 2.40459278470804 2.4578802265537 2.47392792185424 2.470087749499 2.44864151053615 2.41242375267131 2.39117805810656 2.33502568552832 2.28056829700409 2.23733574485834 2.26995050062924 2.26191489835434 2.35376507618391 2.4338338506058 2.51032262454058 2.526500376609 2.51772890715097 2.50569704490083 2.49671232430418 2.50095963890621 2.49181300234408 2.46395451604465 2.42673832650972 2.38077620396109 2.31199121947155 2.22855004809946 2.15355992047161 2.08151712932811 2.0165826719795 1.90988099157035 1.81653986261414 1.7626612952459 1.73870288129329 1.71281637325461 1.66714517833341 1.62701751199265 1.60401043795676 1.588628357123 1.60412449610236 1.6566824618202 1.68789587044841 1.69067860818569 1.64418717467866 1.64778873617233 1.72948181822467 1.92753081997548 0 0 0 0 0 0 0 0 0 0 0 0
0 0 0 0 0 0 0 0 0 0 0 0 0 0.926357536740049 2.34969156229873 2.0862927656109 1.89611757664678 1.7525179918213 1.66528231289041 1.64492548767148 1.6321485086009 1.62682783609315 1.61209025185285 1.60072620047078 1.5997672913242 1.64560354234392 1.62939013592875 1.57837522433241 1.52024135526359 1.4578377420223 1.43710486542911 1.45420592562867 1.48814198290517 1.50159351357249 1.48867590517296 1.47816893193541 1.48462727653694 1.54770464259341 1.79579003801487 2.02579058365923 2.20901618665276 2.32965347287651 2.38905339305261 2.43698443115379 2.45856039279607 2.46008023365466 2.44833139312772 2.43809904829855 2.42424770303038 2.40264405203605 2.38325343220713 2.35776557779203 2.34259047413064 2.34373894134805 2.40625484722287 2.47402238875148 2.53171268683023 2.55500536953412 2.55267916923288 2.5517282969595 2.54558138904007 2.53462727839208 2.5071313754991 2.4680145940138 2.4198538965251 2.36727630541816 2.30836373061225 2.22347908201544 2.13131228161286 2.03377881483171 1.96540046585144 1.90088124339316 1.85358881069615 1.79666142905156 1.77834381674789 1.76246907915916 1.74503238366255 1.72408205709153 1.64806685112089 1.6254570392754 1.62046161395527 1.65497457429321 1.7053202651171 1.73599930506134 1.74272051601599 1.81043301392101 1.91842428555894 2.12956590086725 0 0 0 0 0 0 0 0 0 0 0 0
0 0 0 0 0 0 0 0 0 0 0 0 0 0 2.48777292703437 2.32158470391915 2.09761026376853 1.89258875093793 1.71128266307142 1.61788972804203 1.56673059261448 1.53252322155858 1.56488552959627 1.55901358020891 1.56353779457809 1.59173183635835 1.61253615568498 1.57533371697866 1.52260391253065 1.46283166276976 1.46174802164495 1.45217865526593 1.48515669445602 1.5071257770061 1.47525765787288 1.49359923039792 1.47988622638627 1.58050161424254 1.82411861923077 2.05200030343899 2.22609638232408 2.34829802666869 2.38033406823465 2.42568725793369 2.4471388722144 2.45179231347787 2.45135239727058 2.44576626999089 2.45127507589891 2.4540811054995 2.44277319727789 2.41736369590473 2.40421832009845 2.41073300536923 2.44689674324076 2.49040778023036 2.5263416227822 2.56003911621185 2.55420763455969 2.55111300222692 2.54869281539351 2.53698374546946 2.50475039953385 2.47147207118829 2.41097057966192 2.36425513422358 2.28331383599531 2.20386734138231 2.11199405067073 2.02464168703539 1.95553013393977 1.92852551627776 1.87435527130415 1.84126769877542 1.81679039538473 1.8057352888185 1.79423354080926 1.79188135532592 1.75834681436289 1.7015584998422 1.7025851633045 1.73576815581762 1.76971340158529 1.83282589637575 1.85985843288179 1.92231424484499 2.03480332266579 2.18300826908368 0 0 0 0 0 0 0 0 0 0 0 0
0 0 0 0 0 0 0 0 0 0 0 0 0 0 2.60231428727258 2.48266828368048 2.24897691726947 1.98289381349848 1.74202989632241 1.58148624485864 1.52116997359682 1.49661496488831 1.52933627584383 1.53059800679315 1.53133239505276 1.56876214278586 1.57977897755256 1.53933529736295 1.5013851902022 1.47858701168385 1.46594849819857 1.46872655194499 1.47886772887565 1.48100148668701 1.4813493287094 1.48429785209058 1.47880848965208 1.55150290520474 1.74358396943263 2.03320999372923 2.21590949326538 2.33757477146691 2.36992306533153 2.41596568871681 2.44476017784168 2.45550828428957 2.44918710009327 2.45418375843121 2.45848245768206 2.45959736396357 2.46090563224747 2.4532239962423 2.43085588485928 2.43638704756723 2.4657997146629 2.49027161578624 2.53249253461948 2.5697128700885 2.55875466425099 2.54512450837766 2.54438341047287 2.53317508681643 2.505029861911 2.46585291876153 2.40253410451665 2.34755983669443 2.27364654825541 2.16607639834829 2.09547814304683 2.00587260520879 1.93558721506412 1.88659826536824 1.86792468910305 1.8448087296994 1.82673758051732 1.80515213305989 1.7879194887852 1.79749923254609 1.77363911317665 1.73420391753784 1.69769501314033 1.69582985537383 1.74394755991768 1.80505166369859 1.84181698275432 1.9064037398024 2.02210555046754 2.15082339401133 0 0 0 0 0 0 0 0 0 0 0 0
0 0 0 0 0 0 0 0 0 0 0 0 0 0 2.61663665712198 2.49452527098398 2.25555076162752 1.97325106626889 1.70903499802872 1.57807479954873 1.53837822003701 1.51680191416404 1.51518583437703 1.52503976129104 1.53766813320602 1.53143339137236 1.52220970315717 1.47925140423501 1.470933992443 1.47942224681288 1.48087752510605 1.46553849773307 1.43463412619403 1.43150481289782 1.42470830824218 1.4345582561675 1.43843539701699 1.47627873718585 1.67516250957054 1.92677836963488 2.1645677092551 2.29494156569506 2.34822392357578 2.40177928293537 2.43851770117577 2.45062706890914 2.45888349473977 2.46466202497325 2.45011409792869 2.44519866025992 2.43378656932409 2.42284100002066 2.42363218059283 2.40290989724262 2.42596385937688 2.47572945691371 2.51429849189031 2.56499072546591 2.57203019073074 2.5526767779439 2.53632063751783 2.52267995945022 2.49515972748696 2.46537661782428 2.39902511250272 2.34143051615731 2.25516214482782 2.15573867571043 2.05499390379252 1.97810061983023 1.9005379482479 1.85954546141338 1.83637417176221 1.81748051510109 1.7812826433177 1.75255129727079 1.72187105103691 1.70487902832072 1.69847348080581 1.683977132337 1.65073866139747 1.6350023787111 1.64847541770378 1.71128846173787 1.76467298991492 1.77484364220956 1.84980826730961 1.98320802425649 0 0 0 0 0 0 0 0 0 0 0 0
0 0 0 0 0 0 0 0 0 0 0 0 0 0 2.58292919588211 2.40654234946245 2.14409406735871 1.87139012277864 1.70378690369067 1.61082509607874 1.6042258814235 1.56171421394375 1.55277836052299 1.54604206862228 1.53576530046804 1.53223172041847 1.49370262287015 1.4474433354819 1.44174470714728 1.45143799530817 1.43737557499123 1.4152017544431 1.39455073597287 1.37833814772356 1.37521738075937 1.38835127616635 1.41205421007643 1.4462122005555 1.60885575024633 1.85638773973465 2.08321058555758 2.24340697858634 2.34068276033082 2.3976362012683 2.43586605809555 2.46076743651715 2.46786901713809 2.46966160599325 2.46448374294758 2.41083014334197 2.37446889049942 2.33832977268063 2.32944345287982 2.33333708150198 2.37757719936869 2.43210740580751 2.49877413288562 2.55329469951749 2.56061483391223 2.53344896778006 2.50782934489557 2.50822013087064 2.49320719113942 2.4514000325238 2.40527802244397 2.35216820468357 2.2542243923449 2.16166452506451 2.06078989977454 2.00409308542086 1.92114331861882 1.86649548134501 1.81904382571665 1.76244975541864 1.7101960209023 1.66898370628659 1.61506299931144 1.58181400629842 1.61153277848858 1.64678972112608 1.62001266166786 1.60683521156557 1.60996675165448 1.64530894369239 1.6640218983411 1.66640023758036 1.6736758661678 1.83350935562564 1.40088233042123 0 0 0 0 0 0 0 0 0 0 0
0 0 0 0 0 0 0 0 0 0 0 0 0 0.805143391374291 2.44634307459959 2.203931411947 1.93476286004317 1.75241579184386 1.65776444308964 1.65793558419929 1.69804881557986 1.66546547569298 1.64651752323496 1.59867556256364 1.58823496814572 1.57770264118469 1.52832412694937 1.45667893624359 1.43398838643283 1.42367483917158 1.40573567683759 1.38639011189801 1.3740741142877 1.3693153191658 1.38687694335135 1.43925540963876 1.48174526641045 1.55462892277127 1.68331535413869 1.892979658192 2.07823831907758 2.21754582197673 2.33915635083 2.4207185536181 2.464408652014 2.49157979085789 2.49409522634334 2.47007122241111 2.43567471859909 2.35303713973243 2.27548331163118 2.26573521406521 2.261861173313 2.23367604515576 2.31198865892887 2.37435356509061 2.44830317365071 2.51527998684039 2.50479449617005 2.47297672645094 2.44080830088884 2.45479714003578 2.46307513271235 2.45277960637031 2.43548417327003 2.3693244157652 2.29631376651548 2.20512235182139 2.1272900930366 2.07808102606215 1.98937063331407 1.91835391700756 1.82280715491207 1.71605131648169 1.63789424997815 1.58995002097514 1.55195657374092 1.55609036299961 1.58746477980955 1.65671349145185 1.68393768347133 1.69969463012432 1.6807553064986 1.71618363344053 1.68736898278625 1.62324535237923 1.57537754427559 1.67482574172305 1.63890615000583 0 0 0 0 0 0 0 0 0 0 0
0 0 0 0 0 0 0 0 0 0 0 0 0 2.5090311641589 2.25164744371132 1.98509086847284 1.73114674840738 1.63932002664527 1.64398637490775 1.72820247240513 1.79855993450716 1.78710512852222 1.74698977430813 1.71822802175219 1.70292541666206 1.69304401492768 1.61376975115204 1.53035150867941 1.44222006352209 1.42223157473906 1.40072055101919 1.38302658328235 1.3819744446829 1.39088495591896 1.45503557453454 1.57039466412997 1.66412716964765 1.77936532295967 1.90840783573832 2.02540640916677 2.17009149587978 2.28072217714709 2.38484862556755 2.45052540513012 2.49220549494381 2.50728257131942 2.49111493694489 2.44925563638361 2.37919302604098 2.3163268309929 2.17267339883492 2.11739823320263 2.11043701797748 2.11190379122792 2.18594377370294 2.28974843982732 2.34233898367773 2.38144471304356 2.35281946451303 2.30989629120233 2.27972373353051 2.29654893733713 2.36542922888688 2.40327741276859 2.43270686585476 2.39808637824112 2.33741094687788 2.27004125459401 2.19354339532621 2.13475691316683 2.05994523473515 1.97802999336346 1.84189451321687 1.69738003431595 1.60622969487325 1.55851965786674 1.56731485169208 1.60360952896943 1.66385460946652 1.77737779376114 1.84016138837238 1.87118834241377 1.83324841822258 1.81284578644511 1.75778458527471 1.64360330794245 1.54159855686862 1.57841222640387 1.55530990787303 0 0 0 0 0 0 0 0 0 0 0
0 0 0 0 0 0 0 0 0 0 0 0 0.189795008780733 2.36785912724004 2.07093907816742 1.72650486111882 1.61090863265924 1.61959264540245 1.68966162028908 1.80353596222132 1.89696068037969 1.91834179155356 1.90062400628532 1.88650501336172 1.87051574443391 1.83650485669994 1.70196306669953 1.60705122613357 1.46139460399692 1.38618566471361 1.36749175536636 1.37019416057035 1.39128245205918 1.41181496243236 1.51446041828449 1.65874210860507 1.83327748402619 1.96747243987335 2.1110040822131 2.21878607642405 2.30701503268859 2.38403686661617 2.45176678727727 2.49506117131478 2.51725018183244 2.50761706026722 2.46819971534055 2.40593879549312 2.30959205287625 2.17590792766104 2.10600658022804 1.98947755025493 2.0138967686187 2.01336586876224 2.06753552579629 2.15468997272437 2.16781965172201 2.15599780134304 2.10404837959118 2.02596046720675 1.98568273601993 2.0536678123032 2.16453214457671 2.30796569521899 2.39981668519023 2.42255595470575 2.38252263109967 2.32409476026256 2.25832680457701 2.2111396990681 2.15034520691876 2.04891286526651 1.89824023246145 1.7588587895702 1.63816955456893 1.60323218466665 1.66263936391717 1.74000084586704 1.79513619267351 1.92766224916333 2.00560827151341 2.01733695618169 1.97267158985883 1.9108566336105 1.85307119689615 1.72683480352896 1.55353427197639 1.54889327908899 1.53675732530475 0 0 0 0 0 0 0 0 0 0 0
0 0 0 0 0 0 0 0 0 0 0 0 0.303307890137085 2.23470960780008 1.82857188424117 1.56899959506779 1.53316541916851 1.64706802194401 1.71525377593073 1.85013033297343 1.94417147758969 2.01645254146916 2.04552034930721 2.03594941802898 1.99547756027778 1.94495285314422 1.82189637783612 1.67616586888944 1.51873720155201 1.39568840017426 1.34301582928438 1.34251081500247 1.37753505001001 1.45159993884652 1.57466102686609 1.72025503836385 1.91354944305188 2.0776669144603 2.22788095130349 2.32882533126036 2.40496912719838 2.44947591071016 2.49351369195436 2.52108685712898 2.51759243704214 2.48790347198537 2.44410827044773 2.3538657788575 2.21628941624332 2.05911985519521 1.9838054931802 1.91728957340619 1.94493354178133 1.9594264502099 1.96899383475333 1.96539058267777 1.92345591796057 1.82518462687791 1.75273825788019 1.70164523192865 1.70534715457706 1.79988074341003 1.9697125734516 2.17864686332683 2.32158375266853 2.40649872677333 2.41073758172125 2.38319612988799 2.33377660030917 2.29070491675648 2.25333163835642 2.1458784371147 1.99305489351411 1.8773601601951 1.76002048091149 1.74301428301605 1.80898112039422 1.92304526767566 1.99150157358822 2.08377208343102 2.13294349856979 2.11963667964136 2.0527454457354 1.97842876990752 1.88836623703627 1.76295538899681 1.57556698559359 1.59456687738874 1.63737674535807 0 0 0 0 0 0 0 0 0 0 0
0 0 0 0 0 0 0 0 0 0 0 0 0.303028897203996 2.21640774507906 1.73310810058093 1.50705229066422 1.57399897683583 1.70318969463296 1.77427026709061 1.8644988623679 1.95555159256332 2.04844237759442 2.12975148804154 2.13246327175448 2.09711762472322 2.02436885542376 1.91595965181859 1.7483982852852 1.54640494631747 1.39035448014882 1.31451397308058 1.30357475945905 1.32736674053592 1.43547949745208 1.59532573137932 1.78285148146937 1.97059370135874 2.17977670789798 2.29854986296584 2.39125756209422 2.44963345076317 2.48343213705556 2.51136173879358 2.53132049963739 2.52011594002383 2.47975995181878 2.40660230737626 2.28980897584281 2.13044165847602 1.97729450086172 1.92964504153574 1.9132305832082 1.92832250085602 1.95796359265261 1.92158646935507 1.85769214581973 1.75463130622097 1.63571376745056 1.55556344653053 1.50368377986991 1.54408348537246 1.63135202711596 1.85976513934095 2.06418025553975 2.25370960130016 2.37047509392486 2.4220382392391 2.41612454322168 2.40302161775281 2.37065536582782 2.34470495268467 2.24790752858214 2.13371411294231 2.02384607047445 1.95295141039924 1.9276998820139 2.00244965663225 2.07551223636446 2.12400360658721 2.18240681361628 2.19148966095004 2.15441703898755 2.0846801273318 2.01217227095077 1.91665741504421 1.76245295411 1.59731533059164 1.66757808909261 0 0 0 0 0 0 0 0 0 0 0 0
0 0 0 0 0 0 0 0 0 0 0 0 0.18265788437244 2.23320349628928 1.72612851842605 1.50081277982516 1.59658431448185 1.74380965737076 1.8059135020825 1.84831926306544 1.93110192977947 2.04680720330313 2.15657497557622 2.21451814146602 2.17271048877725 2.09727341256039 1.96634986613099 1.7837850894699 1.60205449708629 1.37699546612146 1.2737775887455 1.25117675068616 1.27758728454503 1.39634615326007 1.57012174485653 1.80733963103486 2.05950026645452 2.23673710269466 2.36713833964866 2.44001936885618 2.4797219034328 2.49707777634153 2.50890388393533 2.51721843186049 2.49893275750732 2.44330348773503 2.35373098627476 2.20869145134275 2.07925375824004 1.96555152663705 1.94778677838121 1.94963357780233 1.97091349629858 1.98669790825784 1.94643553887843 1.90942926151912 1.82655855169356 1.6957073449436 1.60462837573732 1.56560838453864 1.579084703907 1.69786219213986 1.85669728480267 2.06703876008882 2.25343404908303 2.36377309863478 2.4204174482263 2.4320718298188 2.43035506048922 2.42178521315055 2.39525906319363 2.33293551174578 2.26479886850123 2.18122291324653 2.14800896035646 2.14657543379682 2.16008446803347 2.19481210551883 2.19756574580399 2.20396029807403 2.17731469571693 2.14099263321083 2.05225008119183 1.9619915165291 1.87096579132308 1.74378192880421 1.62810086344278 1.72475615917418 0 0 0 0 0 0 0 0 0 0 0 0
0 0 0 0 0 0 0 0 0 0 0 0 0 2.27790785295372 1.76579779947908 1.52262569619187 1.61467458243128 1.7260424544253 1.80095560919169 1.81889027851769 1.89267938073778 1.99680272357772 2.13506754347958 2.21412727477844 2.2114993005523 2.13804490309168 1.99524317599079 1.82301765641962 1.58657641358498 1.42878457670631 1.26396875667378 1.2022463975769 1.24097604769658 1.3400066737007 1.5728930015066 1.86860719968876 2.10331189561123 2.27947849433384 2.40955180919213 2.46736319875139 2.48632802285129 2.49951137562004 2.50239964377411 2.49333202212981 2.45913334134009 2.39058186031943 2.28242879085239 2.19408139354067 2.11216595441739 2.05752315088864 2.05196558856956 2.04943296981504 2.07515682002817 2.07509234680241 2.04844610332271 2.03517127705955 1.98412934135752 1.9032876882576 1.80768696109894 1.74980297948016 1.73564873703378 1.80966302871477 1.96517880509343 2.10218318374862 2.25986493793133 2.36902662196628 2.41709314100053 2.43158927663782 2.43133326617072 2.42275351972864 2.40423827196152 2.36565614375554 2.32296984632756 2.29824101696427 2.28250431789307 2.27822704319015 2.2634194630435 2.23361886156226 2.18853095451859 2.16407055161526 2.1321095993347 2.0484825091101 1.97263139692487 1.9060383646771 1.8039523591846 1.66636374423926 1.64916210647402 1.82048943391565 0 0 0 0 0 0 0 0 0 0 0 0
0 0 0 0 0 0 0 0 0 0 0 0 0 0.944844594377777 1.92674815386151 1.57542073563565 1.58632795610879 1.6969803083766 1.74628986534527 1.80550076898279 1.83844287544931 1.9235753668128 2.07326073328981 2.20184706376587 2.25003925625915 2.1983841962296 2.09776244294154 1.88885278441459 1.675345632526 1.45008126417548 1.32295762475275 1.25692734253028 1.2766685317983 1.40890608427598 1.65917477416257 1.90046302753009 2.16432128986518 2.3463263876853 2.43800850224097 2.47849019770075 2.49051495382024 2.49520835277812 2.49405029085375 2.47335078673243 2.42298042906469 2.34816226623252 2.27603290394854 2.21975561444736 2.19524458995532 2.17801020596679 2.18212737426342 2.18320324736306 2.18474250262739 2.18684124721767 2.16434104791321 2.16603318759939 2.12280601608519 2.09216970592381 2.0360546484602 1.97902863008071 1.9638784505829 2.00827426261084 2.09080521924772 2.15949227865549 2.28087357464336 2.38138995854623 2.41448232329478 2.42735610918921 2.425928768185 2.41890510488401 2.40836633125314 2.3780128436815 2.3441102623122 2.33673821278679 2.33591212239249 2.32172085483787 2.27768530976883 2.19555226298626 2.14836952656122 2.06672506873751 1.99946334377467 1.90768538154761 1.86471318091538 1.81902366431635 1.74663218292945 1.61960675339215 1.64705797319102 1.87638968858224 0 0 0 0 0 0 0 0 0 0 0 0
0 0 0 0 0 0 0 0 0 0 0 0 0 0.789515188752182 2.06885342975379 1.63843090758906 1.5774533521572 1.62317458458526 1.69866342258226 1.72795038648734 1.76912452015925 1.83497091995578 1.91665810505662 2.10173296166245 2.22692564001261 2.2417185435695 2.17596391879613 2.02264203506077 1.82668463659117 1.6770057848744 1.50795129186776 1.41893122002978 1.44095646057273 1.57924916661882 1.80119856246263 2.02489382199988 2.27298661145686 2.38744086955437 2.45615225070671 2.48202933313524 2.49332086964938 2.49198989223466 2.47875640097812 2.43861365764589 2.39588270979253 2.33075394143201 2.28845217446783 2.2678941807595 2.26621029628964 2.27971712656679 2.30141535906713 2.30239877848401 2.31137973856407 2.28137067738697 2.28926086494644 2.2687820646203 2.24289916411321 2.19960551248168 2.17561976422864 2.14941400755396 2.14283401128082 2.16949564597902 2.20866308877804 2.2644491343602 2.3118200552896 2.39177017178585 2.40967213877391 2.42267641904865 2.42394425087003 2.4252385951378 2.40792359423665 2.38719872454638 2.37003255043886 2.35930318515788 2.34443612028487 2.32814986117613 2.25526917574643 2.16419761955453 2.035749075161 1.92623866241609 1.82674882511893 1.7513140976354 1.72560783222788 1.73594065216242 1.71235063927984 1.60721409272576 1.645040139441 1.91309048533943 0 0 0 0 0 0 0 0 0 0 0 0
0 0 0 0 0 0 0 0 0 0 0 0 0 0 2.21134725601094 1.75192272074765 1.58034822523101 1.59060079699657 1.61390887006671 1.67504916244904 1.70961192842543 1.71688132039797 1.79232242180181 1.99688039264154 2.13321822665698 2.21587618768055 2.22659264888049 2.1732707928279 2.03250956151461 1.9209710904898 1.72194730663632 1.65360578583093 1.63618180966476 1.82586172317133 1.98830377911791 2.19243921882031 2.32652756542622 2.42168289828878 2.46054742551806 2.47940037210147 2.48890464635199 2.47149534326714 2.44405886513425 2.40623644222464 2.36284644146094 2.31132804670642 2.29363486119237 2.2921477384733 2.32250048462338 2.35382749028855 2.37564652392221 2.39045942951555 2.37560069291913 2.35468958101597 2.35466512502989 2.33970552620361 2.33856816168715 2.31986427606239 2.30918266067515 2.30905591302858 2.3040668267519 2.30558755688735 2.32495552171958 2.32813012440006 2.34383727012326 2.39225568250097 2.41208344670664 2.42226651353855 2.42998308707103 2.42817546809774 2.41831646824725 2.3966341034271 2.37898277801299 2.36151530811256 2.33901140513278 2.29731120742342 2.22349751253651 2.11155593755787 1.93512828278208 1.80117056241721 1.6562950099394 1.54513937092944 1.56812542037352 1.63515739609544 1.65038864107678 1.60026903173982 1.65686188846443 1.96306093196086 0 0 0 0 0 0 0 0 0 0 0 0
0 0 0 0 0 0 0 0 0 0 0 0 0 0 1.60940243372271 1.84569217762907 1.62470328948726 1.55727916353103 1.59931661838613 1.63416099338831 1.66895544517684 1.61272386393007 1.62176985852366 1.8120520727778 1.99873351195014 2.12567962397511 2.19718210197956 2.20970938083999 2.15457248802888 2.09089480466021 2.00799397584443 1.9672771905483 1.97666793618132 2.07083497468622 2.19067253373511 2.30616494509463 2.39246958888349 2.44381289849109 2.46070540816533 2.47028909273603 2.47050544807354 2.45190461692118 2.40895076977275 2.38125884682499 2.33392125917103 2.27626756785628 2.26665001038729 2.26431399854977 2.29577258151702 2.34642363322516 2.38372405441616 2.40591361666014 2.4037352515095 2.39005558131368 2.38461140568705 2.36570129512126 2.36335227376128 2.36585070793051 2.37217513980721 2.36792697588365 2.37678211581351 2.37650773440358 2.37226104589043 2.37904343346547 2.37955770377438 2.40395340786741 2.42445964037096 2.42965940791077 2.42404580846378 2.42183226463333 2.41506260338709 2.40070508625158 2.38158910134949 2.36701830121245 2.33223603132104 2.28559577298023 2.18157091889687 2.03451723204889 1.85837645559242 1.67294394191041 1.50334159957451 1.41746910876771 1.47721686554325 1.57265746434927 1.6272404461571 1.58583866740058 1.71800548438717 0.242723131723503 0 0 0 0 0 0 0 0 0 0 0 0
0 0 0 0 0 0 0 0 0 0 0 0 0 0 0.0250348814559122 2.14663778714615 1.76160657382418 1.55570002147886 1.58957188356115 1.63113138672246 1.66006644760345 1.58879396586767 1.49783537873856 1.59649148933936 1.77991404541302 1.96524750071604 2.1022320065208 2.17094536877271 2.19045175793955 2.2000121477014 2.21284401209199 2.22710444674062 2.22446676499389 2.29329803362319 2.33817687388812 2.39730092923487 2.43167124621181 2.45235876782577 2.45544391973797 2.46216729535486 2.44984645263334 2.42418078655902 2.3756440682658 2.32092142210759 2.26340309911396 2.20857680055837 2.17915675440694 2.19718006732498 2.23898928581229 2.29462298290668 2.34897706972767 2.37952857582821 2.38580977159402 2.39408350633974 2.37323272054778 2.37267680873268 2.38536580797177 2.37651451175952 2.38476387089475 2.40183770061582 2.41408138668375 2.40756740259521 2.40389758794702 2.40218339833085 2.40081191673463 2.40843374945112 2.41916989615785 2.42479990296837 2.41785012860322 2.41673470456962 2.40236772739129 2.38940748857659 2.37652305622165 2.34922275115004 2.29672360497721 2.26013454399395 2.11666440878395 1.97129776228129 1.80097478933384 1.60330714292222 1.48171437751591 1.40033832362307 1.45533418569941 1.55291762905795 1.59645977450528 1.60510305709592 1.80759170723216 0.00374390251428676 0 0 0 0 0 0 0 0 0 0 0 0
0 0 0 0 0 0 0 0 0 0 0 0 0 0 0 2.33112618494984 1.95947067816966 1.5745126973901 1.57800941904595 1.61153744805293 1.61275243770553 1.52393120628772 1.41077218343538 1.38357702756089 1.58522281953373 1.81189546720913 2.00462101114037 2.12892872456803 2.20271688786032 2.23999909790573 2.30440382259042 2.3517240766622 2.3629949914397 2.36920796154276 2.39753268933264 2.42322046288852 2.43887651535371 2.44123708091688 2.45458493810084 2.44954638933714 2.44098162681472 2.41400138837504 2.35002400025623 2.28153201228253 2.15430560635179 2.08168928473934 2.07187407803663 2.05432697284142 2.12754243463302 2.19553493204402 2.25958850127227 2.30771996642033 2.33485555999193 2.33674308503803 2.30956390880416 2.33888878817697 2.344313904131 2.35153595821938 2.37941264994272 2.39725755814796 2.42051612434958 2.42159208354582 2.419844011188 2.40973031678977 2.39965734365733 2.39715454431905 2.40030215148246 2.39956390424157 2.39065175288127 2.38203044955948 2.37495347457175 2.37227671000163 2.35368947358507 2.3222954706041 2.28228804913151 2.19474989724991 2.09095882884348 1.92685891234333 1.78696029134523 1.62593567274635 1.5062102146429 1.46356140552283 1.46357598241922 1.48124296919611 1.53714743480298 1.69780986779027 0.912830742139747 0 0 0 0 0 0 0 0 0 0 0 0 0
0 0 0 0 0 0 0 0 0 0 0 0 0 0 0 0 2.18423555901285 1.74063916435648 1.57380192150122 1.56628045155203 1.57534787949525 1.52884480449684 1.39462176966949 1.36390897670018 1.5172147699283 1.74503007192489 1.94126143775502 2.11382984514331 2.18812686321116 2.2865238089367 2.34883326951498 2.38338113935714 2.39847777713018 2.4085225953318 2.40023904023012 2.41155971924452 2.42384868719011 2.43340781624353 2.44545227536389 2.44122056229681 2.4323673585125 2.40141326785859 2.3260475187997 2.19597664900766 2.02654857008835 1.9221674500471 1.89938437450793 1.88045648291594 1.92824908818681 2.01351603081493 2.08168575919164 2.15286288254464 2.19503433135241 2.21411391762176 2.20728794729241 2.26266240261491 2.28089524799593 2.30501294702453 2.33799253503573 2.36896993113608 2.40546812114053 2.41888848908046 2.41531306726493 2.40291614107957 2.38052182881959 2.3669657726705 2.36763690622003 2.37392030204641 2.35478020575673 2.32818142805588 2.31712957648841 2.31386601841585 2.32051550389629 2.3019858098568 2.25076843288234 2.16404500083196 2.05826234035635 1.92485831750718 1.77746005006217 1.6718946211676 1.56847326459525 1.50811924497202 1.42921699300063 1.4181158102954 1.58998304861649 0.280401415882502 0 0 0 0 0 0 0 0 0 0 0 0 0 0
0 0 0 0 0 0 0 0 0 0 0 0 0 0 0 0 1.0010216007304 1.91359447414311 1.65706304522887 1.53812668169265 1.55705761288094 1.54236105362035 1.48163830406195 1.46777638637717 1.57458988949041 1.77132223871791 1.92575939692196 2.08340539332065 2.20705718811967 2.27305724944485 2.33354080593314 2.38332063643876 2.37830851749681 2.36482378603379 2.35314440776048 2.38269991819605 2.40080785042755 2.41492177994579 2.42860006503748 2.4325602487715 2.41989859727197 2.37646606515442 2.26619624205114 2.11081346331334 1.93312577241269 1.7874408972042 1.69674078444216 1.67232359833233 1.73291590351975 1.82175108313586 1.88144285949253 1.96375193412979 2.02239749555079 2.02870660371798 2.08578202003959 2.172388392 2.22595876706669 2.2369387053173 2.27763910749749 2.34010485641069 2.37069859808022 2.38335169131786 2.39059908569004 2.38347129624268 2.35798867869009 2.3253336326961 2.31146840190351 2.32796018129415 2.31254583208917 2.25227108290053 2.20785897683151 2.23492943888964 2.25613040564083 2.25321838999381 2.22105479140846 2.11602193022507 2.00050838350824 1.91603709105191 1.75422956928415 1.65864790140097 1.55839144638297 1.46836937317242 1.37931780031814 1.46964239023376 1.73527304714748 0 0 0 0 0 0 0 0 0 0 0 0 0 0 0
0 0 0 0 0 0 0 0 0 0 0 0 0 0 0 0 0 1.48661847538014 1.82113420513277 1.58175506782373 1.57677083763853 1.59403399942666 1.58234304421216 1.64087513926862 1.71575135637765 1.83802683409939 1.9792093571956 2.08102486207481 2.16407449647502 2.23814197021142 2.28779885702435 2.30730836563668 2.28191735914436 2.29187438170938 2.29583073198798 2.35245060973456 2.37294148939317 2.38498097519331 2.40206481748633 2.41543635080871 2.40890665105354 2.35902109476422 2.23662106148093 2.02189174730932 1.78345693984284 1.62564593015492 1.57321248123323 1.56119064088864 1.58319741791359 1.61097410743471 1.65710639343514 1.75092465000018 1.81632563980685 1.85849487104229 1.93702239134715 2.05502568511871 2.15414128765492 2.21319332253815 2.25366429085978 2.30590403742748 2.31643538101494 2.33529515817238 2.34875575446975 2.33672729376323 2.33784429553392 2.27900591859469 2.25417165695044 2.24773635001714 2.24979757494113 2.1727868559893 2.0912785084341 2.07902254239628 2.1142752683277 2.16783939373711 2.16652151912201 2.07660221545915 1.95401790121403 1.84595162685775 1.69565420126403 1.60747585979454 1.50213402785155 1.41045947103231 1.36455212262577 1.57275666673225 0 0 0 0 0 0 0 0 0 0 0 0 0 0 0 0
0 0 0 0 0 0 0 0 0 0 0 0 0 0 0 0 0 0.483884878251505 2.03103701373603 1.71133630636228 1.61695491405315 1.65234327363128 1.69052286386322 1.73157115052371 1.80397727004949 1.86931019067767 1.94409107321714 2.01971226954427 2.10391612281334 2.15992942615811 2.17952423065813 2.18969792281595 2.20046339207849 2.1995632256867 2.25171387600293 2.31781085226807 2.34496474585976 2.3447830476049 2.35990868386799 2.38521731685226 2.3841140326714 2.31874400844933 2.18227841941642 1.95758360391234 1.67977530741086 1.52455254768518 1.53405074799424 1.52375330436824 1.51467487559012 1.51228331689047 1.55037050288062 1.61608805932139 1.69333893140758 1.75698916480942 1.86098123080848 1.97041247548821 2.0961168847932 2.17943965134318 2.23288932042589 2.26603123714913 2.26381136400556 2.27444342440639 2.27477044973717 2.30722506052899 2.30774727792537 2.24690722099674 2.18839746737138 2.17553106785182 2.16998430647245 2.0863521112922 1.92099610598751 1.89002115853292 1.93326917929716 2.05683007923629 2.10156873461989 2.03841819812048 1.91744878594869 1.75559595419701 1.65596497534533 1.48826813101931 1.40961589160831 1.33731555160344 1.41480677684296 1.70272802925099 0 0 0 0 0 0 0 0 0 0 0 0 0 0 0 0
0 0 0 0 0 0 0 0 0 0 0 0 0 0 0 0 0 0 0.814386021660813 1.92341884747512 1.71194270214353 1.68013500252531 1.73345894984228 1.77268785899912 1.81124678251105 1.84500944334176 1.8783319861986 1.91323561890594 1.96623616252667 2.01868262020626 2.05805432314673 2.06091835291567 2.04950037494607 2.09067782781047 2.17366778763852 2.27761447342555 2.29825207090507 2.28403043181959 2.29226771440857 2.32402805709988 2.32915776105519 2.27627767173496 2.12136881116685 1.91164472303037 1.6613062695351 1.55188567957172 1.56746573141982 1.58750534111101 1.55399022460083 1.51485346100375 1.50313970317487 1.54641361172849 1.62774036073013 1.67065911009698 1.80097755627295 1.95739817787709 2.10684705125486 2.20247748365034 2.22766826115943 2.22856452409905 2.20501324487237 2.1807801813672 2.20054828133379 2.23057234219566 2.25249244121423 2.20229881196281 2.16034360586717 2.09341155710505 2.03857885257255 1.94695233602618 1.82656000451138 1.71604831644294 1.70541149219938 1.88033374288316 2.00918364424351 1.99516324832508 1.87891013915737 1.68944168681585 1.54125858897568 1.41298757380671 1.32398785007874 1.33117229597976 1.58802673871131 1.12986541480989 0 0 0 0 0 0 0 0 0 0 0 0 0 0 0 0
0 0 0 0 0 0 0 0 0 0 0 0 0 0 0 0 0 0 0 2.12761883101301 1.84924604873806 1.73269682533129 1.68751814503154 1.71764900633869 1.73553098780766 1.77145903266106 1.78725516306259 1.80101762748401 1.85237869337379 1.88752064677583 1.90333809391197 1.89436790466279 1.9211124526741 1.96554508486413 2.10494591344303 2.2150051482978 2.21758670631554 2.17692848419213 2.19001852093037 2.23892398180791 2.2619219588253 2.22618525134094 2.06401198067576 1.85840848631449 1.6612803914787 1.60537117604471 1.63853590660776 1.66532269334115 1.6226572912564 1.6086771266402 1.59649067669265 1.56255201230132 1.58703557152867 1.69397727639838 1.82380825397485 1.99160812313707 2.13533384685783 2.21969032063677 2.23300919899623 2.19954592643928 2.12761092265956 2.11137683303505 2.10684145089323 2.16482648065791 2.1814846007054 2.14327285057142 2.07114167348325 2.00399415193903 1.91910307575784 1.78480854398392 1.68378355474219 1.52693809215827 1.51401036928141 1.72297813099234 1.92646484833018 1.95241914480501 1.81946655301902 1.62441842312048 1.47718649342153 1.35681538718681 1.37942382735274 1.58532363789714 1.54590038682268 0 0 0 0 0 0 0 0 0 0 0 0 0 0 0 0 0
0 0 0 0 0 0 0 0 0 0 0 0 0 0 0 0 0 0 0 0.19844034840767 2.06337295921904 1.84754901651476 1.68842604457866 1.63005277567001 1.62522867173526 1.64637698778103 1.6740556145447 1.68737430555371 1.74111086212453 1.75941945429142 1.75780881498732 1.77305476185256 1.80775315477879 1.89082906993691 2.04376049732228 2.15641166811384 2.14941757504056 2.04412146040471 2.02629610090135 2.12005107180827 2.18700286174457 2.15096790789013 2.01270726835966 1.82611518760449 1.65356583624976 1.61941704365914 1.6552266217263 1.69591061172883 1.67536053409187 1.67316436897529 1.64493246847564 1.58186663827938 1.62954805668512 1.72172540102571 1.85524309156353 2.025103003461 2.17426588691834 2.24550342757963 2.25841677287084 2.17147750734776 2.04453521651568 1.94648174261102 1.9736315709182 2.07158424826234 2.07338242642345 2.05546246493635 2.00534018361322 1.92036794905447 1.84305436572593 1.70380280254894 1.60510507698338 1.43398163882471 1.40769453480614 1.61859730850642 1.83444239716894 1.89664796951518 1.78741799687558 1.57556845780705 1.45611939281942 1.42542100983088 1.62866200194116 1.82924619500409 0 0 0 0 0 0 0 0 0 0 0 0 0 0 0 0 0 0
0 0 0 0 0 0 0 0 0 0 0 0 0 0 0 0 0 0 0 0 0.63421324768219 2.02164166132765 1.78659782701825 1.60473970876533 1.53407099180599 1.52027538318034 1.56759231455309 1.62532580799773 1.64270878248973 1.64820498280426 1.63201331386715 1.61045213035993 1.68311355028115 1.80895159601606 1.95590619946384 2.08011308733562 2.04758273734863 1.91269323182279 1.86631096664713 1.97203773138989 2.07462402646178 2.0547594695875 1.98224428830809 1.82891248875935 1.67411124457677 1.62845515787454 1.66989966888545 1.7168053688355 1.69386443646982 1.68993448171846 1.67255303293482 1.6565652414338 1.72465537544947 1.80775255493337 1.91607224514789 2.0874971040331 2.24246999214075 2.29845233934717 2.26009050172192 2.14886585488312 1.96472373675971 1.81490012903293 1.85837621949959 1.95217109151331 1.9789575781537 2.0203684148057 1.94942826693026 1.86153722587575 1.72243516351383 1.57835185281724 1.48714583442657 1.41020242974342 1.38037937840707 1.55567363181004 1.7611211804945 1.81383352755963 1.68982045678263 1.58017114101846 1.53358447193684 1.6945512597084 1.24065984401031 0 0 0 0 0 0 0 0 0 0 0 0 0 0 0 0 0 0 0
0 0 0 0 0 0 0 0 0 0 0 0 0 0 0 0 0 0 0 0 0 1.14448940927189 1.98528531963166 1.74233325571574 1.54465956210633 1.48227071444555 1.50951611490075 1.55987844967678 1.59305023284733 1.59068346501423 1.56696662177916 1.55119713651414 1.63441714388958 1.80533465943908 1.92956136868032 2.00275512307132 1.90068913705805 1.76443717886994 1.73419438098926 1.84504620298395 1.98569687836622 2.01066893816462 1.96964911728766 1.85131223503237 1.68893792686321 1.62930642848114 1.66708452004727 1.69462176862415 1.69238303571846 1.68253234845846 1.70813552640184 1.77245798371431 1.83471581997039 1.91486573260474 2.05261365540635 2.19527945126038 2.27575349528952 2.31564586221322 2.25477306383026 2.05045548595014 1.78527653520422 1.67804116848744 1.71329874497852 1.79683272517627 1.86568913304915 1.90098644919726 1.84990002675592 1.75840557155629 1.69176186557974 1.59486196628565 1.45563369500447 1.41175513854895 1.40087478987195 1.54148855415265 1.66009242348673 1.6865594992522 1.58936288580596 1.6183188970712 1.80201173206971 0.612240640432405 0 0 0 0 0 0 0 0 0 0 0 0 0 0 0 0 0 0 0 0
0 0 0 0 0 0 0 0 0 0 0 0 0 0 0 0 0 0 0 0 0 0 1.7515959601715 1.99585017473805 1.68424422071217 1.53340560056563 1.50164451092663 1.54430571226451 1.57131348775502 1.5524833643693 1.53153093942175 1.54513375337114 1.65455035193643 1.8190248578114 1.92065820300277 1.94846588689349 1.80626878019744 1.65032161398008 1.62983380985705 1.74313762383175 1.89163386769657 1.94467969740747 1.94685496647014 1.85434941157565 1.69882025447338 1.64478478490387 1.68148617411991 1.7029861196582 1.67084396716037 1.67803300112044 1.73423667803512 1.84264130182709 1.92531227626921 2.02225143044079 2.11566901782127 2.21065064513909 2.27999239634159 2.29124085449735 2.2100279855203 2.01188701244899 1.71837490657606 1.50564460237568 1.5567399213011 1.67571377599174 1.7518842475847 1.80107797763242 1.77759934934823 1.742106685023 1.66902231909076 1.58793990066007 1.51047299601233 1.47611315294166 1.4443622509325 1.48712303057 1.52765900886669 1.55544052404724 1.64028616500146 1.87865144741171 1.23330347386303 0 0 0 0 0 0 0 0 0 0 0 0 0 0 0 0 0 0 0 0 0
0 0 0 0 0 0 0 0 0 0 0 0 0 0 0 0 0 0 0 0 0 0 0 0.57712185326254 1.98655381083362 1.69825634345173 1.61008646178388 1.58380542566103 1.56446781301071 1.52972082179375 1.51270803418995 1.5631748678449 1.6757092662804 1.79688148327161 1.88928561512613 1.8802257039064 1.75575452627316 1.58769512260804 1.56647624903758 1.68526614851493 1.83165800813965 1.87896262185789 1.90940270661953 1.839292129018 1.72292197757014 1.68672417103516 1.69652418164729 1.70790977655175 1.65632971988696 1.67557404833902 1.76841020536369 1.86317323073019 1.99065224844452 2.07961766655459 2.15075719034654 2.1928296640186 2.2269737541188 2.24736222707297 2.15773160171577 1.96454953805643 1.68728396094177 1.51293199156147 1.46818653829259 1.5390863179679 1.63670348085558 1.66786718074114 1.69051971581116 1.65766021707393 1.61473294129124 1.57507599696855 1.52469413325996 1.46374705692146 1.3865670996578 1.40210138770448 1.46979848897693 1.62658698679877 1.68757042871758 0.0447925158983651 0 0 0 0 0 0 0 0 0 0 0 0 0 0 0 0 0 0 0 0 0 0
0 0 0 0 0 0 0 0 0 0 0 0 0 0 0 0 0 0 0 0 0 0 0 0 0 1.97228112142751 1.78821920462164 1.6750739232404 1.59692963892925 1.52771859877533 1.49779197480101 1.54827111045613 1.66190095145496 1.76850878465958 1.83953403426877 1.82881224797313 1.71440346102939 1.53879780631666 1.51918009437136 1.63522427787981 1.77308792209141 1.82044091207532 1.84010441879201 1.79751534074824 1.70984139590957 1.71085915751419 1.71831964848911 1.68751913883895 1.66066527215206 1.67850277750343 1.75268769894022 1.87447927785331 1.98869862182595 2.10144516039418 2.14149894456894 2.14245047565982 2.15650325685332 2.16543296416372 2.1073811722796 1.956570996356 1.72955549835021 1.55521921448027 1.46890666471289 1.47732216556108 1.53634293548475 1.57850524871712 1.58793866619368 1.61555889539797 1.58596177344804 1.51523537078772 1.48311006578249 1.43068149003479 1.36367767289314 1.46705097256147 1.53058580924287 0 0 0 0 0 0 0 0 0 0 0 0 0 0 0 0 0 0 0 0 0 0 0 0 0
0 0 0 0 0 0 0 0 0 0 0 0 0 0 0 0 0 0 0 0 0 0 0 0 0 0 2.03984232472796 1.87642412927635 1.70214953053583 1.53365994455457 1.48672640502904 1.53109808756735 1.61228734440087 1.69635903586339 1.73506801652263 1.75331641286364 1.66575263578006 1.54241223450803 1.52427748427317 1.63404634895246 1.74591476048878 1.78672471754115 1.79336080861615 1.76002913217459 1.7259904813367 1.7206158996479 1.71543693107491 1.69244177763139 1.682233989054 1.70142194365821 1.75143099397872 1.85407579582332 1.9785784954131 2.05607544059072 2.09105996241877 2.05559356613738 2.02223699332813 2.03162140485279 2.02071097318779 1.95340632320473 1.78828022246922 1.62345997702387 1.50022013405193 1.4610689931516 1.46578639992225 1.48990339636632 1.50787833748543 1.53452694453022 1.53295583524063 1.50744638392468 1.47599510703155 1.47630970189155 1.59419807019836 1.77558766016409 0 0 0 0 0 0 0 0 0 0 0 0 0 0 0 0 0 0 0 0 0 0 0 0 0 0
0 0 0 0 0 0 0 0 0 0 0 0 0 0 0 0 0 0 0 0 0 0 0 0 0 0 0.14344568396967 2.09040578063005 1.89513204844619 1.70202143973424 1.54410652169455 1.52652365550855 1.5493625799975 1.59390807182511 1.63380529675082 1.66037925266089 1.62314786352684 1.5581178074729 1.54285840787109 1.65762407157969 1.7414995465903 1.77566551351208 1.76616025586039 1.75754639404369 1.72231004877712 1.71750412475903 1.71328916640504 1.70757980715392 1.70548039854736 1.71521851783248 1.7614219992394 1.85013960783773 1.97839379364979 2.0237007687316 2.00589142636221 1.91569163696506 1.88407621058661 1.87351735888925 1.92543799306279 1.92385545338124 1.82920546521309 1.67433003744992 1.54481721331286 1.46367146596188 1.43139634234496 1.42678305475862 1.4502287401661 1.50787563111631 1.51283773164461 1.54556924866278 1.56865200689629 1.67907622285995 1.90812275680878 0.022731214973398 0 0 0 0 0 0 0 0 0 0 0 0 0 0 0 0 0 0 0 0 0 0 0 0 0 0
0 0 0 0 0 0 0 0 0 0 0 0 0 0 0 0 0 0 0 0 0 0 0 0 0 0 0 0.140688125684709 0.270515298107103 1.92138386307032 1.70273355845834 1.59885126112638 1.55745877107853 1.53800511985252 1.56785754220393 1.60901060666589 1.61107618855127 1.58055590400882 1.58293360269252 1.68939746434954 1.78404537167844 1.79918316759667 1.76303296191181 1.73167387974572 1.72955115825509 1.72095562000748 1.70768885852135 1.71163306118941 1.71025215196401 1.70703211281779 1.77099782079266 1.8570847032881 1.95339869449812 1.9606070689255 1.87939283734561 1.78462840051746 1.7242456026068 1.74035971399293 1.84674605091861 1.86382120070331 1.78652388521446 1.68126902713188 1.56453045009426 1.5082583990051 1.47029646954044 1.48738287192762 1.52545322604172 1.56772284493846 1.62997063860976 1.71002787493638 1.8289462826246 0.246217266546685 0 0 0 0 0 0 0 0 0 0 0 0 0 0 0 0 0 0 0 0 0 0 0 0 0 0 0 0
0 0 0 0 0 0 0 0 0 0 0 0 0 0 0 0 0 0 0 0 0 0 0 0 0 0 0 0 0 0.0227043118263911 2.04890573534446 1.83750399000033 1.69053004166651 1.64800866061834 1.61482214713803 1.61757721768547 1.6106205747877 1.57700285874562 1.59087013635343 1.69382636575095 1.76449997700635 1.78169760428597 1.74066224115792 1.72275672973647 1.70914347422282 1.70217435974797 1.69478763536321 1.69669700558444 1.69837257111905 1.70536272830401 1.75659262529721 1.84497318536278 1.90893010249042 1.90251619082787 1.78586786225713 1.69951121424203 1.62431252393464 1.64983400593556 1.73459388926858 1.78685864799264 1.75163105367629 1.6661662876075 1.60277854636669 1.61219379470821 1.65275635467236 1.69483497180652 1.7632336075133 0.349645021232944 0.365843785016411 0.399809439786528 0 0 0 0 0 0 0 0 0 0 0 0 0 0 0 0 0 0 0 0 0 0 0 0 0 0 0 0 0 0
0 0 0 0 0 0 0 0 0 0 0 0 0 0 0 0 0 0 0 0 0 0 0 0 0 0 0 0 0 0 0.208038310982599 1.54691485415513 1.97174798656662 1.91798792404669 1.82938113063828 1.7622505979972 1.66440113918333 1.58664780348393 1.56598093919216 1.61956758090304 1.70497033593718 1.74242495414561 1.69685059311892 1.64234860102997 1.63498825540162 1.63746323590015 1.66215171534699 1.66626487626213 1.68259102698475 1.68772566202464 1.72520913347354 1.79673972932619 1.8357906167009 1.83008697275294 1.7600710565635 1.6439512805452 1.58520906643915 1.60733253767434 1.67657363500252 1.73887160002567 1.7329534170063 1.69774357325028 1.71952220350133 1.80279076540444 0.4942197850328 0.255947927763104 0 0 0 0 0 0 0 0 0 0 0 0 0 0 0 0 0 0 0 0 0 0 0 0 0 0 0 0 0 0 0 0 0 0
0 0 0 0 0 0 0 0 0 0 0 0 0 0 0 0 0 0 0 0 0 0 0 0 0 0 0 0 0 0 0 0 0.709480869097825 0.732446226242139 1.41527070064941 2.0184763785356 1.86772942272799 1.67744960625425 1.60724046856194 1.59110465298766 1.62576611483907 1.66605125959588 1.63772695551826 1.60836858881229 1.60212255318781 1.61696668214241 1.65719449300036 1.70248489849865 1.74291346697975 1.74981792882482 1.74792943433532 1.76889983710199 1.80762477944138 1.79639975201972 1.75203335964053 1.67537009437051 1.6219354492037 1.63941402516892 1.70998034164438 1.79193302995609 1.85496046314606 1.89495541153855 1.14860039302928 0.0571535841289799 0 0 0 0 0 0 0 0 0 0 0 0 0 0 0 0 0 0 0 0 0 0 0 0 0 0 0 0 0 0 0 0 0 0 0 0
0 0 0 0 0 0 0 0 0 0 0 0 0 0 0 0 0 0 0 0 0 0 0 0 0 0 0 0 0 0 0 0 0 0 0 0.735371010148593 2.13905627272762 1.96320479907411 1.84521965287512 1.75151696251184 1.6867474123083 1.72524884140758 1.69197946783537 1.65789764684757 1.65055204365826 1.67916680373597 1.75068226963707 1.83703949267844 1.89014938299954 1.89655463578673 1.83737731968457 1.81504960176197 1.81913380004715 1.81485726694819 1.79291183317139 1.78082919206275 1.7886885574139 0.726142684204907 0.769531525726667 0.784828417416242 0.789622579901249 0 0 0 0 0 0 0 0 0 0 0 0 0 0 0 0 0 0 0 0 0 0 0 0 0 0 0 0 0 0 0 0 0 0 0 0 0 0 0
0 0 0 0 0 0 0 0 0 0 0 0 0 0 0 0 0 0 0 0 0 0 0 0 0 0 0 0 0 0 0 0 0 0 0 0 0 1.07963325929339 1.77268047019142 2.08189490851772 1.98622989513106 1.91554454448482 1.88195554100508 1.85794965135277 1.80459076803798 1.8649518504761 1.96329353536173 2.01587005890582 2.10420446185327 2.1175888801096 2.01574871041094 1.96273519361267 1.94173261229889 1.91908760156237 1.9528075721791 1.35312191741623 0.108840586973591 0 0 0 0 0 0 0 0 0 0 0 0 0 0 0 0 0 0 0 0 0 0 0 0 0 0 0 0 0 0 0 0 0 0 0 0 0 0 0 0 0 0 0
0 0 0 0 0 0 0 0 0 0 0 0 0 0 0 0 0 0 0 0 0 0 0 0 0 0 0 0 0 0 0 0 0 0 0 0 0 0 0 0 0.302066818282284 1.22086912613339 1.18312177540635 1.16537909843751 1.16242854721771 0.35697225425576 0 0 0 0 0 0 0 0 0 0 0 0 0 0 0 0 0 0 0 0 0 0 0 0 0 0 0 0 0 0 0 0 0 0 0 0 0 0 0 0 0 0 0 0 0 0 0 0 0 0 0 0 0 0
0 0 0 0 0 0 0 0 0 0 0 0 0 0 0 0 0 0 0 0 0 0 0 0 0 0 0 0 0 0 0 0 0 0 0 0 0 0 0 0 0 0 0 0 0 0 0 0 0 0 0 0 0 0 0 0 0 0 0 0 0 0 0 0 0 0 0 0 0 0 0 0 0 0 0 0 0 0 0 0 0 0 0 0 0 0 0 0 0 0 0 0 0 0 0 0 0 0 0 0
0 0 0 0 0 0 0 0 0 0 0 0 0 0 0 0 0 0 0 0 0 0 0 0 0 0 0 0 0 0 0 0 0 0 0 0 0 0 0 0 0 0 0 0 0 0 0 0 0 0 0 0 0 0 0 0 0 0 0 0 0 0 0 0 0 0 0 0 0 0 0 0 0 0 0 0 0 0 0 0 0 0 0 0 0 0 0 0 0 0 0 0 0 0 0 0 0 0 0 0
0 0 0 0 0 0 0 0 0 0 0 0 0 0 0 0 0 0 0 0 0 0 0 0 0 0 0 0 0 0 0 0 0 0 0 0 0 0 0 0 0 0 0 0 0 0 0 0 0 0 0 0 0 0 0 0 0 0 0 0 0 0 0 0 0 0 0 0 0 0 0 0 0 0 0 0 0 0 0 0 0 0 0 0 0 0 0 0 0 0 0 0 0 0 0 0 0 0 0 0
0 0 0 0 0 0 0 0 0 0 0 0 0 0 0 0 0 0 0 0 0 0 0 0 0 0 0 0 0 0 0 0 0 0 0 0 0 0 0 0 0 0 0 0 0 0 0 0 0 0 0 0 0 0 0 0 0 0 0 0 0 0 0 0 0 0 0 0 0 0 0 0 0 0 0 0 0 0 0 0 0 0 0 0 0 0 0 0 0 0 0 0 0 0 0 0 0 0 0 0
0 0 0 0 0 0 0 0 0 0 0 0 0 0 0 0 0 0 0 0 0 0 0 0 0 0 0 0 0 0 0 0 0 0 0 0 0 0 0 0 0 0 0 0 0 0 0 0 0 0 0 0 0 0 0 0 0 0 0 0 0 0 0 0 0 0 0 0 0 0 0 0 0 0 0 0 0 0 0 0 0 0 0 0 0 0 0 0 0 0 0 0 0 0 0 0 0 0 0 0
0 0 0 0 0 0 0 0 0 0 0 0 0 0 0 0 0 0 0 0 0 0 0 0 0 0 0 0 0 0 0 0 0 0 0 0 0 0 0 0 0 0 0 0 0 0 0 0 0 0 0 0 0 0 0 0 0 0 0 0 0 0 0 0 0 0 0 0 0 0 0 0 0 0 0 0 0 0 0 0 0 0 0 0 0 0 0 0 0 0 0 0 0 0 0 0 0 0 0 0
0 0 0 0 0 0 0 0 0 0 0 0 0 0 0 0 0 0 0 0 0 0 0 0 0 0 0 0 0 0 0 0 0 0 0 0 0 0 0 0 0 0 0 0 0 0 0 0 0 0 0 0 0 0 0 0 0 0 0 0 0 0 0 0 0 0 0 0 0 0 0 0 0 0 0 0 0 0 0 0 0 0 0 0 0 0 0 0 0 0 0 0 0 0 0 0 0 0 0 0
0 0 0 0 0 0 0 0 0 0 0 0 0 0 0 0 0 0 0 0 0 0 0 0 0 0 0 0 0 0 0 0 0 0 0 0 0 0 0 0 0 0 0 0 0 0 0 0 0 0 0 0 0 0 0 0 0 0 0 0 0 0 0 0 0 0 0 0 0 0 0 0 0 0 0 0 0 0 0 0 0 0 0 0 0 0 0 0 0 0 0 0 0 0 0 0 0 0 0 0
0 0 0 0 0 0 0 0 0 0 0 0 0 0 0 0 0 0 0 0 0 0 0 0 0 0 0 0 0 0 0 0 0 0 0 0 0 0 0 0 0 0 0 0 0 0 0 0 0 0 0 0 0 0 0 0 0 0 0 0 0 0 0 0 0 0 0 0 0 0 0 0 0 0 0 0 0 0 0 0 0 0 0 0 0 0 0 0 0 0 0 0 0 0 0 0 0 0 0 0
0 0 0 0 0 0 0 0 0 0 0 0 0 0 0 0 0 0 0 0 0 0 0 0 0 0 0 0 0 0 0 0 0 0 0 0 0 0 0 0 0 0 0 0 0 0 0 0 0 0 0 0 0 0 0 0 0 0 0 0 0 0 0 0 0 0 0 0 0 0 0 0 0 0 0 0 0 0 0 0 0 0 0 0 0 0 0 0 0 0 0 0 0 0 0 0 0 0 0 0
0 0 0 0 0 0 0 0 0 0 0 0 0 0 0 0 0 0 0 0 0 0 0 0 0 0 0 0 0 0 0 0 0 0 0 0 0 0 0 0 0 0 0 0 0 0 0 0 0 0 0 0 0 0 0 0 0 0 0 0 0 0 0 0 0 0 0 0 0 0 0 0 0 0 0 0 0 0 0 0 0 0 0 0 0 0 0 0 0 0 0 0 0 0 0 0 0 0 0 0
0 0 0 0 0 0 0 0 0 0 0 0 0 0 0 0 0 0 0 0 0 0 0 0 0 0 0 0 0 0 0 0 0 0 0 0 0 0 0 0 0 0 0 0 0 0 0 0 0 0 0 0 0 0 0 0 0 0 0 0 0 0 0 0 0 0 0 0 0 0 0 0 0 0 0 0 0 0 0 0 0 0 0 0 0 0 0 0 0 0 0 0 0 0 0 0 0 0 0 0
0 0 0 0 0 0 0 0 0 0 0 0 0 0 0 0 0 0 0 0 0 0 0 0 0 0 0 0 0 0 0 0 0 0 0 0 0 0 0 0 0 0 0 0 0 0 0 0 0 0 0 0 0 0 0 0 0 0 0 0 0 0 0 0 0 0 0 0 0 0 0 0 0 0 0 0 0 0 0 0 0 0 0 0 0 0 0 0 0 0 0 0 0 0 0 0 0 0 0 0
