0 0 0 0 0 0 0 0 0 0 0 0 0 0 0 0 0 0 0 0 0 0 0 0 0 0 0 0 0 0 0 0 0 0 0 0 0 0 0 0 0 0 0 0 0 0 0 0 0 0 0 0 0 0 0 0 0 0 0 0 0 0 0 0 0 0 0 0 0 0 0 0 0 0 0 0 0 0 0 0 0 0 0 0 0 0 0 0 0 0 0 0 0 0 0 0 0 0 0 0
0 0 0 0 0 0 0 0 0 0 0 0 0 0 0 0 0 0 0 0 0 0 0 0 0 0 0 0 0 0 0 0 0 0 0 0 0 0 0 0 0 0 0 0 0 0 0 0 0 0 0 0 0 0 0 0 0 0 0 0 0 0 0 0 0 0 0 0 0 0 0 0 0 0 0 0 0 0 0 0 0 0 0 0 0 0 0 0 0 0 0 0 0 0 0 0 0 0 0 0
0 0 0 0 0 0 0 0 0 0 0 0 0 0 0 0 0 0 0 0 0 0 0 0 0 0 0 0 0 0 0 0 0 0 0 0 0 0 0 0 0 0 0 0 0 0 0 0 0 0 0 0 0 0 0 0 0 0 0 0 0 0 0 0 0 0 0 0 0 0 0 0 0 0 0 0 0 0 0 0 0 0 0 0 0 0 0 0 0 0 0 0 0 0 0 0 0 0 0 0
0 0 0 0 0 0 0 0 0 0 0 0 0 0 0 0 0 0 0 0 0 0 0 0 0 0 0 0 0 0 0 0 0 0 0 0 0 0 0 0 0 0 0 0 0 0 0 0 0 0 0 0 0 0 0 0 0 0 0 0 0 0 0 0 0 0 0 0 0 0 0 0 0 0 0 0 0 0 0 0 0 0 0 0 0 0 0 0 0 0 0 0 0 0 0 0 0 0 0 0
0 0 0 0 0 0 0 0 0 0 0 0 0 0 0 0 0 0 0 0 0 0 0 0 0 0 0 0 0 0 0 0 0 0 0 0 0 0 0 0 0 0 0 0 0 0 0 0 0 0 0 0 0 0 0 0 0 0 0 0 0 0 0 0 0 0 0 0 0 0 0 0 0 0 0 0 0 0 0 0 0 0 0 0 0 0 0 0 0 0 0 0 0 0 0 0 0 0 0 0
0 0 0 0 0 0 0 0 0 0 0 0 0 0 0 0 0 0 0 0 0 0 0 0 0 0 0 0 0 0 0 0 0 0 0 0 0 0 0.01 0.01 0.01 0.01 0.01 0.01 0.01 0.01 0 0 0 0 0 0 0 0 0 0 0 0 0 0 0 0 0 0 0 0 0 0 0 0 0 0 0 0 0 0 0 0 0 0 0 0 0 0 0 0 0 0 0 0 0 0 0 0 0 0 0 0 0 0
0 0 0 0 0 0 0 0 0 0 0 0 0 0 0 0 0 0 0 0 0 0 0 0 0 0 0 0 0 0 0 0 0 0 0.01 0.01 0.01 0.01 0.01 0.02 0.02 0.02 0.02 0.02 0.01 0.01 0.01 0.01 0.01 0.01 0.01 0.01 0.01 0.01 0.01 0 0 0 0 0 0 0 0 0 0 0 0 0 0 0 0 0 0 0 0 0 0 0 0 0 0 0 0 0 0 0 0 0 0 0 0 0 0 0 0 0 0 0 0 0
0 0 0 0 0 0 0 0 0 0 0 0 0 0 0 0 0 0 0 0 0 0 0 0 0 0 0 0 0 0 0 0.01 0.01 0.01 0.02 0.02 0.02 0.03 0.03 0.04 0.04 0.04 0.04 0.04 0.03 0.03 0.03 0.03 0.03 0.03 0.03 0.02 0.02 0.02 0.01 0.01 0.01 0.01 0.01 0 0 0 0 0 0 0 0 0 0 0 0 0 0 0 0 0 0 0 0 0 0 0 0 0 0 0 0 0 0 0 0 0 0 0 0 0 0 0 0 0
0 0 0 0 0 0 0 0 0 0 0 0 0 0 0 0 0 0 0 0 0 0 0 0 0 0 0 0 0 0.01 0.01 0.01 0.02 0.03 0.03 0.04 0.05 0.06 0.07 0.08 0.08 0.08 0.08 0.08 0.07 0.07 0.07 0.07 0.06 0.06 0.06 0.05 0.05 0.04 0.03 0.03 0.02 0.02 0.01 0.01 0.01 0.01 0.01 0 0 0 0 0 0 0 0 0 0 0 0 0 0 0 0 0 0 0 0 0 0 0 0 0 0 0 0 0 0 0 0 0 0 0 0 0
0 0 0 0 0 0 0 0 0 0 0 0 0 0 0 0 0 0 0 0 0 0 0 0 0 0 0 0.01 0.01 0.01 0.02 0.03 0.04 0.06 0.07 0.09 0.11 0.12 0.14 0.15 0.15 0.16 0.15 0.15 0.14 0.14 0.13 0.13 0.13 0.12 0.11 0.1 0.09 0.08 0.07 0.06 0.05 0.04 0.03 0.03 0.02 0.02 0.01 0.01 0.01 0.01 0 0 0 0 0 0 0 0 0 0 0 0 0 0 0 0 0 0 0 0 0 0 0 0 0 0 0 0 0 0 0 0 0 0
0 0 0 0 0 0 0 0 0 0 0 0 0 0 0 0 0 0 0 0 0 0 0 0 0 0 0.01 0.01 0.02 0.03 0.04 0.06 0.08 0.11 0.13 0.16 0.19 0.22 0.24 0.26 0.27 0.27 0.27 0.26 0.25 0.25 0.24 0.23 0.23 0.22 0.21 0.19 0.17 0.15 0.13 0.11 0.1 0.08 0.07 0.06 0.05 0.04 0.03 0.03 0.02 0.02 0.01 0.01 0.01 0 0 0 0 0 0 0 0 0 0 0 0 0 0 0 0 0 0 0 0 0 0 0 0 0 0 0 0 0 0 0
0 0 0 0 0 0 0 0 0 0 0 0 0 0 0 0 0 0 0 0 0 0 0 0 0.01 0.01 0.02 0.03 0.04 0.06 0.08 0.12 0.15 0.19 0.23 0.28 0.32 0.36 0.39 0.41 0.43 0.43 0.43 0.42 0.41 0.4 0.39 0.38 0.37 0.36 0.35 0.33 0.3 0.27 0.23 0.2 0.18 0.15 0.13 0.12 0.1 0.08 0.07 0.06 0.05 0.04 0.03 0.02 0.02 0.01 0.01 0.01 0 0 0 0 0 0 0 0 0 0 0 0 0 0 0 0 0 0 0 0 0 0 0 0 0 0 0 0
0 0 0 0 0 0 0 0 0 0 0 0 0 0 0 0 0 0 0 0 0 0 0 0.01 0.01 0.02 0.04 0.05 0.08 0.11 0.15 0.2 0.25 0.31 0.37 0.43 0.49 0.54 0.58 0.61 0.63 0.63 0.63 0.62 0.61 0.6 0.59 0.58 0.57 0.55 0.53 0.5 0.47 0.42 0.38 0.34 0.3 0.26 0.23 0.21 0.18 0.16 0.13 0.11 0.09 0.07 0.06 0.05 0.04 0.03 0.02 0.02 0.01 0.01 0 0 0 0 0 0 0 0 0 0 0 0 0 0 0 0 0 0 0 0 0 0 0 0 0 0
0 0 0 0 0 0 0 0 0 0 0 0 0 0 0 0 0 0 0 0 0 0.01 0.01 0.02 0.03 0.05 0.07 0.1 0.14 0.19 0.25 0.32 0.39 0.47 0.55 0.62 0.69 0.75 0.8 0.83 0.85 0.86 0.85 0.84 0.83 0.82 0.81 0.8 0.79 0.78 0.75 0.72 0.67 0.62 0.57 0.51 0.46 0.42 0.38 0.34 0.3 0.26 0.23 0.19 0.16 0.14 0.11 0.09 0.07 0.06 0.04 0.03 0.02 0.02 0.01 0.01 0 0 0 0 0 0 0 0 0 0 0 0 0 0 0 0 0 0 0 0 0 0 0 0
0 0 0 0 0 0 0 0 0 0 0 0 0 0 0 0 0 0 0 0 0.01 0.01 0.02 0.04 0.06 0.09 0.12 0.17 0.23 0.3 0.38 0.47 0.56 0.66 0.75 0.84 0.92 0.98 1.03 1.06 1.08 1.08 1.08 1.07 1.06 1.05 1.04 1.03 1.02 1.01 0.99 0.95 0.9 0.85 0.78 0.72 0.66 0.61 0.56 0.51 0.46 0.41 0.36 0.32 0.27 0.23 0.2 0.16 0.14 0.11 0.09 0.07 0.05 0.03 0.02 0.02 0.01 0.01 0 0 0 0 0 0 0 0 0 0 0 0 0 0 0 0 0 0 0 0 0 0
0 0 0 0 0 0 0 0 0 0 0 0 0 0 0 0 0 0 0 0.01 0.02 0.03 0.04 0.07 0.1 0.15 0.2 0.27 0.35 0.44 0.54 0.65 0.76 0.86 0.97 1.06 1.14 1.2 1.24 1.27 1.28 1.29 1.28 1.27 1.26 1.25 1.25 1.24 1.24 1.23 1.21 1.18 1.13 1.08 1.01 0.95 0.89 0.83 0.77 0.72 0.66 0.6 0.54 0.48 0.42 0.37 0.32 0.27 0.23 0.19 0.16 0.12 0.09 0.07 0.05 0.03 0.02 0.01 0.01 0 0 0 0 0 0 0 0 0 0 0 0 0 0 0 0 0 0 0 0 0
0 0 0 0 0 0 0 0 0 0 0 0 0 0 0 0 0 0.01 0.01 0.02 0.03 0.05 0.08 0.12 0.17 0.24 0.31 0.4 0.5 0.61 0.72 0.84 0.96 1.07 1.17 1.26 1.33 1.39 1.42 1.44 1.45 1.45 1.44 1.43 1.42 1.41 1.41 1.42 1.42 1.42 1.41 1.38 1.34 1.29 1.23 1.17 1.11 1.06 1 0.94 0.88 0.81 0.74 0.67 0.61 0.54 0.48 0.42 0.36 0.31 0.26 0.21 0.16 0.12 0.09 0.06 0.04 0.03 0.02 0.01 0.01 0 0 0 0 0 0 0 0 0 0 0 0 0 0 0 0 0 0 0
0 0 0 0 0 0 0 0 0 0 0 0 0 0 0 0 0.01 0.01 0.02 0.04 0.06 0.09 0.14 0.19 0.27 0.35 0.45 0.56 0.68 0.79 0.91 1.03 1.15 1.25 1.35 1.43 1.49 1.54 1.56 1.58 1.57 1.57 1.55 1.54 1.53 1.53 1.54 1.54 1.55 1.56 1.56 1.54 1.52 1.48 1.43 1.38 1.33 1.27 1.21 1.16 1.09 1.02 0.95 0.88 0.81 0.74 0.67 0.6 0.53 0.46 0.39 0.32 0.26 0.2 0.15 0.11 0.08 0.05 0.04 0.02 0.01 0.01 0 0 0 0 0 0 0 0 0 0 0 0 0 0 0 0 0 0
0 0 0 0 0 0 0 0 0 0 0 0 0 0 0 0.01 0.01 0.02 0.04 0.06 0.1 0.15 0.22 0.3 0.39 0.5 0.62 0.74 0.86 0.98 1.1 1.21 1.31 1.4 1.49 1.56 1.61 1.64 1.66 1.67 1.66 1.64 1.63 1.61 1.61 1.61 1.62 1.63 1.64 1.66 1.66 1.66 1.65 1.63 1.59 1.55 1.51 1.46 1.41 1.35 1.29 1.23 1.16 1.09 1.02 0.95 0.88 0.8 0.72 0.64 0.56 0.47 0.39 0.31 0.24 0.19 0.14 0.1 0.07 0.05 0.03 0.02 0.01 0.01 0 0 0 0 0 0 0 0 0 0 0 0 0 0 0 0
0 0 0 0 0 0 0 0 0 0 0 0 0 0 0.01 0.01 0.02 0.04 0.07 0.11 0.16 0.23 0.32 0.42 0.54 0.67 0.79 0.92 1.04 1.15 1.26 1.35 1.44 1.52 1.59 1.64 1.69 1.72 1.73 1.73 1.71 1.69 1.67 1.66 1.65 1.65 1.66 1.68 1.7 1.72 1.74 1.75 1.75 1.74 1.72 1.69 1.66 1.61 1.57 1.51 1.46 1.4 1.34 1.28 1.22 1.15 1.08 1 0.92 0.83 0.74 0.64 0.55 0.45 0.37 0.29 0.22 0.17 0.12 0.08 0.06 0.04 0.02 0.01 0.01 0 0 0 0 0 0 0 0 0 0 0 0 0 0 0
0 0 0 0 0 0 0 0 0 0 0 0 0 0 0.01 0.02 0.04 0.07 0.11 0.17 0.24 0.34 0.45 0.58 0.71 0.84 0.97 1.09 1.2 1.3 1.38 1.46 1.53 1.59 1.65 1.7 1.74 1.77 1.77 1.77 1.75 1.72 1.7 1.68 1.68 1.68 1.69 1.7 1.73 1.76 1.78 1.81 1.82 1.82 1.82 1.8 1.77 1.73 1.69 1.64 1.59 1.54 1.49 1.44 1.39 1.33 1.26 1.19 1.11 1.02 0.92 0.82 0.72 0.62 0.52 0.42 0.34 0.26 0.2 0.14 0.1 0.07 0.04 0.03 0.02 0.01 0 0 0 0 0 0 0 0 0 0 0 0 0 0
0 0 0 0 0 0 0 0 0 0 0 0 0 0.01 0.02 0.04 0.06 0.11 0.17 0.25 0.35 0.47 0.6 0.74 0.88 1.02 1.14 1.25 1.34 1.42 1.48 1.54 1.59 1.64 1.69 1.74 1.77 1.8 1.8 1.79 1.77 1.74 1.72 1.7 1.69 1.69 1.7 1.72 1.75 1.78 1.81 1.84 1.87 1.88 1.89 1.88 1.86 1.83 1.79 1.74 1.69 1.65 1.61 1.57 1.52 1.47 1.42 1.35 1.27 1.19 1.09 1 0.89 0.79 0.68 0.58 0.48 0.38 0.3 0.23 0.16 0.11 0.08 0.05 0.03 0.02 0.01 0 0 0 0 0 0 0 0 0 0 0 0 0
0 0 0 0 0 0 0 0 0 0 0 0 0.01 0.02 0.03 0.06 0.1 0.16 0.25 0.35 0.48 0.62 0.77 0.91 1.05 1.18 1.28 1.37 1.45 1.5 1.55 1.59 1.63 1.67 1.72 1.76 1.8 1.82 1.82 1.81 1.79 1.76 1.73 1.71 1.7 1.7 1.71 1.73 1.75 1.79 1.82 1.86 1.9 1.92 1.94 1.94 1.92 1.9 1.86 1.82 1.77 1.73 1.7 1.67 1.63 1.59 1.54 1.48 1.4 1.33 1.24 1.16 1.06 0.96 0.86 0.75 0.64 0.54 0.43 0.34 0.25 0.18 0.13 0.08 0.05 0.03 0.02 0.01 0 0 0 0 0 0 0 0 0 0 0 0
0 0 0 0 0 0 0 0 0 0 0 0.01 0.01 0.03 0.05 0.09 0.15 0.24 0.35 0.48 0.62 0.78 0.93 1.08 1.21 1.32 1.4 1.47 1.53 1.57 1.6 1.63 1.66 1.7 1.74 1.78 1.82 1.84 1.85 1.83 1.81 1.77 1.74 1.72 1.71 1.7 1.71 1.73 1.76 1.79 1.83 1.87 1.91 1.94 1.97 1.98 1.97 1.95 1.91 1.88 1.84 1.8 1.77 1.75 1.72 1.68 1.63 1.58 1.51 1.44 1.37 1.29 1.22 1.13 1.04 0.93 0.82 0.7 0.59 0.47 0.37 0.28 0.2 0.13 0.09 0.05 0.03 0.02 0.01 0 0 0 0 0 0 0 0 0 0 0
0 0 0 0 0 0 0 0 0 0 0 0.01 0.02 0.04 0.08 0.14 0.22 0.33 0.46 0.61 0.78 0.94 1.1 1.23 1.34 1.43 1.5 1.56 1.59 1.62 1.64 1.66 1.69 1.72 1.76 1.8 1.84 1.86 1.87 1.86 1.83 1.79 1.76 1.73 1.71 1.71 1.71 1.73 1.75 1.78 1.82 1.87 1.91 1.95 1.98 2 2 1.99 1.96 1.93 1.89 1.86 1.84 1.82 1.79 1.76 1.71 1.66 1.6 1.53 1.47 1.41 1.35 1.28 1.2 1.11 1 0.88 0.76 0.63 0.5 0.39 0.29 0.2 0.13 0.08 0.05 0.03 0.01 0.01 0 0 0 0 0 0 0 0 0 0
0 0 0 0 0 0 0 0 0 0 0.01 0.02 0.03 0.06 0.11 0.19 0.3 0.43 0.59 0.76 0.94 1.1 1.25 1.37 1.46 1.53 1.59 1.63 1.65 1.67 1.69 1.7 1.73 1.76 1.8 1.84 1.87 1.9 1.9 1.88 1.85 1.81 1.77 1.74 1.72 1.71 1.71 1.72 1.74 1.77 1.81 1.86 1.9 1.95 1.99 2.01 2.02 2.01 2 1.97 1.94 1.92 1.9 1.89 1.86 1.83 1.78 1.73 1.67 1.61 1.56 1.52 1.47 1.41 1.35 1.27 1.17 1.05 0.93 0.79 0.65 0.52 0.4 0.29 0.2 0.13 0.08 0.04 0.02 0.01 0 0 0 0 0 0 0 0 0 0
0 0 0 0 0 0 0 0 0 0 0.01 0.02 0.05 0.09 0.16 0.26 0.39 0.55 0.72 0.91 1.09 1.25 1.38 1.48 1.56 1.62 1.66 1.69 1.71 1.73 1.74 1.76 1.78 1.81 1.84 1.88 1.91 1.94 1.94 1.92 1.88 1.83 1.79 1.75 1.72 1.71 1.7 1.71 1.73 1.76 1.8 1.84 1.89 1.94 1.98 2.01 2.03 2.04 2.03 2.01 2 1.98 1.97 1.95 1.93 1.9 1.85 1.8 1.75 1.7 1.65 1.61 1.58 1.53 1.48 1.41 1.32 1.21 1.09 0.95 0.81 0.66 0.52 0.39 0.28 0.18 0.11 0.07 0.04 0.02 0.01 0 0 0 0 0 0 0 0 0
0 0 0 0 0 0 0 0 0 0.01 0.02 0.04 0.07 0.13 0.22 0.34 0.49 0.67 0.86 1.05 1.23 1.38 1.5 1.59 1.65 1.7 1.73 1.76 1.78 1.79 1.81 1.82 1.84 1.87 1.9 1.94 1.97 1.98 1.98 1.96 1.91 1.86 1.81 1.76 1.73 1.71 1.7 1.71 1.72 1.75 1.78 1.83 1.88 1.93 1.97 2.01 2.04 2.06 2.06 2.05 2.05 2.04 2.03 2.02 2 1.97 1.93 1.88 1.83 1.78 1.74 1.71 1.68 1.64 1.6 1.53 1.45 1.35 1.23 1.1 0.96 0.8 0.65 0.5 0.37 0.25 0.16 0.1 0.05 0.03 0.01 0.01 0 0 0 0 0 0 0 0
0 0 0 0 0 0 0 0 0.01 0.01 0.03 0.05 0.1 0.17 0.28 0.42 0.6 0.79 0.99 1.18 1.35 1.49 1.59 1.67 1.73 1.77 1.8 1.83 1.85 1.87 1.88 1.9 1.92 1.94 1.97 2 2.03 2.04 2.03 2 1.95 1.89 1.83 1.78 1.74 1.71 1.7 1.71 1.72 1.75 1.78 1.82 1.87 1.92 1.97 2.02 2.05 2.07 2.09 2.1 2.1 2.1 2.09 2.09 2.07 2.04 2 1.96 1.91 1.87 1.84 1.81 1.78 1.75 1.7 1.64 1.57 1.47 1.36 1.24 1.09 0.94 0.78 0.62 0.46 0.33 0.22 0.14 0.08 0.04 0.02 0.01 0 0 0 0 0 0 0 0
0 0 0 0 0 0 0 0 0.01 0.02 0.04 0.08 0.14 0.23 0.36 0.52 0.71 0.91 1.11 1.29 1.45 1.58 1.67 1.74 1.8 1.84 1.87 1.9 1.93 1.95 1.97 1.98 2 2.02 2.05 2.07 2.09 2.1 2.08 2.05 2 1.93 1.87 1.81 1.76 1.73 1.72 1.72 1.74 1.76 1.79 1.83 1.88 1.93 1.98 2.03 2.07 2.1 2.12 2.14 2.15 2.15 2.16 2.15 2.13 2.11 2.08 2.04 2 1.96 1.93 1.91 1.88 1.84 1.8 1.74 1.66 1.57 1.47 1.35 1.22 1.07 0.91 0.74 0.57 0.42 0.29 0.19 0.11 0.06 0.03 0.02 0.01 0 0 0 0 0 0 0
0 0 0 0 0 0 0 0.01 0.01 0.03 0.06 0.11 0.18 0.29 0.44 0.62 0.82 1.02 1.22 1.39 1.53 1.65 1.73 1.8 1.85 1.9 1.94 1.97 2 2.03 2.05 2.07 2.08 2.1 2.12 2.14 2.16 2.16 2.14 2.1 2.05 1.98 1.91 1.84 1.79 1.76 1.75 1.75 1.77 1.79 1.82 1.86 1.9 1.95 2 2.05 2.09 2.13 2.16 2.18 2.19 2.2 2.21 2.21 2.2 2.18 2.15 2.12 2.08 2.05 2.03 2 1.97 1.93 1.89 1.82 1.75 1.66 1.56 1.45 1.32 1.18 1.02 0.85 0.68 0.51 0.36 0.24 0.15 0.09 0.05 0.02 0.01 0 0 0 0 0 0 0
0 0 0 0 0 0 0 0.01 0.02 0.04 0.08 0.14 0.24 0.37 0.53 0.72 0.92 1.12 1.31 1.46 1.59 1.69 1.77 1.84 1.89 1.95 1.99 2.03 2.07 2.1 2.12 2.14 2.16 2.17 2.19 2.21 2.22 2.22 2.2 2.16 2.1 2.03 1.96 1.9 1.85 1.81 1.8 1.8 1.82 1.84 1.87 1.91 1.95 1.99 2.04 2.08 2.12 2.16 2.19 2.22 2.24 2.25 2.26 2.26 2.25 2.23 2.21 2.19 2.16 2.14 2.11 2.09 2.06 2.02 1.96 1.9 1.82 1.73 1.63 1.53 1.41 1.28 1.13 0.96 0.79 0.61 0.45 0.31 0.2 0.12 0.07 0.03 0.02 0.01 0 0 0 0 0 0
0 0 0 0 0 0 0 0.01 0.03 0.05 0.1 0.18 0.3 0.45 0.63 0.83 1.03 1.22 1.38 1.52 1.63 1.72 1.8 1.86 1.92 1.98 2.03 2.08 2.12 2.15 2.18 2.2 2.21 2.23 2.25 2.26 2.27 2.27 2.25 2.21 2.15 2.09 2.02 1.96 1.91 1.88 1.87 1.87 1.89 1.91 1.94 1.97 2.01 2.04 2.08 2.12 2.16 2.19 2.22 2.25 2.27 2.28 2.29 2.3 2.29 2.28 2.27 2.25 2.23 2.21 2.19 2.16 2.13 2.09 2.03 1.96 1.88 1.79 1.7 1.6 1.49 1.36 1.23 1.07 0.89 0.71 0.54 0.38 0.25 0.15 0.09 0.05 0.02 0.01 0 0 0 0 0 0
0 0 0 0 0 0 0.01 0.02 0.04 0.07 0.14 0.23 0.36 0.53 0.72 0.93 1.12 1.3 1.45 1.57 1.66 1.74 1.81 1.88 1.94 2 2.06 2.1 2.15 2.18 2.21 2.23 2.25 2.27 2.29 2.3 2.31 2.31 2.29 2.26 2.21 2.15 2.09 2.03 1.99 1.96 1.95 1.95 1.97 1.99 2.02 2.04 2.07 2.1 2.13 2.16 2.19 2.22 2.25 2.27 2.29 2.31 2.32 2.32 2.32 2.32 2.31 2.29 2.28 2.26 2.25 2.22 2.19 2.15 2.09 2.02 1.94 1.85 1.75 1.66 1.55 1.44 1.31 1.16 0.99 0.81 0.63 0.46 0.31 0.19 0.11 0.06 0.03 0.01 0.01 0 0 0 0 0
0 0 0 0 0 0 0.01 0.02 0.05 0.1 0.17 0.28 0.44 0.62 0.82 1.03 1.21 1.37 1.5 1.6 1.69 1.75 1.82 1.88 1.95 2.01 2.06 2.11 2.15 2.18 2.21 2.23 2.25 2.28 2.3 2.32 2.34 2.34 2.33 2.3 2.26 2.21 2.16 2.11 2.07 2.04 2.03 2.04 2.05 2.07 2.09 2.11 2.13 2.15 2.18 2.2 2.22 2.24 2.27 2.29 2.3 2.32 2.33 2.34 2.34 2.34 2.34 2.33 2.32 2.31 2.29 2.27 2.24 2.19 2.14 2.07 1.99 1.9 1.8 1.71 1.61 1.51 1.39 1.25 1.09 0.91 0.72 0.53 0.37 0.24 0.14 0.08 0.04 0.02 0.01 0 0 0 0 0
0 0 0 0 0 0.01 0.01 0.03 0.06 0.12 0.21 0.34 0.51 0.71 0.92 1.12 1.3 1.44 1.55 1.64 1.71 1.77 1.82 1.88 1.94 2 2.05 2.09 2.12 2.15 2.18 2.2 2.23 2.26 2.3 2.33 2.35 2.36 2.36 2.34 2.31 2.27 2.22 2.18 2.15 2.12 2.11 2.11 2.12 2.14 2.15 2.17 2.18 2.19 2.21 2.22 2.24 2.25 2.27 2.28 2.3 2.31 2.32 2.34 2.34 2.35 2.35 2.35 2.35 2.34 2.32 2.3 2.27 2.23 2.18 2.11 2.03 1.94 1.85 1.76 1.67 1.57 1.46 1.33 1.18 1 0.8 0.61 0.43 0.28 0.17 0.1 0.05 0.02 0.01 0 0 0 0 0
0 0 0 0 0 0.01 0.02 0.04 0.08 0.15 0.25 0.4 0.58 0.79 1 1.2 1.37 1.5 1.6 1.67 1.73 1.78 1.83 1.88 1.93 1.98 2.02 2.05 2.07 2.1 2.12 2.15 2.19 2.23 2.27 2.31 2.34 2.37 2.37 2.37 2.35 2.32 2.28 2.24 2.21 2.19 2.18 2.18 2.18 2.19 2.2 2.2 2.21 2.22 2.22 2.23 2.23 2.24 2.25 2.26 2.27 2.29 2.31 2.32 2.34 2.35 2.36 2.36 2.36 2.35 2.34 2.33 2.3 2.26 2.21 2.14 2.07 1.98 1.9 1.81 1.72 1.63 1.53 1.41 1.26 1.08 0.88 0.68 0.49 0.33 0.21 0.12 0.06 0.03 0.01 0.01 0 0 0 0
0 0 0 0 0 0.01 0.02 0.05 0.1 0.18 0.3 0.46 0.65 0.87 1.08 1.28 1.43 1.55 1.64 1.7 1.75 1.8 1.84 1.88 1.92 1.95 1.98 1.99 2.01 2.02 2.05 2.08 2.12 2.17 2.23 2.28 2.33 2.36 2.38 2.39 2.38 2.36 2.33 2.3 2.27 2.24 2.23 2.22 2.22 2.22 2.22 2.22 2.22 2.22 2.22 2.22 2.21 2.21 2.22 2.22 2.23 2.25 2.27 2.3 2.32 2.34 2.35 2.36 2.37 2.36 2.35 2.34 2.31 2.27 2.23 2.17 2.1 2.02 1.94 1.86 1.78 1.69 1.59 1.48 1.33 1.16 0.96 0.76 0.56 0.38 0.24 0.14 0.08 0.04 0.02 0.01 0 0 0 0
0 0 0 0 0 0.01 0.03 0.06 0.11 0.21 0.34 0.51 0.72 0.94 1.16 1.34 1.49 1.6 1.68 1.74 1.78 1.82 1.85 1.88 1.91 1.92 1.93 1.93 1.93 1.94 1.96 2 2.05 2.11 2.17 2.24 2.3 2.34 2.38 2.39 2.39 2.38 2.36 2.33 2.3 2.28 2.26 2.24 2.23 2.22 2.22 2.22 2.21 2.21 2.2 2.19 2.18 2.17 2.17 2.17 2.18 2.2 2.23 2.26 2.29 2.32 2.34 2.36 2.36 2.36 2.35 2.34 2.31 2.28 2.23 2.18 2.12 2.05 1.98 1.9 1.83 1.75 1.66 1.55 1.41 1.24 1.04 0.83 0.62 0.44 0.28 0.17 0.09 0.05 0.02 0.01 0 0 0 0
0 0 0 0 0.01 0.01 0.03 0.07 0.13 0.24 0.38 0.57 0.78 1.01 1.22 1.4 1.54 1.64 1.72 1.77 1.81 1.84 1.87 1.88 1.89 1.89 1.88 1.86 1.85 1.85 1.87 1.91 1.96 2.03 2.11 2.19 2.26 2.32 2.36 2.38 2.4 2.39 2.38 2.36 2.33 2.3 2.27 2.25 2.23 2.22 2.21 2.2 2.19 2.18 2.17 2.15 2.14 2.12 2.12 2.12 2.13 2.16 2.19 2.23 2.26 2.3 2.33 2.35 2.35 2.35 2.34 2.32 2.3 2.26 2.22 2.18 2.12 2.06 2 1.94 1.87 1.8 1.72 1.61 1.48 1.31 1.11 0.9 0.69 0.49 0.32 0.2 0.11 0.06 0.03 0.01 0 0 0 0
0 0 0 0 0.01 0.02 0.04 0.08 0.15 0.26 0.42 0.62 0.84 1.06 1.27 1.44 1.58 1.68 1.75 1.8 1.83 1.86 1.87 1.88 1.87 1.85 1.83 1.8 1.78 1.77 1.79 1.83 1.88 1.96 2.04 2.13 2.21 2.28 2.33 2.37 2.39 2.39 2.39 2.37 2.34 2.31 2.28 2.25 2.22 2.2 2.19 2.18 2.16 2.15 2.13 2.12 2.1 2.08 2.07 2.07 2.09 2.12 2.15 2.2 2.24 2.28 2.31 2.33 2.34 2.34 2.32 2.3 2.27 2.24 2.2 2.16 2.11 2.06 2.01 1.96 1.91 1.84 1.77 1.67 1.54 1.37 1.18 0.97 0.75 0.54 0.37 0.23 0.13 0.07 0.03 0.01 0.01 0 0 0
0 0 0 0 0.01 0.02 0.04 0.09 0.17 0.29 0.45 0.66 0.88 1.11 1.31 1.48 1.61 1.7 1.77 1.82 1.85 1.87 1.88 1.87 1.85 1.82 1.78 1.74 1.72 1.71 1.72 1.75 1.81 1.89 1.98 2.07 2.15 2.23 2.29 2.34 2.37 2.38 2.39 2.37 2.35 2.32 2.28 2.25 2.22 2.19 2.17 2.16 2.14 2.13 2.11 2.09 2.07 2.05 2.04 2.05 2.06 2.09 2.13 2.18 2.23 2.27 2.3 2.32 2.32 2.31 2.29 2.26 2.23 2.2 2.16 2.12 2.08 2.05 2.01 1.97 1.92 1.87 1.8 1.71 1.59 1.43 1.24 1.03 0.81 0.59 0.4 0.25 0.15 0.08 0.04 0.02 0.01 0 0 0
0 0 0 0 0.01 0.02 0.05 0.1 0.18 0.31 0.48 0.69 0.92 1.14 1.34 1.51 1.63 1.72 1.78 1.82 1.85 1.87 1.87 1.85 1.83 1.79 1.74 1.7 1.67 1.65 1.66 1.69 1.75 1.82 1.91 2 2.09 2.17 2.24 2.3 2.34 2.37 2.38 2.37 2.35 2.32 2.29 2.25 2.21 2.18 2.16 2.15 2.13 2.12 2.1 2.09 2.07 2.05 2.04 2.05 2.06 2.09 2.13 2.18 2.23 2.26 2.29 2.3 2.3 2.28 2.25 2.22 2.18 2.15 2.11 2.07 2.04 2.01 1.98 1.96 1.92 1.88 1.82 1.73 1.62 1.47 1.29 1.08 0.85 0.63 0.43 0.28 0.16 0.09 0.04 0.02 0.01 0 0 0
0 0 0 0 0.01 0.02 0.05 0.1 0.18 0.31 0.49 0.7 0.93 1.16 1.36 1.52 1.64 1.72 1.78 1.82 1.85 1.86 1.85 1.83 1.8 1.75 1.71 1.66 1.63 1.61 1.61 1.64 1.69 1.76 1.84 1.93 2.02 2.1 2.18 2.25 2.3 2.34 2.36 2.37 2.36 2.33 2.3 2.26 2.22 2.19 2.17 2.15 2.14 2.13 2.12 2.1 2.09 2.08 2.07 2.08 2.09 2.12 2.16 2.2 2.24 2.27 2.28 2.28 2.27 2.25 2.21 2.17 2.13 2.09 2.05 2.01 1.99 1.96 1.95 1.93 1.9 1.87 1.82 1.74 1.64 1.5 1.32 1.11 0.88 0.65 0.45 0.29 0.17 0.09 0.04 0.02 0.01 0 0 0
0 0 0 0 0.01 0.02 0.05 0.1 0.18 0.31 0.49 0.7 0.93 1.16 1.36 1.52 1.64 1.72 1.77 1.81 1.83 1.83 1.82 1.8 1.77 1.72 1.68 1.63 1.6 1.58 1.58 1.61 1.65 1.71 1.78 1.86 1.95 2.04 2.12 2.2 2.26 2.31 2.35 2.36 2.36 2.34 2.31 2.28 2.24 2.21 2.19 2.17 2.16 2.15 2.15 2.14 2.13 2.13 2.13 2.13 2.15 2.17 2.2 2.23 2.26 2.27 2.28 2.27 2.24 2.21 2.17 2.12 2.07 2.03 1.99 1.95 1.93 1.91 1.9 1.89 1.87 1.85 1.8 1.74 1.64 1.51 1.33 1.12 0.89 0.67 0.46 0.29 0.17 0.09 0.05 0.02 0.01 0 0 0
0 0 0 0 0.01 0.02 0.05 0.09 0.18 0.3 0.47 0.69 0.92 1.15 1.35 1.51 1.63 1.71 1.76 1.79 1.8 1.8 1.79 1.77 1.73 1.69 1.65 1.61 1.58 1.56 1.56 1.57 1.61 1.66 1.73 1.8 1.88 1.97 2.06 2.14 2.22 2.28 2.33 2.36 2.37 2.36 2.33 2.3 2.27 2.24 2.22 2.21 2.2 2.2 2.2 2.2 2.2 2.2 2.2 2.2 2.21 2.23 2.25 2.27 2.28 2.28 2.28 2.25 2.22 2.17 2.12 2.07 2.02 1.97 1.93 1.9 1.88 1.86 1.85 1.84 1.83 1.81 1.78 1.72 1.63 1.5 1.33 1.12 0.89 0.67 0.46 0.29 0.17 0.09 0.04 0.02 0.01 0 0 0
0 0 0 0 0.01 0.02 0.04 0.09 0.16 0.28 0.45 0.66 0.89 1.12 1.33 1.5 1.62 1.7 1.74 1.77 1.77 1.77 1.75 1.73 1.7 1.66 1.63 1.59 1.56 1.54 1.54 1.55 1.58 1.62 1.67 1.74 1.82 1.91 2 2.09 2.18 2.26 2.31 2.35 2.37 2.37 2.35 2.33 2.3 2.28 2.26 2.25 2.24 2.24 2.25 2.26 2.26 2.27 2.27 2.28 2.28 2.29 2.3 2.31 2.31 2.3 2.27 2.24 2.19 2.14 2.09 2.03 1.98 1.93 1.89 1.85 1.83 1.81 1.81 1.8 1.8 1.78 1.76 1.71 1.62 1.5 1.33 1.12 0.89 0.66 0.45 0.29 0.17 0.09 0.04 0.02 0.01 0 0 0
0 0 0 0 0.01 0.02 0.04 0.08 0.15 0.26 0.42 0.62 0.86 1.1 1.31 1.49 1.62 1.69 1.73 1.74 1.74 1.73 1.71 1.69 1.67 1.64 1.6 1.57 1.55 1.53 1.52 1.53 1.55 1.58 1.63 1.69 1.77 1.85 1.95 2.05 2.15 2.23 2.3 2.34 2.37 2.38 2.37 2.35 2.33 2.31 2.3 2.29 2.29 2.29 2.3 2.31 2.32 2.33 2.34 2.34 2.35 2.35 2.35 2.34 2.33 2.3 2.27 2.23 2.17 2.12 2.06 2 1.94 1.89 1.85 1.82 1.8 1.78 1.77 1.77 1.76 1.76 1.73 1.69 1.61 1.49 1.32 1.11 0.88 0.65 0.44 0.28 0.16 0.09 0.04 0.02 0.01 0 0 0
0 0 0 0 0.01 0.01 0.03 0.07 0.13 0.24 0.39 0.59 0.83 1.07 1.3 1.48 1.61 1.69 1.72 1.73 1.72 1.7 1.68 1.66 1.64 1.61 1.58 1.56 1.53 1.52 1.51 1.51 1.53 1.55 1.6 1.65 1.73 1.81 1.91 2.02 2.12 2.21 2.28 2.34 2.37 2.39 2.39 2.37 2.36 2.34 2.33 2.32 2.32 2.33 2.34 2.36 2.37 2.38 2.39 2.39 2.39 2.39 2.38 2.36 2.34 2.31 2.26 2.21 2.16 2.09 2.03 1.97 1.92 1.87 1.83 1.8 1.77 1.76 1.75 1.74 1.74 1.73 1.72 1.67 1.6 1.48 1.31 1.1 0.87 0.64 0.44 0.27 0.16 0.08 0.04 0.02 0.01 0 0 0
0 0 0 0 0 0.01 0.03 0.06 0.12 0.22 0.37 0.57 0.8 1.05 1.28 1.47 1.61 1.68 1.72 1.72 1.7 1.68 1.66 1.64 1.62 1.6 1.57 1.55 1.52 1.51 1.5 1.5 1.51 1.53 1.57 1.63 1.7 1.79 1.89 1.99 2.1 2.19 2.27 2.33 2.37 2.39 2.4 2.39 2.38 2.36 2.35 2.34 2.34 2.35 2.37 2.38 2.4 2.41 2.42 2.42 2.42 2.41 2.4 2.38 2.35 2.31 2.26 2.2 2.14 2.08 2.02 1.96 1.9 1.85 1.81 1.78 1.76 1.74 1.73 1.73 1.73 1.72 1.71 1.67 1.59 1.47 1.31 1.1 0.87 0.64 0.43 0.27 0.16 0.08 0.04 0.02 0.01 0 0 0
0 0 0 0 0 0.01 0.02 0.06 0.11 0.21 0.35 0.55 0.78 1.03 1.27 1.47 1.61 1.69 1.72 1.71 1.7 1.68 1.65 1.63 1.61 1.59 1.56 1.54 1.52 1.5 1.49 1.49 1.5 1.52 1.55 1.61 1.68 1.77 1.87 1.98 2.09 2.19 2.27 2.33 2.37 2.39 2.4 2.4 2.38 2.37 2.36 2.35 2.35 2.36 2.37 2.38 2.4 2.41 2.42 2.42 2.42 2.41 2.4 2.38 2.35 2.31 2.26 2.2 2.14 2.07 2.01 1.95 1.9 1.85 1.81 1.78 1.75 1.74 1.73 1.73 1.73 1.72 1.7 1.66 1.59 1.47 1.31 1.1 0.87 0.64 0.44 0.27 0.16 0.08 0.04 0.02 0.01 0 0 0
0 0 0 0 0 0.01 0.02 0.05 0.11 0.2 0.35 0.54 0.78 1.03 1.27 1.47 1.61 1.69 1.72 1.72 1.7 1.68 1.66 1.64 1.62 1.59 1.57 1.54 1.52 1.5 1.48 1.48 1.49 1.51 1.55 1.61 1.68 1.77 1.87 1.98 2.09 2.19 2.27 2.33 2.37 2.39 2.4 2.39 2.38 2.36 2.35 2.34 2.34 2.34 2.35 2.37 2.38 2.39 2.4 2.4 2.4 2.4 2.39 2.37 2.34 2.3 2.25 2.2 2.14 2.08 2.01 1.95 1.9 1.85 1.81 1.78 1.75 1.74 1.74 1.73 1.73 1.73 1.71 1.67 1.59 1.48 1.31 1.1 0.87 0.65 0.44 0.28 0.16 0.08 0.04 0.02 0.01 0 0 0
0 0 0 0 0 0.01 0.02 0.05 0.11 0.21 0.35 0.55 0.78 1.03 1.27 1.47 1.61 1.69 1.72 1.73 1.72 1.7 1.68 1.66 1.64 1.61 1.58 1.55 1.52 1.5 1.48 1.48 1.49 1.51 1.55 1.61 1.69 1.79 1.89 2 2.1 2.2 2.28 2.33 2.37 2.39 2.39 2.38 2.37 2.35 2.33 2.31 2.31 2.31 2.32 2.33 2.34 2.35 2.36 2.36 2.36 2.36 2.36 2.34 2.32 2.29 2.25 2.21 2.15 2.09 2.03 1.97 1.91 1.86 1.82 1.79 1.77 1.76 1.75 1.75 1.75 1.74 1.72 1.68 1.6 1.48 1.31 1.11 0.88 0.65 0.45 0.28 0.16 0.09 0.04 0.02 0.01 0 0 0
0 0 0 0 0 0.01 0.03 0.06 0.11 0.21 0.36 0.56 0.79 1.04 1.27 1.47 1.6 1.69 1.73 1.74 1.74 1.73 1.71 1.69 1.67 1.64 1.6 1.57 1.53 1.5 1.48 1.48 1.49 1.52 1.57 1.64 1.72 1.82 1.92 2.03 2.13 2.22 2.29 2.34 2.38 2.39 2.39 2.37 2.35 2.32 2.29 2.28 2.27 2.26 2.26 2.27 2.28 2.29 2.29 2.3 2.3 2.31 2.31 2.31 2.3 2.29 2.26 2.22 2.17 2.11 2.05 1.99 1.93 1.88 1.84 1.81 1.79 1.78 1.78 1.78 1.78 1.77 1.74 1.69 1.61 1.49 1.32 1.11 0.88 0.65 0.45 0.28 0.17 0.09 0.04 0.02 0.01 0 0 0
0 0 0 0 0 0.01 0.03 0.06 0.12 0.22 0.37 0.57 0.8 1.04 1.27 1.46 1.6 1.69 1.73 1.75 1.76 1.76 1.75 1.74 1.71 1.68 1.64 1.59 1.55 1.51 1.49 1.48 1.5 1.54 1.59 1.67 1.76 1.86 1.96 2.07 2.16 2.25 2.31 2.35 2.38 2.38 2.37 2.35 2.32 2.29 2.26 2.23 2.22 2.21 2.21 2.21 2.21 2.21 2.22 2.22 2.23 2.25 2.26 2.28 2.28 2.28 2.26 2.23 2.19 2.14 2.08 2.02 1.97 1.92 1.88 1.85 1.83 1.82 1.82 1.82 1.82 1.8 1.77 1.71 1.62 1.49 1.32 1.11 0.88 0.65 0.45 0.28 0.16 0.09 0.04 0.02 0.01 0 0 0
0 0 0 0 0 0.01 0.03 0.06 0.12 0.23 0.38 0.57 0.8 1.04 1.27 1.45 1.59 1.68 1.74 1.77 1.79 1.8 1.8 1.79 1.77 1.73 1.68 1.63 1.58 1.53 1.5 1.5 1.52 1.56 1.62 1.71 1.81 1.91 2.02 2.12 2.2 2.28 2.33 2.37 2.38 2.38 2.36 2.33 2.29 2.25 2.22 2.19 2.17 2.16 2.15 2.15 2.14 2.14 2.14 2.15 2.16 2.18 2.21 2.24 2.26 2.27 2.27 2.25 2.22 2.18 2.12 2.07 2.01 1.97 1.93 1.9 1.88 1.87 1.87 1.87 1.86 1.84 1.8 1.73 1.63 1.49 1.31 1.1 0.87 0.64 0.44 0.28 0.16 0.09 0.04 0.02 0.01 0 0 0
0 0 0 0 0 0.01 0.03 0.06 0.13 0.23 0.38 0.57 0.8 1.03 1.25 1.44 1.58 1.67 1.74 1.78 1.81 1.83 1.84 1.84 1.82 1.78 1.73 1.67 1.61 1.56 1.53 1.52 1.54 1.59 1.66 1.75 1.86 1.97 2.07 2.17 2.25 2.31 2.35 2.38 2.38 2.37 2.35 2.31 2.27 2.23 2.19 2.16 2.14 2.12 2.11 2.1 2.09 2.08 2.08 2.08 2.1 2.13 2.17 2.21 2.24 2.27 2.28 2.27 2.25 2.21 2.17 2.12 2.07 2.02 1.99 1.96 1.94 1.93 1.92 1.91 1.9 1.87 1.82 1.74 1.64 1.49 1.3 1.08 0.85 0.62 0.43 0.27 0.15 0.08 0.04 0.02 0.01 0 0 0
0 0 0 0 0 0.01 0.03 0.06 0.12 0.22 0.37 0.56 0.78 1.01 1.23 1.41 1.56 1.66 1.73 1.79 1.83 1.86 1.88 1.88 1.86 1.83 1.77 1.71 1.65 1.59 1.56 1.55 1.57 1.63 1.71 1.8 1.91 2.02 2.12 2.21 2.29 2.34 2.37 2.39 2.38 2.36 2.33 2.29 2.25 2.21 2.17 2.14 2.12 2.1 2.08 2.07 2.05 2.04 2.04 2.04 2.06 2.1 2.14 2.19 2.23 2.27 2.29 2.29 2.28 2.25 2.22 2.17 2.13 2.09 2.05 2.02 2 1.98 1.97 1.95 1.92 1.89 1.83 1.75 1.63 1.47 1.28 1.06 0.83 0.6 0.41 0.25 0.14 0.08 0.04 0.02 0.01 0 0 0
0 0 0 0 0 0.01 0.03 0.06 0.12 0.21 0.35 0.54 0.75 0.98 1.2 1.38 1.53 1.64 1.72 1.78 1.83 1.87 1.9 1.91 1.9 1.87 1.82 1.76 1.69 1.64 1.6 1.59 1.62 1.67 1.76 1.86 1.97 2.08 2.17 2.26 2.32 2.36 2.39 2.39 2.38 2.36 2.32 2.28 2.24 2.2 2.17 2.14 2.12 2.1 2.08 2.07 2.05 2.04 2.03 2.03 2.05 2.09 2.13 2.18 2.23 2.27 2.3 2.31 2.31 2.29 2.26 2.22 2.18 2.15 2.11 2.08 2.05 2.02 2 1.97 1.93 1.89 1.82 1.73 1.61 1.45 1.25 1.03 0.8 0.58 0.38 0.24 0.13 0.07 0.03 0.01 0.01 0 0 0
0 0 0 0 0 0.01 0.02 0.05 0.11 0.2 0.33 0.51 0.72 0.94 1.15 1.34 1.5 1.61 1.7 1.77 1.83 1.87 1.9 1.92 1.92 1.9 1.86 1.8 1.74 1.69 1.66 1.65 1.68 1.73 1.82 1.92 2.02 2.13 2.22 2.29 2.35 2.38 2.39 2.39 2.37 2.35 2.31 2.28 2.24 2.21 2.18 2.16 2.14 2.12 2.11 2.09 2.07 2.06 2.05 2.05 2.07 2.1 2.15 2.19 2.24 2.28 2.31 2.33 2.33 2.32 2.3 2.27 2.23 2.2 2.16 2.12 2.09 2.05 2.01 1.97 1.92 1.87 1.8 1.7 1.58 1.41 1.22 0.99 0.76 0.54 0.36 0.22 0.12 0.06 0.03 0.01 0 0 0 0
0 0 0 0 0 0.01 0.02 0.05 0.1 0.18 0.3 0.47 0.67 0.89 1.1 1.29 1.45 1.58 1.67 1.75 1.8 1.85 1.89 1.92 1.93 1.92 1.89 1.85 1.8 1.76 1.73 1.72 1.75 1.81 1.89 1.98 2.08 2.18 2.26 2.32 2.36 2.39 2.39 2.38 2.36 2.33 2.3 2.27 2.24 2.21 2.19 2.18 2.17 2.15 2.14 2.13 2.11 2.1 2.09 2.1 2.11 2.14 2.18 2.22 2.26 2.3 2.33 2.35 2.35 2.34 2.32 2.3 2.27 2.23 2.19 2.15 2.11 2.06 2.01 1.95 1.9 1.83 1.75 1.66 1.53 1.36 1.17 0.95 0.72 0.51 0.33 0.2 0.11 0.06 0.03 0.01 0 0 0 0
0 0 0 0 0 0.01 0.02 0.04 0.08 0.16 0.27 0.42 0.61 0.82 1.04 1.23 1.4 1.53 1.63 1.71 1.77 1.82 1.87 1.9 1.93 1.93 1.92 1.89 1.86 1.83 1.81 1.81 1.84 1.89 1.96 2.05 2.14 2.22 2.29 2.34 2.37 2.39 2.38 2.37 2.34 2.31 2.28 2.26 2.23 2.22 2.21 2.2 2.19 2.19 2.18 2.17 2.16 2.15 2.15 2.15 2.16 2.19 2.22 2.25 2.29 2.32 2.34 2.36 2.36 2.35 2.34 2.32 2.29 2.25 2.21 2.16 2.11 2.05 1.99 1.92 1.85 1.78 1.7 1.59 1.46 1.3 1.1 0.89 0.67 0.47 0.31 0.18 0.1 0.05 0.02 0.01 0 0 0 0
0 0 0 0 0 0.01 0.01 0.03 0.07 0.13 0.23 0.37 0.55 0.75 0.96 1.16 1.34 1.48 1.58 1.66 1.73 1.78 1.83 1.87 1.91 1.93 1.94 1.93 1.92 1.9 1.89 1.9 1.93 1.98 2.04 2.12 2.19 2.26 2.32 2.36 2.38 2.38 2.36 2.34 2.31 2.28 2.26 2.23 2.22 2.21 2.21 2.21 2.21 2.21 2.21 2.21 2.2 2.2 2.2 2.21 2.22 2.23 2.26 2.28 2.31 2.33 2.35 2.36 2.36 2.36 2.34 2.32 2.29 2.26 2.21 2.16 2.1 2.03 1.95 1.88 1.8 1.72 1.63 1.52 1.39 1.22 1.03 0.82 0.61 0.42 0.27 0.16 0.09 0.04 0.02 0.01 0 0 0 0
0 0 0 0 0 0 0.01 0.03 0.06 0.11 0.2 0.32 0.48 0.68 0.88 1.08 1.26 1.41 1.52 1.61 1.68 1.74 1.79 1.84 1.88 1.92 1.95 1.96 1.97 1.97 1.98 1.99 2.02 2.06 2.12 2.18 2.24 2.3 2.34 2.36 2.37 2.36 2.34 2.31 2.27 2.24 2.22 2.2 2.19 2.19 2.19 2.2 2.21 2.22 2.23 2.23 2.23 2.24 2.24 2.25 2.26 2.28 2.29 2.31 2.33 2.34 2.35 2.36 2.36 2.35 2.34 2.32 2.29 2.25 2.2 2.14 2.07 1.99 1.91 1.83 1.74 1.65 1.55 1.44 1.3 1.13 0.94 0.74 0.54 0.37 0.24 0.14 0.07 0.04 0.02 0.01 0 0 0 0
0 0 0 0 0 0 0.01 0.02 0.04 0.09 0.16 0.27 0.41 0.59 0.79 0.99 1.18 1.33 1.46 1.55 1.63 1.69 1.74 1.8 1.85 1.9 1.95 1.98 2.01 2.03 2.05 2.07 2.1 2.14 2.18 2.23 2.28 2.32 2.35 2.36 2.36 2.34 2.31 2.27 2.23 2.19 2.16 2.14 2.14 2.14 2.16 2.17 2.19 2.21 2.22 2.24 2.25 2.26 2.27 2.28 2.29 2.3 2.31 2.33 2.34 2.34 2.35 2.35 2.34 2.33 2.32 2.29 2.26 2.23 2.18 2.11 2.04 1.96 1.87 1.77 1.68 1.58 1.47 1.35 1.2 1.03 0.84 0.65 0.47 0.32 0.2 0.11 0.06 0.03 0.01 0 0 0 0 0
0 0 0 0 0 0 0.01 0.02 0.03 0.07 0.13 0.22 0.35 0.51 0.69 0.89 1.08 1.24 1.38 1.49 1.57 1.64 1.7 1.76 1.82 1.88 1.94 1.99 2.03 2.07 2.09 2.12 2.16 2.19 2.23 2.27 2.31 2.33 2.35 2.35 2.34 2.31 2.27 2.22 2.17 2.13 2.09 2.08 2.07 2.08 2.1 2.12 2.15 2.17 2.2 2.22 2.24 2.26 2.28 2.29 2.3 2.31 2.32 2.33 2.33 2.33 2.33 2.32 2.31 2.3 2.28 2.26 2.23 2.19 2.14 2.08 2 1.91 1.82 1.72 1.62 1.51 1.39 1.25 1.09 0.92 0.73 0.55 0.39 0.26 0.16 0.09 0.05 0.02 0.01 0 0 0 0 0
0 0 0 0 0 0 0 0.01 0.02 0.05 0.1 0.17 0.28 0.42 0.59 0.78 0.97 1.15 1.3 1.42 1.52 1.6 1.67 1.73 1.8 1.86 1.93 1.99 2.04 2.08 2.12 2.15 2.19 2.22 2.25 2.29 2.31 2.33 2.34 2.33 2.31 2.27 2.22 2.16 2.11 2.06 2.02 2 1.99 2 2.02 2.05 2.09 2.12 2.15 2.19 2.22 2.24 2.27 2.28 2.3 2.31 2.31 2.32 2.32 2.31 2.3 2.29 2.27 2.25 2.23 2.21 2.18 2.14 2.09 2.03 1.96 1.87 1.77 1.67 1.55 1.43 1.3 1.15 0.98 0.8 0.63 0.46 0.32 0.2 0.12 0.07 0.03 0.02 0.01 0 0 0 0 0
0 0 0 0 0 0 0 0.01 0.02 0.04 0.07 0.13 0.22 0.34 0.49 0.67 0.86 1.04 1.2 1.34 1.46 1.55 1.63 1.7 1.77 1.84 1.91 1.97 2.03 2.08 2.12 2.16 2.19 2.22 2.25 2.28 2.3 2.31 2.32 2.3 2.27 2.23 2.17 2.11 2.04 1.99 1.94 1.92 1.91 1.92 1.95 1.98 2.02 2.06 2.1 2.14 2.18 2.22 2.24 2.27 2.28 2.29 2.29 2.29 2.29 2.27 2.26 2.24 2.22 2.19 2.17 2.15 2.12 2.08 2.04 1.98 1.9 1.82 1.72 1.61 1.49 1.35 1.21 1.04 0.87 0.69 0.52 0.37 0.25 0.16 0.09 0.05 0.02 0.01 0 0 0 0 0 0
0 0 0 0 0 0 0 0 0.01 0.03 0.05 0.1 0.17 0.27 0.4 0.56 0.74 0.92 1.1 1.26 1.39 1.5 1.59 1.67 1.74 1.81 1.88 1.94 2 2.05 2.09 2.13 2.17 2.2 2.23 2.25 2.27 2.28 2.28 2.26 2.23 2.18 2.12 2.05 1.98 1.92 1.88 1.85 1.84 1.85 1.87 1.91 1.95 2 2.05 2.1 2.15 2.18 2.22 2.24 2.25 2.26 2.26 2.25 2.24 2.23 2.21 2.18 2.15 2.12 2.1 2.07 2.04 2.01 1.97 1.92 1.85 1.76 1.66 1.54 1.41 1.27 1.11 0.94 0.76 0.59 0.43 0.29 0.19 0.11 0.06 0.03 0.02 0.01 0 0 0 0 0 0
0 0 0 0 0 0 0 0 0.01 0.02 0.04 0.07 0.12 0.2 0.32 0.46 0.62 0.8 0.99 1.16 1.31 1.44 1.55 1.63 1.71 1.78 1.84 1.9 1.95 2 2.05 2.08 2.12 2.15 2.18 2.21 2.23 2.24 2.24 2.22 2.18 2.13 2.07 2 1.93 1.87 1.82 1.79 1.78 1.79 1.81 1.85 1.9 1.95 2.01 2.06 2.11 2.15 2.18 2.2 2.21 2.21 2.21 2.2 2.19 2.17 2.15 2.11 2.08 2.05 2.02 1.99 1.96 1.93 1.9 1.85 1.78 1.69 1.58 1.46 1.32 1.17 1 0.83 0.65 0.49 0.34 0.23 0.14 0.08 0.04 0.02 0.01 0 0 0 0 0 0 0
0 0 0 0 0 0 0 0 0 0.01 0.02 0.05 0.09 0.15 0.24 0.36 0.51 0.68 0.87 1.05 1.22 1.36 1.48 1.58 1.66 1.73 1.8 1.85 1.9 1.94 1.98 2.02 2.06 2.09 2.13 2.15 2.17 2.18 2.18 2.16 2.13 2.08 2.02 1.95 1.89 1.83 1.78 1.75 1.74 1.75 1.77 1.81 1.86 1.91 1.97 2.03 2.08 2.12 2.15 2.16 2.17 2.16 2.16 2.14 2.13 2.1 2.08 2.04 2 1.96 1.93 1.9 1.87 1.85 1.81 1.76 1.7 1.61 1.5 1.37 1.22 1.06 0.89 0.71 0.55 0.4 0.27 0.17 0.1 0.06 0.03 0.01 0.01 0 0 0 0 0 0 0
0 0 0 0 0 0 0 0 0 0.01 0.01 0.03 0.06 0.11 0.18 0.28 0.41 0.57 0.74 0.93 1.1 1.26 1.4 1.51 1.6 1.67 1.74 1.79 1.83 1.87 1.91 1.95 1.99 2.03 2.06 2.09 2.11 2.12 2.12 2.1 2.07 2.03 1.98 1.91 1.85 1.8 1.75 1.73 1.72 1.73 1.75 1.79 1.84 1.9 1.96 2.01 2.06 2.1 2.12 2.12 2.12 2.11 2.09 2.08 2.06 2.03 2 1.96 1.92 1.88 1.84 1.81 1.79 1.76 1.72 1.67 1.6 1.51 1.39 1.25 1.1 0.94 0.77 0.6 0.45 0.31 0.21 0.13 0.07 0.04 0.02 0.01 0 0 0 0 0 0 0 0
0 0 0 0 0 0 0 0 0 0 0.01 0.02 0.04 0.07 0.13 0.21 0.32 0.46 0.62 0.8 0.97 1.14 1.29 1.42 1.52 1.6 1.66 1.72 1.76 1.8 1.84 1.88 1.92 1.95 1.99 2.01 2.03 2.05 2.05 2.04 2.02 1.98 1.93 1.88 1.82 1.78 1.74 1.72 1.71 1.72 1.75 1.79 1.84 1.89 1.95 2.01 2.05 2.08 2.09 2.08 2.06 2.04 2.02 2 1.98 1.96 1.92 1.89 1.84 1.8 1.76 1.72 1.69 1.66 1.62 1.57 1.49 1.39 1.26 1.12 0.96 0.8 0.64 0.49 0.35 0.24 0.15 0.09 0.05 0.03 0.01 0.01 0 0 0 0 0 0 0 0
0 0 0 0 0 0 0 0 0 0 0.01 0.01 0.02 0.05 0.09 0.15 0.24 0.35 0.5 0.66 0.83 1 1.16 1.3 1.41 1.5 1.58 1.64 1.69 1.73 1.77 1.81 1.85 1.88 1.92 1.94 1.96 1.97 1.98 1.97 1.96 1.93 1.89 1.85 1.8 1.76 1.73 1.72 1.71 1.73 1.75 1.79 1.84 1.9 1.96 2 2.04 2.06 2.05 2.04 2.01 1.98 1.95 1.93 1.9 1.88 1.85 1.81 1.77 1.72 1.68 1.64 1.6 1.56 1.51 1.44 1.36 1.25 1.11 0.97 0.81 0.66 0.51 0.38 0.27 0.18 0.11 0.06 0.03 0.02 0.01 0 0 0 0 0 0 0 0 0
0 0 0 0 0 0 0 0 0 0 0 0.01 0.02 0.03 0.06 0.1 0.17 0.26 0.39 0.53 0.69 0.85 1.01 1.16 1.28 1.39 1.48 1.55 1.61 1.66 1.7 1.74 1.78 1.82 1.85 1.88 1.89 1.9 1.91 1.91 1.9 1.88 1.86 1.82 1.79 1.76 1.73 1.72 1.72 1.74 1.77 1.81 1.86 1.91 1.96 2 2.03 2.04 2.02 1.99 1.96 1.92 1.88 1.85 1.83 1.8 1.77 1.73 1.69 1.64 1.6 1.55 1.5 1.45 1.38 1.3 1.2 1.08 0.95 0.81 0.66 0.52 0.39 0.28 0.19 0.12 0.07 0.04 0.02 0.01 0 0 0 0 0 0 0 0 0 0
0 0 0 0 0 0 0 0 0 0 0 0 0.01 0.02 0.04 0.07 0.12 0.19 0.29 0.41 0.54 0.7 0.85 1 1.14 1.26 1.36 1.45 1.52 1.58 1.63 1.68 1.72 1.76 1.79 1.81 1.83 1.84 1.85 1.85 1.85 1.84 1.82 1.8 1.77 1.75 1.73 1.73 1.73 1.75 1.78 1.82 1.87 1.92 1.97 2 2.01 2.01 1.99 1.95 1.9 1.86 1.81 1.78 1.75 1.72 1.69 1.65 1.61 1.56 1.51 1.45 1.39 1.32 1.24 1.14 1.03 0.91 0.78 0.64 0.51 0.39 0.29 0.2 0.13 0.08 0.05 0.03 0.01 0.01 0 0 0 0 0 0 0 0 0 0
0 0 0 0 0 0 0 0 0 0 0 0 0.01 0.01 0.02 0.04 0.08 0.13 0.2 0.3 0.41 0.54 0.69 0.83 0.97 1.11 1.23 1.33 1.42 1.49 1.56 1.61 1.66 1.7 1.73 1.76 1.77 1.78 1.79 1.8 1.8 1.8 1.79 1.78 1.76 1.74 1.73 1.73 1.74 1.76 1.79 1.83 1.88 1.92 1.96 1.98 1.99 1.98 1.95 1.9 1.85 1.8 1.75 1.71 1.67 1.64 1.6 1.57 1.52 1.47 1.41 1.34 1.26 1.17 1.07 0.97 0.85 0.73 0.61 0.49 0.38 0.28 0.2 0.13 0.08 0.05 0.03 0.02 0.01 0 0 0 0 0 0 0 0 0 0 0
0 0 0 0 0 0 0 0 0 0 0 0 0 0.01 0.01 0.03 0.05 0.08 0.14 0.21 0.3 0.41 0.53 0.67 0.81 0.94 1.08 1.2 1.3 1.39 1.47 1.54 1.6 1.64 1.68 1.7 1.72 1.73 1.75 1.76 1.76 1.77 1.77 1.76 1.75 1.74 1.73 1.73 1.74 1.77 1.8 1.84 1.88 1.91 1.94 1.95 1.95 1.93 1.9 1.85 1.79 1.73 1.68 1.63 1.58 1.55 1.51 1.46 1.41 1.35 1.28 1.2 1.11 1.01 0.9 0.79 0.67 0.56 0.45 0.35 0.26 0.19 0.13 0.08 0.05 0.03 0.02 0.01 0 0 0 0 0 0 0 0 0 0 0 0
0 0 0 0 0 0 0 0 0 0 0 0 0 0 0.01 0.02 0.03 0.05 0.09 0.14 0.2 0.29 0.39 0.51 0.64 0.78 0.91 1.04 1.16 1.27 1.37 1.45 1.52 1.57 1.61 1.65 1.67 1.69 1.7 1.72 1.73 1.74 1.74 1.74 1.73 1.73 1.72 1.73 1.74 1.76 1.79 1.83 1.86 1.89 1.9 1.91 1.9 1.88 1.84 1.78 1.72 1.66 1.6 1.54 1.48 1.44 1.39 1.34 1.28 1.21 1.14 1.05 0.95 0.84 0.73 0.61 0.51 0.41 0.32 0.24 0.17 0.12 0.08 0.05 0.03 0.02 0.01 0 0 0 0 0 0 0 0 0 0 0 0 0
0 0 0 0 0 0 0 0 0 0 0 0 0 0 0 0.01 0.02 0.03 0.05 0.08 0.13 0.19 0.27 0.37 0.49 0.61 0.74 0.88 1 1.13 1.23 1.33 1.41 1.48 1.54 1.58 1.61 1.64 1.66 1.68 1.7 1.71 1.71 1.71 1.71 1.71 1.71 1.72 1.73 1.75 1.78 1.8 1.83 1.84 1.85 1.85 1.83 1.8 1.76 1.7 1.64 1.57 1.5 1.43 1.36 1.3 1.24 1.18 1.12 1.05 0.97 0.87 0.77 0.67 0.56 0.46 0.36 0.28 0.21 0.15 0.1 0.07 0.04 0.03 0.02 0.01 0 0 0 0 0 0 0 0 0 0 0 0 0 0
0 0 0 0 0 0 0 0 0 0 0 0 0 0 0 0 0.01 0.02 0.03 0.05 0.08 0.12 0.18 0.26 0.35 0.46 0.58 0.7 0.83 0.96 1.08 1.19 1.29 1.37 1.44 1.49 1.54 1.57 1.6 1.63 1.65 1.67 1.68 1.68 1.68 1.68 1.68 1.69 1.7 1.72 1.74 1.76 1.77 1.78 1.78 1.76 1.73 1.7 1.65 1.59 1.52 1.45 1.37 1.29 1.21 1.14 1.07 1.01 0.94 0.86 0.78 0.69 0.6 0.5 0.41 0.32 0.24 0.18 0.13 0.09 0.06 0.04 0.02 0.01 0.01 0 0 0 0 0 0 0 0 0 0 0 0 0 0 0
0 0 0 0 0 0 0 0 0 0 0 0 0 0 0 0 0 0.01 0.02 0.03 0.05 0.07 0.11 0.17 0.24 0.33 0.43 0.54 0.66 0.78 0.91 1.02 1.13 1.22 1.31 1.38 1.44 1.49 1.53 1.56 1.59 1.61 1.62 1.63 1.63 1.63 1.63 1.64 1.65 1.66 1.68 1.69 1.69 1.69 1.67 1.64 1.61 1.56 1.51 1.45 1.38 1.3 1.21 1.12 1.04 0.96 0.88 0.81 0.74 0.67 0.6 0.52 0.44 0.36 0.28 0.21 0.16 0.11 0.08 0.05 0.03 0.02 0.01 0.01 0 0 0 0 0 0 0 0 0 0 0 0 0 0 0 0
0 0 0 0 0 0 0 0 0 0 0 0 0 0 0 0 0 0 0.01 0.01 0.03 0.04 0.07 0.1 0.15 0.22 0.3 0.39 0.5 0.61 0.72 0.84 0.95 1.05 1.15 1.23 1.3 1.37 1.42 1.47 1.5 1.53 1.54 1.55 1.55 1.55 1.55 1.55 1.56 1.57 1.58 1.58 1.58 1.56 1.53 1.49 1.45 1.39 1.33 1.27 1.19 1.11 1.02 0.93 0.85 0.76 0.69 0.62 0.55 0.49 0.43 0.36 0.3 0.24 0.18 0.13 0.09 0.06 0.04 0.03 0.02 0.01 0.01 0 0 0 0 0 0 0 0 0 0 0 0 0 0 0 0 0
0 0 0 0 0 0 0 0 0 0 0 0 0 0 0 0 0 0 0 0.01 0.01 0.02 0.04 0.06 0.09 0.14 0.2 0.27 0.35 0.45 0.55 0.65 0.76 0.86 0.96 1.05 1.14 1.21 1.28 1.33 1.37 1.4 1.42 1.43 1.43 1.43 1.43 1.43 1.43 1.43 1.44 1.43 1.42 1.39 1.36 1.31 1.25 1.19 1.13 1.06 0.98 0.91 0.82 0.73 0.65 0.57 0.5 0.44 0.38 0.33 0.28 0.23 0.19 0.15 0.11 0.08 0.05 0.03 0.02 0.01 0.01 0 0 0 0 0 0 0 0 0 0 0 0 0 0 0 0 0 0 0
0 0 0 0 0 0 0 0 0 0 0 0 0 0 0 0 0 0 0 0 0.01 0.01 0.02 0.03 0.05 0.08 0.12 0.17 0.23 0.31 0.39 0.48 0.57 0.67 0.76 0.86 0.94 1.03 1.1 1.16 1.2 1.24 1.26 1.26 1.26 1.26 1.26 1.25 1.25 1.25 1.25 1.24 1.22 1.19 1.15 1.09 1.03 0.97 0.9 0.84 0.77 0.69 0.62 0.54 0.47 0.4 0.34 0.29 0.25 0.21 0.17 0.14 0.11 0.08 0.06 0.04 0.03 0.02 0.01 0.01 0 0 0 0 0 0 0 0 0 0 0 0 0 0 0 0 0 0 0 0
0 0 0 0 0 0 0 0 0 0 0 0 0 0 0 0 0 0 0 0 0 0.01 0.01 0.02 0.03 0.05 0.07 0.1 0.15 0.2 0.26 0.33 0.4 0.48 0.57 0.66 0.74 0.82 0.89 0.95 1 1.03 1.05 1.06 1.06 1.06 1.05 1.04 1.04 1.04 1.03 1.02 0.99 0.96 0.92 0.86 0.8 0.74 0.68 0.62 0.56 0.5 0.43 0.37 0.31 0.26 0.22 0.18 0.15 0.12 0.1 0.08 0.06 0.04 0.03 0.02 0.01 0.01 0 0 0 0 0 0 0 0 0 0 0 0 0 0 0 0 0 0 0 0 0 0
0 0 0 0 0 0 0 0 0 0 0 0 0 0 0 0 0 0 0 0 0 0 0 0.01 0.01 0.02 0.04 0.06 0.08 0.12 0.16 0.21 0.27 0.33 0.4 0.47 0.54 0.61 0.68 0.74 0.78 0.81 0.83 0.84 0.84 0.83 0.82 0.82 0.81 0.8 0.79 0.78 0.76 0.73 0.69 0.64 0.58 0.53 0.48 0.43 0.38 0.33 0.28 0.24 0.2 0.16 0.13 0.1 0.08 0.06 0.05 0.04 0.03 0.02 0.01 0.01 0.01 0 0 0 0 0 0 0 0 0 0 0 0 0 0 0 0 0 0 0 0 0 0 0
0 0 0 0 0 0 0 0 0 0 0 0 0 0 0 0 0 0 0 0 0 0 0 0 0.01 0.01 0.02 0.03 0.05 0.07 0.09 0.12 0.16 0.21 0.26 0.31 0.37 0.43 0.48 0.53 0.57 0.6 0.61 0.62 0.62 0.61 0.6 0.59 0.58 0.58 0.57 0.55 0.54 0.51 0.48 0.44 0.4 0.35 0.31 0.27 0.24 0.2 0.17 0.14 0.11 0.09 0.07 0.05 0.04 0.03 0.02 0.02 0.01 0.01 0.01 0 0 0 0 0 0 0 0 0 0 0 0 0 0 0 0 0 0 0 0 0 0 0 0 0
0 0 0 0 0 0 0 0 0 0 0 0 0 0 0 0 0 0 0 0 0 0 0 0 0 0.01 0.01 0.01 0.02 0.03 0.05 0.07 0.09 0.12 0.15 0.19 0.23 0.28 0.32 0.35 0.38 0.41 0.42 0.42 0.42 0.41 0.4 0.4 0.39 0.38 0.37 0.36 0.35 0.33 0.31 0.28 0.25 0.22 0.19 0.16 0.14 0.12 0.09 0.08 0.06 0.05 0.03 0.03 0.02 0.01 0.01 0.01 0.01 0 0 0 0 0 0 0 0 0 0 0 0 0 0 0 0 0 0 0 0 0 0 0 0 0 0 0
0 0 0 0 0 0 0 0 0 0 0 0 0 0 0 0 0 0 0 0 0 0 0 0 0 0 0 0.01 0.01 0.02 0.02 0.03 0.05 0.06 0.09 0.11 0.14 0.16 0.19 0.22 0.24 0.25 0.26 0.27 0.26 0.26 0.25 0.24 0.24 0.23 0.23 0.22 0.21 0.2 0.18 0.16 0.14 0.12 0.1 0.09 0.07 0.06 0.05 0.04 0.03 0.02 0.02 0.01 0.01 0.01 0 0 0 0 0 0 0 0 0 0 0 0 0 0 0 0 0 0 0 0 0 0 0 0 0 0 0 0 0 0
0 0 0 0 0 0 0 0 0 0 0 0 0 0 0 0 0 0 0 0 0 0 0 0 0 0 0 0 0 0.01 0.01 0.02 0.02 0.03 0.04 0.06 0.07 0.09 0.11 0.12 0.13 0.14 0.15 0.15 0.15 0.15 0.14 0.14 0.13 0.13 0.12 0.12 0.11 0.11 0.1 0.09 0.07 0.06 0.05 0.04 0.04 0.03 0.02 0.02 0.01 0.01 0.01 0 0 0 0 0 0 0 0 0 0 0 0 0 0 0 0 0 0 0 0 0 0 0 0 0 0 0 0 0 0 0 0 0
0 0 0 0 0 0 0 0 0 0 0 0 0 0 0 0 0 0 0 0 0 0 0 0 0 0 0 0 0 0 0 0.01 0.01 0.01 0.02 0.03 0.04 0.04 0.05 0.06 0.07 0.08 0.08 0.08 0.08 0.08 0.07 0.07 0.07 0.06 0.06 0.06 0.06 0.05 0.05 0.04 0.04 0.03 0.02 0.02 0.02 0.01 0.01 0.01 0.01 0 0 0 0 0 0 0 0 0 0 0 0 0 0 0 0 0 0 0 0 0 0 0 0 0 0 0 0 0 0 0 0 0 0 0
0 0 0 0 0 0 0 0 0 0 0 0 0 0 0 0 0 0 0 0 0 0 0 0 0 0 0 0 0 0 0 0 0 0.01 0.01 0.01 0.02 0.02 0.02 0.03 0.03 0.04 0.04 0.04 0.04 0.04 0.03 0.03 0.03 0.03 0.03 0.03 0.03 0.02 0.02 0.02 0.02 0.01 0.01 0.01 0.01 0 0 0 0 0 0 0 0 0 0 0 0 0 0 0 0 0 0 0 0 0 0 0 0 0 0 0 0 0 0 0 0 0 0 0 0 0 0 0
0 0 0 0 0 0 0 0 0 0 0 0 0 0 0 0 0 0 0 0 0 0 0 0 0 0 0 0 0 0 0 0 0 0 0 0 0.01 0.01 0.01 0.01 0.01 0.02 0.02 0.02 0.02 0.02 0.01 0.01 0.01 0.01 0.01 0.01 0.01 0.01 0.01 0.01 0.01 0 0 0 0 0 0 0 0 0 0 0 0 0 0 0 0 0 0 0 0 0 0 0 0 0 0 0 0 0 0 0 0 0 0 0 0 0 0 0 0 0 0 0
0 0 0 0 0 0 0 0 0 0 0 0 0 0 0 0 0 0 0 0 0 0 0 0 0 0 0 0 0 0 0 0 0 0 0 0 0 0 0 0 0.01 0.01 0.01 0.01 0.01 0.01 0.01 0.01 0 0 0 0 0 0 0 0 0 0 0 0 0 0 0 0 0 0 0 0 0 0 0 0 0 0 0 0 0 0 0 0 0 0 0 0 0 0 0 0 0 0 0 0 0 0 0 0 0 0 0 0
0 0 0 0 0 0 0 0 0 0 0 0 0 0 0 0 0 0 0 0 0 0 0 0 0 0 0 0 0 0 0 0 0 0 0 0 0 0 0 0 0 0 0 0 0 0 0 0 0 0 0 0 0 0 0 0 0 0 0 0 0 0 0 0 0 0 0 0 0 0 0 0 0 0 0 0 0 0 0 0 0 0 0 0 0 0 0 0 0 0 0 0 0 0 0 0 0 0 0 0
0 0 0 0 0 0 0 0 0 0 0 0 0 0 0 0 0 0 0 0 0 0 0 0 0 0 0 0 0 0 0 0 0 0 0 0 0 0 0 0 0 0 0 0 0 0 0 0 0 0 0 0 0 0 0 0 0 0 0 0 0 0 0 0 0 0 0 0 0 0 0 0 0 0 0 0 0 0 0 0 0 0 0 0 0 0 0 0 0 0 0 0 0 0 0 0 0 0 0 0
0 0 0 0 0 0 0 0 0 0 0 0 0 0 0 0 0 0 0 0 0 0 0 0 0 0 0 0 0 0 0 0 0 0 0 0 0 0 0 0 0 0 0 0 0 0 0 0 0 0 0 0 0 0 0 0 0 0 0 0 0 0 0 0 0 0 0 0 0 0 0 0 0 0 0 0 0 0 0 0 0 0 0 0 0 0 0 0 0 0 0 0 0 0 0 0 0 0 0 0
0 0 0 0 0 0 0 0 0 0 0 0 0 0 0 0 0 0 0 0 0 0 0 0 0 0 0 0 0 0 0 0 0 0 0 0 0 0 0 0 0 0 0 0 0 0 0 0 0 0 0 0 0 0 0 0 0 0 0 0 0 0 0 0 0 0 0 0 0 0 0 0 0 0 0 0 0 0 0 0 0 0 0 0 0 0 0 0 0 0 0 0 0 0 0 0 0 0 0 0
0 0 0 0 0 0 0 0 0 0 0 0 0 0 0 0 0 0 0 0 0 0 0 0 0 0 0 0 0 0 0 0 0 0 0 0 0 0 0 0 0 0 0 0 0 0 0 0 0 0 0 0 0 0 0 0 0 0 0 0 0 0 0 0 0 0 0 0 0 0 0 0 0 0 0 0 0 0 0 0 0 0 0 0 0 0 0 0 0 0 0 0 0 0 0 0 0 0 0 0
