0 0 0 0 0 0 0 0 0 0 0 0 0 0 0 0 0 0 0 0 0 0 0 0 0 0 0 0 0 0 0 0 0 0 0 0 0 0 0 0 0 0 0 0 0 0 0 0 0 0 0 0 0 0 0 0 0 0 0 0 0 0 0 0 0 0 0 0 0 0 0 0 0 0 0 0 0 0 0 0 0 0 0 0 0 0 0 0 0 0 0 0 0 0 0 0 0 0 0 0
0 0 0 0 0 0 0 0 0 0 0 0 0 0 0 0 0 0 0 0 0 0 0 0 0 0 0 0 0 0 0 0 0 0 0 0 0 0 0 0 0 0 0 0 0 0 0 0 0 0 0 0 0 0 0 0 0 0 0 0 0 0 0 0 0 0 0 0 0 0 0 0 0 0 0 0 0 0 0 0 0 0 0 0 0 0 0 0 0 0 0 0 0 0 0 0 0 0 0 0
0 0 0 0 0 0 0 0 0 0 0 0 0 0 0 0 0 0 0 0 0 0 0 0 0 0 0 0 0 0 0 0 0 0 0 0 0 0 0 0 0 0 0 0 0 0 0 0 0 0 0 0 0 0 0 0 0 0 0 0 0 0 0 0 0 0 0 0 0 0 0 0 0 0 0 0 0 0 0 0 0 0 0 0 0 0 0 0 0 0 0 0 0 0 0 0 0 0 0 0
0 0 0 0 0 0 0 0 0 0 0 0 0 0 0 0 0 0 0 0 0 0 0 0 0 0 0 0 0 0 0 0 0 0 0 0 0 0 0 0 0 0 0 0 0 0 0 0 0 0 0 0 0 0 0 0 0 0 0 0 0 0 0 0 0 0 0 0 0 0 0 0 0 0 0 0 0 0 0 0 0 0 0 0 0 0 0 0 0 0 0 0 0 0 0 0 0 0 0 0
0 0 0 0 0 0 0 0 0 0 0 0 0 0 0 0 0 0 0 0 0 0 0 0 0 0 0 0 0 0 0 0 0 0 0 0 0 0 0 0 0 0 0 0 0 0 0 0 0 0 0 0 0 0 0 0 0 0 0 0 0 0 0 0 0 0 0 0 0 0 0 0 0 0 0 0 0 0 0 0 0 0 0 0 0 0 0 0 0 0 0 0 0 0 0 0 0 0 0 0
0 0 0 0 0 0 0 0 0 0 0 0 0 0 0 0 0 0 0 0 0 0 0 0 0 0 0 0 0 0 0 0 0 0 0 0 0 0 0.01 0.01 0.01 0.01 0.01 0.01 0.01 0 0 0 0 0 0 0 0 0 0 0 0 0 0 0 0 0 0 0 0 0 0 0 0 0 0 0 0 0 0 0 0 0 0 0 0 0 0 0 0 0 0 0 0 0 0 0 0 0 0 0 0 0 0 0
0 0 0 0 0 0 0 0 0 0 0 0 0 0 0 0 0 0 0 0 0 0 0 0 0 0 0 0 0 0 0 0 0 0 0.01 0.01 0.01 0.01 0.01 0.01 0.02 0.02 0.02 0.01 0.01 0.01 0.01 0.01 0.01 0.01 0.01 0.01 0.01 0.01 0.01 0 0 0 0 0 0 0 0 0 0 0 0 0 0 0 0 0 0 0 0 0 0 0 0 0 0 0 0 0 0 0 0 0 0 0 0 0 0 0 0 0 0 0 0 0
0 0 0 0 0 0 0 0 0 0 0 0 0 0 0 0 0 0 0 0 0 0 0 0 0 0 0 0 0 0 0 0.01 0.01 0.01 0.01 0.02 0.02 0.03 0.03 0.03 0.04 0.04 0.04 0.03 0.03 0.03 0.03 0.03 0.03 0.03 0.02 0.02 0.02 0.02 0.01 0.01 0.01 0.01 0.01 0 0 0 0 0 0 0 0 0 0 0 0 0 0 0 0 0 0 0 0 0 0 0 0 0 0 0 0 0 0 0 0 0 0 0 0 0 0 0 0 0
0 0 0 0 0 0 0 0 0 0 0 0 0 0 0 0 0 0 0 0 0 0 0 0 0 0 0 0 0 0.01 0.01 0.01 0.02 0.03 0.03 0.04 0.05 0.06 0.07 0.07 0.08 0.08 0.08 0.07 0.07 0.07 0.06 0.06 0.06 0.06 0.05 0.05 0.04 0.04 0.03 0.03 0.02 0.02 0.01 0.01 0.01 0.01 0.01 0 0 0 0 0 0 0 0 0 0 0 0 0 0 0 0 0 0 0 0 0 0 0 0 0 0 0 0 0 0 0 0 0 0 0 0 0
0 0 0 0 0 0 0 0 0 0 0 0 0 0 0 0 0 0 0 0 0 0 0 0 0 0 0 0.01 0.01 0.01 0.02 0.03 0.04 0.05 0.07 0.08 0.1 0.12 0.13 0.14 0.14 0.15 0.14 0.14 0.13 0.13 0.12 0.12 0.12 0.11 0.11 0.1 0.09 0.08 0.07 0.06 0.05 0.04 0.03 0.03 0.02 0.02 0.01 0.01 0.01 0.01 0 0 0 0 0 0 0 0 0 0 0 0 0 0 0 0 0 0 0 0 0 0 0 0 0 0 0 0 0 0 0 0 0 0
0 0 0 0 0 0 0 0 0 0 0 0 0 0 0 0 0 0 0 0 0 0 0 0 0 0 0.01 0.01 0.02 0.03 0.04 0.06 0.08 0.1 0.13 0.16 0.18 0.21 0.23 0.24 0.25 0.25 0.25 0.24 0.24 0.23 0.22 0.22 0.21 0.21 0.2 0.19 0.17 0.15 0.13 0.11 0.09 0.08 0.07 0.06 0.05 0.04 0.03 0.03 0.02 0.02 0.01 0.01 0.01 0 0 0 0 0 0 0 0 0 0 0 0 0 0 0 0 0 0 0 0 0 0 0 0 0 0 0 0 0 0 0
0 0 0 0 0 0 0 0 0 0 0 0 0 0 0 0 0 0 0 0 0 0 0 0 0.01 0.01 0.02 0.03 0.04 0.06 0.08 0.11 0.14 0.18 0.22 0.26 0.3 0.34 0.37 0.39 0.4 0.4 0.4 0.39 0.38 0.37 0.36 0.36 0.35 0.35 0.33 0.31 0.29 0.26 0.23 0.2 0.17 0.15 0.13 0.11 0.1 0.08 0.07 0.05 0.04 0.03 0.03 0.02 0.02 0.01 0.01 0.01 0 0 0 0 0 0 0 0 0 0 0 0 0 0 0 0 0 0 0 0 0 0 0 0 0 0 0 0
0 0 0 0 0 0 0 0 0 0 0 0 0 0 0 0 0 0 0 0 0 0 0 0.01 0.01 0.02 0.03 0.05 0.07 0.1 0.14 0.19 0.24 0.3 0.35 0.41 0.47 0.51 0.55 0.58 0.59 0.59 0.59 0.57 0.56 0.55 0.55 0.54 0.53 0.53 0.51 0.48 0.45 0.41 0.37 0.33 0.29 0.26 0.23 0.2 0.17 0.15 0.13 0.1 0.09 0.07 0.06 0.04 0.03 0.03 0.02 0.01 0.01 0.01 0 0 0 0 0 0 0 0 0 0 0 0 0 0 0 0 0 0 0 0 0 0 0 0 0 0
0 0 0 0 0 0 0 0 0 0 0 0 0 0 0 0 0 0 0 0 0 0.01 0.01 0.02 0.03 0.04 0.06 0.09 0.13 0.18 0.23 0.3 0.37 0.45 0.52 0.59 0.66 0.72 0.76 0.79 0.8 0.8 0.79 0.78 0.77 0.76 0.75 0.75 0.74 0.74 0.72 0.69 0.65 0.6 0.55 0.5 0.45 0.4 0.36 0.33 0.29 0.25 0.22 0.18 0.15 0.13 0.11 0.09 0.07 0.06 0.04 0.03 0.02 0.02 0.01 0.01 0 0 0 0 0 0 0 0 0 0 0 0 0 0 0 0 0 0 0 0 0 0 0 0
0 0 0 0 0 0 0 0 0 0 0 0 0 0 0 0 0 0 0 0 0.01 0.01 0.02 0.03 0.05 0.08 0.11 0.16 0.21 0.28 0.36 0.44 0.53 0.62 0.71 0.8 0.87 0.93 0.98 1 1.01 1.01 1 0.99 0.97 0.97 0.96 0.96 0.96 0.96 0.94 0.91 0.87 0.82 0.76 0.7 0.65 0.59 0.54 0.5 0.45 0.4 0.35 0.3 0.26 0.22 0.19 0.16 0.13 0.11 0.08 0.06 0.05 0.03 0.02 0.01 0.01 0.01 0 0 0 0 0 0 0 0 0 0 0 0 0 0 0 0 0 0 0 0 0 0
0 0 0 0 0 0 0 0 0 0 0 0 0 0 0 0 0 0 0 0.01 0.02 0.03 0.04 0.06 0.1 0.14 0.19 0.25 0.33 0.41 0.51 0.61 0.71 0.82 0.91 1 1.08 1.14 1.18 1.2 1.21 1.2 1.19 1.17 1.16 1.15 1.15 1.16 1.16 1.16 1.15 1.13 1.09 1.04 0.99 0.93 0.87 0.81 0.75 0.7 0.64 0.57 0.51 0.45 0.4 0.35 0.3 0.26 0.22 0.18 0.15 0.12 0.09 0.06 0.05 0.03 0.02 0.01 0.01 0 0 0 0 0 0 0 0 0 0 0 0 0 0 0 0 0 0 0 0 0
0 0 0 0 0 0 0 0 0 0 0 0 0 0 0 0 0 0.01 0.01 0.02 0.03 0.05 0.08 0.11 0.16 0.22 0.29 0.38 0.47 0.57 0.68 0.79 0.9 1.01 1.11 1.19 1.27 1.32 1.35 1.37 1.36 1.35 1.33 1.32 1.31 1.31 1.31 1.32 1.33 1.34 1.34 1.33 1.3 1.26 1.21 1.15 1.09 1.04 0.98 0.91 0.84 0.77 0.7 0.63 0.57 0.51 0.45 0.4 0.35 0.3 0.25 0.2 0.15 0.12 0.08 0.06 0.04 0.03 0.02 0.01 0.01 0 0 0 0 0 0 0 0 0 0 0 0 0 0 0 0 0 0 0
0 0 0 0 0 0 0 0 0 0 0 0 0 0 0 0 0.01 0.01 0.02 0.03 0.06 0.09 0.13 0.18 0.25 0.33 0.42 0.52 0.63 0.74 0.86 0.97 1.08 1.18 1.27 1.35 1.42 1.46 1.49 1.49 1.48 1.47 1.45 1.43 1.42 1.42 1.43 1.44 1.46 1.48 1.49 1.49 1.48 1.45 1.41 1.36 1.31 1.25 1.19 1.13 1.05 0.98 0.9 0.83 0.76 0.7 0.63 0.57 0.51 0.44 0.37 0.31 0.25 0.19 0.14 0.1 0.07 0.05 0.03 0.02 0.01 0.01 0 0 0 0 0 0 0 0 0 0 0 0 0 0 0 0 0 0
0 0 0 0 0 0 0 0 0 0 0 0 0 0 0 0.01 0.01 0.02 0.04 0.06 0.1 0.14 0.2 0.28 0.37 0.47 0.58 0.69 0.81 0.92 1.03 1.13 1.23 1.32 1.4 1.48 1.53 1.57 1.59 1.59 1.57 1.55 1.52 1.5 1.49 1.49 1.51 1.53 1.55 1.58 1.6 1.61 1.62 1.61 1.58 1.55 1.5 1.45 1.39 1.32 1.25 1.17 1.09 1.02 0.95 0.89 0.83 0.76 0.69 0.61 0.53 0.45 0.37 0.3 0.23 0.17 0.13 0.09 0.06 0.04 0.03 0.02 0.01 0.01 0 0 0 0 0 0 0 0 0 0 0 0 0 0 0 0
0 0 0 0 0 0 0 0 0 0 0 0 0 0 0.01 0.01 0.02 0.04 0.06 0.1 0.16 0.22 0.31 0.4 0.51 0.63 0.75 0.86 0.98 1.08 1.18 1.27 1.35 1.43 1.5 1.57 1.62 1.65 1.66 1.65 1.63 1.6 1.57 1.55 1.54 1.54 1.56 1.58 1.61 1.64 1.68 1.71 1.72 1.73 1.72 1.69 1.66 1.61 1.55 1.48 1.41 1.33 1.26 1.2 1.14 1.08 1.02 0.95 0.87 0.79 0.7 0.61 0.52 0.43 0.34 0.27 0.21 0.16 0.11 0.08 0.05 0.04 0.02 0.01 0.01 0 0 0 0 0 0 0 0 0 0 0 0 0 0 0
0 0 0 0 0 0 0 0 0 0 0 0 0 0 0.01 0.02 0.04 0.07 0.11 0.16 0.24 0.33 0.43 0.55 0.67 0.79 0.92 1.03 1.13 1.22 1.3 1.38 1.45 1.51 1.58 1.63 1.68 1.71 1.72 1.7 1.67 1.64 1.61 1.58 1.57 1.57 1.59 1.61 1.65 1.69 1.73 1.77 1.8 1.82 1.82 1.81 1.78 1.74 1.68 1.61 1.54 1.47 1.4 1.35 1.3 1.25 1.19 1.13 1.06 0.97 0.88 0.78 0.68 0.58 0.48 0.39 0.31 0.24 0.18 0.14 0.1 0.06 0.04 0.03 0.02 0.01 0 0 0 0 0 0 0 0 0 0 0 0 0 0
0 0 0 0 0 0 0 0 0 0 0 0 0 0.01 0.02 0.04 0.06 0.11 0.17 0.24 0.34 0.46 0.58 0.71 0.84 0.96 1.08 1.18 1.27 1.34 1.4 1.46 1.52 1.57 1.63 1.68 1.73 1.75 1.76 1.74 1.71 1.67 1.63 1.61 1.59 1.59 1.61 1.63 1.67 1.72 1.77 1.82 1.86 1.89 1.9 1.9 1.88 1.83 1.78 1.71 1.64 1.57 1.52 1.47 1.43 1.39 1.34 1.29 1.22 1.14 1.04 0.95 0.85 0.74 0.64 0.54 0.45 0.36 0.28 0.22 0.16 0.11 0.08 0.05 0.03 0.02 0.01 0 0 0 0 0 0 0 0 0 0 0 0 0
0 0 0 0 0 0 0 0 0 0 0 0 0.01 0.02 0.03 0.06 0.1 0.16 0.24 0.35 0.47 0.6 0.74 0.88 1 1.12 1.22 1.31 1.38 1.43 1.48 1.53 1.57 1.62 1.68 1.73 1.77 1.8 1.8 1.78 1.75 1.7 1.66 1.63 1.61 1.61 1.62 1.65 1.69 1.73 1.79 1.84 1.89 1.93 1.96 1.96 1.94 1.91 1.85 1.79 1.72 1.66 1.61 1.57 1.54 1.51 1.47 1.42 1.35 1.28 1.19 1.1 1.01 0.91 0.81 0.7 0.6 0.5 0.41 0.32 0.25 0.18 0.13 0.08 0.05 0.03 0.02 0.01 0 0 0 0 0 0 0 0 0 0 0 0
0 0 0 0 0 0 0 0 0 0 0 0.01 0.01 0.03 0.05 0.09 0.15 0.23 0.34 0.47 0.61 0.76 0.91 1.04 1.16 1.26 1.34 1.41 1.47 1.51 1.55 1.58 1.62 1.67 1.72 1.78 1.82 1.85 1.85 1.82 1.78 1.73 1.68 1.64 1.62 1.62 1.63 1.65 1.69 1.74 1.8 1.86 1.91 1.96 1.99 2 1.99 1.96 1.91 1.85 1.79 1.74 1.7 1.67 1.64 1.62 1.58 1.53 1.47 1.4 1.32 1.24 1.16 1.07 0.97 0.87 0.77 0.66 0.56 0.45 0.36 0.27 0.2 0.14 0.09 0.05 0.03 0.02 0.01 0 0 0 0 0 0 0 0 0 0 0
0 0 0 0 0 0 0 0 0 0 0 0.01 0.02 0.04 0.08 0.14 0.22 0.32 0.46 0.61 0.77 0.93 1.07 1.2 1.3 1.39 1.45 1.5 1.54 1.58 1.61 1.64 1.68 1.73 1.78 1.83 1.87 1.9 1.89 1.87 1.82 1.76 1.71 1.66 1.63 1.62 1.63 1.65 1.69 1.74 1.79 1.85 1.91 1.97 2.01 2.03 2.03 2 1.96 1.91 1.86 1.81 1.78 1.76 1.74 1.71 1.67 1.62 1.57 1.5 1.43 1.36 1.29 1.21 1.13 1.03 0.93 0.83 0.72 0.6 0.49 0.38 0.29 0.2 0.14 0.09 0.05 0.03 0.01 0.01 0 0 0 0 0 0 0 0 0 0
0 0 0 0 0 0 0 0 0 0 0.01 0.02 0.03 0.06 0.11 0.19 0.3 0.43 0.58 0.75 0.92 1.08 1.22 1.34 1.43 1.49 1.55 1.59 1.62 1.65 1.68 1.71 1.75 1.79 1.85 1.9 1.94 1.96 1.95 1.92 1.86 1.8 1.73 1.68 1.64 1.63 1.63 1.65 1.68 1.73 1.78 1.84 1.91 1.96 2.01 2.04 2.05 2.04 2.01 1.97 1.92 1.89 1.86 1.85 1.83 1.8 1.76 1.71 1.65 1.59 1.53 1.47 1.4 1.34 1.27 1.18 1.09 0.99 0.88 0.76 0.64 0.51 0.4 0.29 0.2 0.13 0.08 0.05 0.02 0.01 0.01 0 0 0 0 0 0 0 0 0
0 0 0 0 0 0 0 0 0 0 0.01 0.02 0.05 0.09 0.16 0.26 0.39 0.54 0.72 0.9 1.08 1.23 1.36 1.46 1.54 1.59 1.63 1.67 1.7 1.73 1.76 1.79 1.83 1.87 1.92 1.97 2.01 2.02 2.01 1.97 1.91 1.83 1.76 1.7 1.66 1.63 1.63 1.64 1.67 1.72 1.77 1.83 1.89 1.96 2.01 2.05 2.07 2.07 2.05 2.02 1.99 1.97 1.95 1.93 1.92 1.89 1.85 1.8 1.74 1.68 1.62 1.57 1.51 1.46 1.39 1.32 1.24 1.14 1.04 0.92 0.79 0.65 0.52 0.39 0.28 0.19 0.12 0.07 0.04 0.02 0.01 0 0 0 0 0 0 0 0 0
0 0 0 0 0 0 0 0 0 0.01 0.02 0.04 0.07 0.13 0.21 0.33 0.48 0.66 0.85 1.04 1.21 1.36 1.48 1.57 1.63 1.68 1.72 1.75 1.78 1.81 1.85 1.88 1.92 1.96 2.01 2.05 2.08 2.09 2.07 2.03 1.96 1.88 1.8 1.73 1.68 1.65 1.64 1.65 1.67 1.71 1.76 1.82 1.89 1.95 2.01 2.05 2.08 2.09 2.09 2.08 2.06 2.05 2.04 2.02 2 1.97 1.93 1.88 1.82 1.77 1.71 1.66 1.62 1.56 1.51 1.44 1.37 1.28 1.18 1.06 0.94 0.8 0.65 0.5 0.37 0.26 0.17 0.1 0.06 0.03 0.01 0.01 0 0 0 0 0 0 0 0
0 0 0 0 0 0 0 0 0.01 0.01 0.03 0.05 0.1 0.17 0.28 0.42 0.59 0.78 0.98 1.17 1.34 1.48 1.58 1.66 1.72 1.77 1.81 1.84 1.87 1.91 1.94 1.98 2.02 2.06 2.1 2.14 2.16 2.16 2.14 2.09 2.02 1.93 1.85 1.77 1.71 1.67 1.65 1.66 1.68 1.72 1.77 1.82 1.89 1.95 2.01 2.06 2.1 2.12 2.14 2.14 2.13 2.13 2.12 2.11 2.09 2.06 2.02 1.97 1.91 1.86 1.81 1.76 1.72 1.67 1.61 1.55 1.48 1.4 1.3 1.19 1.07 0.93 0.78 0.62 0.47 0.33 0.22 0.14 0.08 0.04 0.02 0.01 0 0 0 0 0 0 0 0
0 0 0 0 0 0 0 0 0.01 0.02 0.04 0.08 0.14 0.23 0.35 0.51 0.7 0.9 1.1 1.28 1.44 1.57 1.67 1.74 1.8 1.85 1.89 1.93 1.97 2 2.04 2.07 2.11 2.15 2.19 2.21 2.23 2.23 2.2 2.15 2.08 1.99 1.9 1.82 1.75 1.71 1.69 1.69 1.71 1.75 1.79 1.85 1.91 1.97 2.03 2.08 2.13 2.16 2.18 2.19 2.2 2.2 2.19 2.18 2.16 2.14 2.1 2.05 2.01 1.96 1.91 1.87 1.82 1.77 1.72 1.65 1.58 1.5 1.41 1.3 1.19 1.05 0.89 0.73 0.57 0.42 0.29 0.19 0.11 0.06 0.03 0.02 0.01 0 0 0 0 0 0 0
0 0 0 0 0 0 0 0.01 0.01 0.03 0.06 0.1 0.18 0.29 0.43 0.61 0.8 1.01 1.2 1.37 1.52 1.64 1.73 1.81 1.87 1.92 1.97 2.01 2.05 2.09 2.13 2.16 2.2 2.23 2.26 2.29 2.3 2.29 2.26 2.21 2.14 2.05 1.97 1.88 1.82 1.77 1.75 1.75 1.76 1.8 1.84 1.89 1.95 2.01 2.06 2.12 2.16 2.2 2.22 2.24 2.25 2.26 2.26 2.25 2.23 2.21 2.18 2.14 2.1 2.05 2.01 1.97 1.92 1.87 1.81 1.74 1.67 1.59 1.5 1.4 1.28 1.15 1 0.84 0.67 0.51 0.36 0.24 0.15 0.09 0.05 0.02 0.01 0 0 0 0 0 0 0
0 0 0 0 0 0 0 0.01 0.02 0.04 0.08 0.14 0.23 0.36 0.52 0.71 0.91 1.11 1.29 1.45 1.58 1.69 1.78 1.86 1.92 1.98 2.04 2.08 2.13 2.17 2.2 2.24 2.27 2.3 2.32 2.34 2.35 2.34 2.32 2.27 2.2 2.12 2.04 1.96 1.89 1.85 1.82 1.82 1.84 1.87 1.91 1.96 2.01 2.06 2.11 2.16 2.2 2.24 2.26 2.28 2.3 2.31 2.31 2.3 2.29 2.27 2.25 2.21 2.18 2.14 2.11 2.07 2.02 1.96 1.9 1.83 1.75 1.66 1.57 1.47 1.36 1.24 1.1 0.94 0.77 0.61 0.45 0.31 0.2 0.12 0.07 0.03 0.02 0.01 0 0 0 0 0 0
0 0 0 0 0 0 0 0.01 0.03 0.05 0.1 0.18 0.29 0.44 0.62 0.82 1.01 1.2 1.37 1.51 1.63 1.73 1.81 1.89 1.96 2.03 2.09 2.14 2.18 2.22 2.26 2.29 2.32 2.35 2.37 2.39 2.39 2.38 2.36 2.32 2.26 2.19 2.11 2.04 1.98 1.94 1.91 1.91 1.93 1.96 1.99 2.04 2.08 2.12 2.17 2.21 2.24 2.27 2.3 2.32 2.34 2.35 2.35 2.35 2.34 2.33 2.31 2.28 2.26 2.23 2.19 2.15 2.11 2.05 1.98 1.9 1.82 1.73 1.63 1.53 1.43 1.31 1.18 1.04 0.87 0.7 0.54 0.38 0.26 0.16 0.09 0.05 0.02 0.01 0 0 0 0 0 0
0 0 0 0 0 0 0.01 0.02 0.04 0.07 0.13 0.23 0.36 0.53 0.72 0.92 1.12 1.29 1.44 1.56 1.67 1.76 1.84 1.92 1.99 2.06 2.12 2.17 2.22 2.25 2.28 2.31 2.34 2.37 2.39 2.41 2.42 2.41 2.4 2.36 2.31 2.25 2.19 2.13 2.07 2.03 2.01 2.01 2.02 2.05 2.08 2.12 2.15 2.19 2.22 2.25 2.28 2.31 2.33 2.34 2.36 2.37 2.37 2.38 2.37 2.37 2.35 2.34 2.32 2.29 2.26 2.23 2.18 2.12 2.05 1.97 1.88 1.79 1.69 1.59 1.49 1.38 1.26 1.13 0.97 0.8 0.63 0.46 0.32 0.2 0.12 0.06 0.03 0.01 0.01 0 0 0 0 0
0 0 0 0 0 0 0.01 0.02 0.05 0.09 0.17 0.28 0.43 0.62 0.82 1.02 1.21 1.37 1.51 1.61 1.7 1.78 1.86 1.93 2.01 2.08 2.13 2.18 2.22 2.25 2.28 2.31 2.34 2.37 2.39 2.41 2.43 2.43 2.42 2.4 2.36 2.31 2.26 2.2 2.16 2.12 2.1 2.1 2.11 2.13 2.16 2.19 2.22 2.24 2.27 2.29 2.31 2.32 2.34 2.35 2.36 2.37 2.38 2.39 2.39 2.39 2.39 2.38 2.37 2.35 2.32 2.29 2.24 2.19 2.11 2.03 1.94 1.84 1.74 1.64 1.54 1.44 1.33 1.21 1.06 0.89 0.72 0.54 0.38 0.25 0.15 0.08 0.04 0.02 0.01 0 0 0 0 0
0 0 0 0 0 0.01 0.01 0.03 0.06 0.12 0.21 0.34 0.51 0.71 0.92 1.12 1.3 1.45 1.57 1.66 1.73 1.81 1.88 1.95 2.02 2.08 2.13 2.17 2.2 2.22 2.25 2.27 2.3 2.34 2.37 2.4 2.43 2.44 2.44 2.42 2.39 2.36 2.31 2.27 2.23 2.2 2.18 2.18 2.18 2.2 2.22 2.24 2.26 2.28 2.29 2.31 2.31 2.32 2.33 2.34 2.35 2.36 2.37 2.38 2.39 2.4 2.41 2.41 2.4 2.39 2.37 2.34 2.29 2.24 2.17 2.08 1.99 1.89 1.79 1.69 1.6 1.5 1.4 1.28 1.14 0.98 0.8 0.61 0.44 0.29 0.18 0.1 0.05 0.02 0.01 0 0 0 0 0
0 0 0 0 0 0.01 0.02 0.04 0.08 0.15 0.25 0.4 0.59 0.8 1.01 1.22 1.39 1.52 1.62 1.7 1.77 1.83 1.9 1.96 2.02 2.07 2.11 2.14 2.15 2.17 2.19 2.21 2.25 2.29 2.33 2.37 2.41 2.43 2.44 2.44 2.42 2.39 2.36 2.32 2.28 2.26 2.24 2.23 2.23 2.24 2.25 2.27 2.28 2.29 2.3 2.3 2.3 2.3 2.3 2.3 2.31 2.32 2.34 2.36 2.38 2.39 2.41 2.42 2.42 2.41 2.4 2.37 2.33 2.28 2.21 2.13 2.04 1.94 1.84 1.75 1.66 1.57 1.47 1.36 1.22 1.06 0.88 0.69 0.5 0.34 0.21 0.12 0.07 0.03 0.01 0.01 0 0 0 0
0 0 0 0 0 0.01 0.02 0.05 0.1 0.18 0.3 0.46 0.66 0.88 1.1 1.3 1.46 1.59 1.68 1.75 1.81 1.87 1.92 1.97 2.02 2.05 2.07 2.08 2.09 2.09 2.1 2.13 2.17 2.22 2.28 2.33 2.38 2.41 2.43 2.44 2.43 2.41 2.39 2.36 2.32 2.29 2.27 2.26 2.25 2.25 2.26 2.26 2.27 2.27 2.27 2.27 2.26 2.25 2.24 2.24 2.25 2.26 2.28 2.31 2.34 2.37 2.4 2.42 2.43 2.43 2.41 2.39 2.35 2.3 2.24 2.16 2.08 1.99 1.9 1.81 1.72 1.63 1.53 1.43 1.29 1.14 0.95 0.76 0.56 0.39 0.25 0.15 0.08 0.04 0.02 0.01 0 0 0 0
0 0 0 0 0 0.01 0.03 0.06 0.12 0.21 0.35 0.53 0.74 0.96 1.18 1.38 1.53 1.65 1.73 1.8 1.85 1.9 1.95 1.99 2.01 2.03 2.03 2.02 2.01 2 2.01 2.03 2.08 2.14 2.21 2.28 2.34 2.39 2.42 2.44 2.44 2.43 2.41 2.38 2.35 2.31 2.29 2.26 2.25 2.24 2.24 2.24 2.24 2.24 2.23 2.22 2.2 2.18 2.17 2.16 2.17 2.18 2.21 2.25 2.29 2.33 2.37 2.4 2.42 2.42 2.42 2.39 2.36 2.31 2.25 2.19 2.11 2.03 1.94 1.86 1.78 1.69 1.6 1.49 1.36 1.2 1.02 0.82 0.62 0.44 0.29 0.17 0.1 0.05 0.02 0.01 0 0 0 0
0 0 0 0 0.01 0.01 0.03 0.07 0.14 0.24 0.39 0.58 0.8 1.04 1.25 1.44 1.59 1.7 1.78 1.84 1.89 1.93 1.97 1.99 2 2 1.98 1.95 1.92 1.9 1.91 1.93 1.98 2.05 2.13 2.22 2.29 2.35 2.4 2.42 2.43 2.43 2.41 2.39 2.36 2.32 2.29 2.26 2.24 2.22 2.21 2.2 2.2 2.19 2.18 2.16 2.13 2.11 2.09 2.08 2.08 2.1 2.13 2.18 2.23 2.29 2.34 2.38 2.4 2.41 2.4 2.38 2.35 2.3 2.25 2.19 2.12 2.05 1.97 1.9 1.83 1.75 1.66 1.55 1.42 1.27 1.09 0.89 0.68 0.49 0.33 0.2 0.11 0.06 0.03 0.01 0 0 0 0
0 0 0 0 0.01 0.02 0.04 0.08 0.16 0.27 0.43 0.64 0.86 1.1 1.31 1.49 1.63 1.74 1.81 1.87 1.92 1.95 1.98 1.99 1.98 1.96 1.92 1.88 1.84 1.81 1.81 1.83 1.89 1.96 2.06 2.15 2.23 2.31 2.36 2.4 2.42 2.42 2.41 2.39 2.36 2.32 2.29 2.25 2.22 2.19 2.18 2.16 2.15 2.14 2.12 2.1 2.07 2.04 2.01 2 2 2.02 2.06 2.11 2.18 2.24 2.3 2.35 2.38 2.39 2.38 2.35 2.32 2.27 2.22 2.17 2.11 2.05 1.99 1.93 1.86 1.79 1.7 1.6 1.48 1.33 1.15 0.95 0.74 0.54 0.37 0.23 0.13 0.07 0.03 0.01 0.01 0 0 0
0 0 0 0 0.01 0.02 0.04 0.09 0.17 0.3 0.47 0.68 0.91 1.15 1.36 1.53 1.67 1.76 1.84 1.89 1.93 1.96 1.98 1.98 1.96 1.92 1.87 1.81 1.76 1.73 1.72 1.75 1.8 1.88 1.98 2.08 2.17 2.25 2.32 2.37 2.4 2.41 2.41 2.39 2.36 2.33 2.28 2.24 2.2 2.17 2.15 2.13 2.12 2.1 2.08 2.05 2.02 1.98 1.96 1.94 1.94 1.96 2 2.07 2.14 2.21 2.27 2.32 2.34 2.35 2.34 2.31 2.27 2.22 2.17 2.12 2.07 2.02 1.98 1.93 1.87 1.81 1.73 1.64 1.52 1.37 1.2 1 0.79 0.58 0.4 0.25 0.15 0.08 0.04 0.02 0.01 0 0 0
0 0 0 0 0.01 0.02 0.05 0.1 0.19 0.32 0.49 0.71 0.95 1.18 1.39 1.56 1.68 1.78 1.84 1.89 1.93 1.95 1.96 1.95 1.92 1.87 1.81 1.75 1.7 1.66 1.65 1.67 1.73 1.81 1.9 2 2.1 2.19 2.27 2.33 2.37 2.39 2.4 2.39 2.37 2.33 2.29 2.24 2.2 2.16 2.13 2.11 2.09 2.08 2.06 2.03 2 1.96 1.93 1.92 1.92 1.94 1.99 2.05 2.12 2.19 2.25 2.29 2.31 2.31 2.29 2.25 2.21 2.16 2.1 2.05 2.01 1.97 1.94 1.9 1.86 1.81 1.74 1.66 1.55 1.41 1.23 1.04 0.82 0.61 0.43 0.27 0.16 0.09 0.04 0.02 0.01 0 0 0
0 0 0 0 0.01 0.02 0.05 0.1 0.19 0.33 0.51 0.73 0.96 1.2 1.4 1.57 1.69 1.77 1.84 1.88 1.91 1.93 1.93 1.91 1.88 1.82 1.76 1.7 1.64 1.6 1.59 1.61 1.66 1.74 1.83 1.93 2.03 2.13 2.21 2.28 2.33 2.37 2.39 2.39 2.37 2.34 2.29 2.25 2.21 2.17 2.14 2.11 2.09 2.08 2.06 2.03 2.01 1.98 1.95 1.94 1.94 1.96 2 2.06 2.12 2.18 2.23 2.27 2.28 2.27 2.24 2.19 2.13 2.08 2.02 1.98 1.94 1.91 1.88 1.86 1.83 1.79 1.74 1.66 1.56 1.42 1.26 1.06 0.85 0.64 0.44 0.28 0.17 0.09 0.04 0.02 0.01 0 0 0
0 0 0 0 0.01 0.02 0.05 0.1 0.19 0.32 0.5 0.72 0.96 1.19 1.4 1.56 1.68 1.76 1.82 1.85 1.88 1.89 1.88 1.86 1.82 1.77 1.71 1.65 1.6 1.56 1.55 1.56 1.61 1.68 1.76 1.86 1.96 2.06 2.15 2.23 2.29 2.34 2.37 2.38 2.37 2.35 2.31 2.27 2.23 2.19 2.16 2.13 2.11 2.1 2.09 2.07 2.05 2.02 2 1.99 2 2.02 2.05 2.1 2.15 2.2 2.23 2.25 2.24 2.22 2.18 2.12 2.06 2 1.94 1.89 1.86 1.83 1.82 1.8 1.78 1.76 1.71 1.65 1.55 1.43 1.27 1.07 0.86 0.64 0.45 0.29 0.17 0.09 0.04 0.02 0.01 0 0 0
0 0 0 0 0.01 0.02 0.05 0.1 0.18 0.31 0.49 0.7 0.94 1.17 1.38 1.54 1.66 1.74 1.79 1.82 1.83 1.84 1.83 1.8 1.77 1.72 1.66 1.61 1.56 1.52 1.51 1.53 1.56 1.62 1.7 1.79 1.89 1.99 2.08 2.18 2.25 2.32 2.36 2.38 2.38 2.36 2.33 2.29 2.25 2.22 2.19 2.16 2.15 2.14 2.13 2.12 2.11 2.09 2.08 2.08 2.08 2.1 2.12 2.16 2.19 2.22 2.24 2.23 2.21 2.17 2.12 2.06 1.99 1.92 1.86 1.81 1.78 1.76 1.75 1.74 1.73 1.72 1.68 1.63 1.54 1.42 1.27 1.07 0.86 0.64 0.45 0.29 0.17 0.09 0.04 0.02 0.01 0 0 0
0 0 0 0 0.01 0.02 0.04 0.09 0.17 0.29 0.46 0.67 0.91 1.14 1.35 1.52 1.64 1.72 1.76 1.78 1.79 1.78 1.77 1.75 1.71 1.67 1.62 1.57 1.53 1.5 1.49 1.5 1.53 1.58 1.65 1.73 1.82 1.92 2.02 2.13 2.22 2.29 2.35 2.38 2.38 2.38 2.35 2.32 2.28 2.25 2.22 2.2 2.19 2.19 2.18 2.18 2.18 2.17 2.17 2.17 2.17 2.18 2.2 2.22 2.24 2.25 2.24 2.22 2.19 2.13 2.07 2 1.92 1.86 1.8 1.75 1.72 1.7 1.69 1.69 1.68 1.67 1.65 1.61 1.53 1.42 1.26 1.07 0.85 0.64 0.44 0.28 0.16 0.09 0.04 0.02 0.01 0 0 0
0 0 0 0 0.01 0.02 0.04 0.08 0.15 0.26 0.43 0.63 0.87 1.11 1.32 1.5 1.62 1.7 1.73 1.74 1.74 1.73 1.71 1.69 1.66 1.62 1.58 1.54 1.5 1.48 1.47 1.47 1.5 1.54 1.6 1.68 1.77 1.87 1.98 2.08 2.18 2.27 2.33 2.37 2.39 2.39 2.37 2.35 2.31 2.28 2.26 2.24 2.23 2.23 2.24 2.24 2.24 2.25 2.25 2.25 2.26 2.26 2.27 2.28 2.28 2.27 2.25 2.21 2.16 2.1 2.03 1.95 1.87 1.81 1.75 1.7 1.67 1.65 1.65 1.65 1.65 1.64 1.63 1.59 1.52 1.41 1.26 1.06 0.85 0.63 0.43 0.27 0.16 0.08 0.04 0.02 0.01 0 0 0
0 0 0 0 0.01 0.01 0.03 0.07 0.13 0.24 0.39 0.59 0.83 1.07 1.29 1.48 1.6 1.68 1.71 1.72 1.71 1.69 1.67 1.65 1.62 1.58 1.55 1.51 1.48 1.46 1.45 1.46 1.48 1.52 1.57 1.64 1.72 1.83 1.94 2.05 2.16 2.25 2.32 2.37 2.4 2.4 2.39 2.37 2.34 2.31 2.29 2.28 2.27 2.27 2.28 2.29 2.3 2.31 2.31 2.32 2.32 2.33 2.33 2.32 2.31 2.29 2.25 2.2 2.14 2.07 1.99 1.92 1.84 1.77 1.72 1.67 1.64 1.62 1.62 1.62 1.62 1.62 1.61 1.58 1.51 1.4 1.25 1.06 0.84 0.62 0.43 0.27 0.16 0.08 0.04 0.02 0.01 0 0 0
0 0 0 0 0 0.01 0.03 0.06 0.12 0.22 0.37 0.56 0.8 1.04 1.27 1.46 1.59 1.67 1.7 1.7 1.69 1.66 1.64 1.62 1.59 1.56 1.53 1.5 1.47 1.45 1.44 1.45 1.46 1.5 1.55 1.61 1.7 1.8 1.92 2.03 2.15 2.24 2.32 2.37 2.4 2.41 2.4 2.38 2.36 2.33 2.31 2.3 2.29 2.29 2.3 2.31 2.33 2.34 2.35 2.35 2.36 2.36 2.36 2.35 2.33 2.3 2.25 2.2 2.13 2.06 1.98 1.9 1.83 1.76 1.7 1.66 1.63 1.61 1.6 1.6 1.61 1.61 1.6 1.57 1.51 1.41 1.26 1.06 0.85 0.63 0.43 0.27 0.15 0.08 0.04 0.02 0.01 0 0 0
0 0 0 0 0 0.01 0.02 0.06 0.11 0.21 0.35 0.54 0.78 1.02 1.26 1.45 1.59 1.66 1.69 1.69 1.68 1.65 1.63 1.6 1.58 1.55 1.52 1.49 1.47 1.45 1.44 1.44 1.46 1.49 1.54 1.6 1.69 1.79 1.91 2.03 2.14 2.24 2.32 2.37 2.4 2.41 2.4 2.38 2.36 2.34 2.31 2.3 2.29 2.3 2.3 2.32 2.33 2.34 2.35 2.35 2.36 2.36 2.35 2.34 2.33 2.29 2.25 2.19 2.13 2.05 1.98 1.9 1.83 1.76 1.7 1.66 1.63 1.61 1.6 1.61 1.61 1.61 1.6 1.58 1.52 1.41 1.26 1.07 0.85 0.63 0.43 0.27 0.16 0.08 0.04 0.02 0.01 0 0 0
0 0 0 0 0 0.01 0.02 0.05 0.11 0.2 0.34 0.54 0.77 1.01 1.25 1.44 1.58 1.66 1.69 1.69 1.68 1.66 1.63 1.61 1.59 1.56 1.53 1.5 1.47 1.45 1.44 1.44 1.45 1.49 1.54 1.61 1.7 1.8 1.92 2.03 2.14 2.24 2.32 2.37 2.4 2.4 2.4 2.38 2.35 2.33 2.3 2.29 2.28 2.28 2.28 2.29 2.3 2.31 2.32 2.32 2.32 2.33 2.33 2.32 2.31 2.28 2.24 2.19 2.13 2.06 1.99 1.91 1.84 1.77 1.72 1.67 1.64 1.62 1.62 1.62 1.63 1.63 1.62 1.59 1.53 1.42 1.27 1.08 0.86 0.64 0.44 0.28 0.16 0.09 0.04 0.02 0.01 0 0 0
0 0 0 0 0 0.01 0.02 0.05 0.11 0.2 0.35 0.54 0.77 1.01 1.25 1.44 1.58 1.66 1.7 1.7 1.69 1.68 1.66 1.64 1.61 1.59 1.55 1.52 1.49 1.46 1.45 1.44 1.46 1.5 1.55 1.62 1.72 1.82 1.94 2.05 2.16 2.25 2.32 2.37 2.39 2.4 2.38 2.36 2.33 2.3 2.28 2.26 2.25 2.24 2.25 2.25 2.25 2.26 2.26 2.26 2.26 2.26 2.27 2.27 2.27 2.26 2.23 2.2 2.15 2.09 2.02 1.95 1.87 1.8 1.75 1.7 1.67 1.65 1.65 1.65 1.65 1.65 1.64 1.6 1.54 1.43 1.28 1.09 0.87 0.65 0.45 0.29 0.17 0.09 0.04 0.02 0.01 0 0 0
0 0 0 0 0 0.01 0.02 0.06 0.11 0.21 0.35 0.55 0.78 1.02 1.25 1.44 1.58 1.66 1.7 1.72 1.72 1.71 1.69 1.68 1.65 1.63 1.59 1.55 1.51 1.48 1.46 1.46 1.47 1.51 1.57 1.65 1.75 1.86 1.97 2.08 2.18 2.27 2.33 2.37 2.39 2.38 2.37 2.34 2.31 2.27 2.24 2.22 2.21 2.2 2.19 2.19 2.19 2.18 2.17 2.17 2.17 2.18 2.2 2.21 2.23 2.23 2.22 2.2 2.17 2.12 2.06 1.99 1.92 1.85 1.79 1.74 1.71 1.69 1.69 1.69 1.69 1.69 1.67 1.63 1.55 1.44 1.29 1.09 0.88 0.66 0.45 0.29 0.17 0.09 0.04 0.02 0.01 0 0 0
0 0 0 0 0 0.01 0.03 0.06 0.12 0.22 0.36 0.56 0.79 1.03 1.25 1.44 1.58 1.67 1.71 1.74 1.75 1.75 1.74 1.73 1.71 1.68 1.64 1.59 1.55 1.51 1.48 1.48 1.49 1.54 1.6 1.69 1.79 1.91 2.02 2.12 2.22 2.29 2.34 2.37 2.38 2.37 2.35 2.31 2.28 2.24 2.21 2.18 2.16 2.15 2.14 2.13 2.11 2.1 2.08 2.08 2.08 2.09 2.11 2.14 2.18 2.2 2.22 2.21 2.19 2.16 2.11 2.05 1.98 1.91 1.85 1.81 1.77 1.76 1.75 1.75 1.75 1.73 1.7 1.65 1.57 1.45 1.29 1.09 0.87 0.65 0.45 0.29 0.17 0.09 0.04 0.02 0.01 0 0 0
0 0 0 0 0 0.01 0.03 0.06 0.12 0.22 0.37 0.57 0.79 1.03 1.25 1.44 1.58 1.67 1.73 1.76 1.78 1.79 1.8 1.79 1.77 1.74 1.7 1.65 1.59 1.55 1.52 1.5 1.52 1.57 1.64 1.74 1.85 1.96 2.07 2.17 2.25 2.31 2.36 2.38 2.38 2.36 2.33 2.29 2.25 2.21 2.17 2.15 2.12 2.1 2.09 2.07 2.04 2.02 2 1.99 1.99 2.01 2.04 2.08 2.13 2.18 2.21 2.23 2.22 2.2 2.16 2.11 2.05 1.99 1.93 1.88 1.85 1.83 1.82 1.82 1.8 1.78 1.74 1.67 1.58 1.45 1.28 1.08 0.86 0.64 0.44 0.28 0.16 0.09 0.04 0.02 0.01 0 0 0
0 0 0 0 0 0.01 0.03 0.06 0.13 0.23 0.38 0.57 0.79 1.03 1.25 1.43 1.57 1.67 1.74 1.79 1.82 1.84 1.85 1.85 1.83 1.8 1.76 1.7 1.64 1.59 1.56 1.54 1.56 1.61 1.69 1.79 1.9 2.02 2.12 2.22 2.29 2.34 2.37 2.38 2.37 2.35 2.31 2.27 2.23 2.18 2.15 2.12 2.1 2.08 2.05 2.03 2 1.97 1.94 1.92 1.92 1.95 1.99 2.04 2.1 2.16 2.21 2.25 2.26 2.25 2.22 2.18 2.12 2.07 2.01 1.97 1.94 1.91 1.9 1.88 1.86 1.82 1.77 1.69 1.58 1.44 1.26 1.06 0.84 0.62 0.42 0.27 0.16 0.08 0.04 0.02 0.01 0 0 0
0 0 0 0 0 0.01 0.03 0.06 0.12 0.22 0.37 0.56 0.78 1.02 1.24 1.42 1.57 1.68 1.75 1.81 1.85 1.88 1.9 1.9 1.89 1.86 1.82 1.76 1.7 1.65 1.61 1.59 1.61 1.66 1.74 1.85 1.96 2.07 2.18 2.26 2.32 2.37 2.39 2.39 2.37 2.34 2.3 2.26 2.21 2.17 2.14 2.11 2.09 2.07 2.04 2.01 1.98 1.94 1.91 1.9 1.9 1.92 1.97 2.03 2.1 2.17 2.23 2.27 2.29 2.29 2.28 2.24 2.2 2.15 2.1 2.05 2.02 1.99 1.97 1.94 1.9 1.86 1.79 1.7 1.58 1.42 1.24 1.03 0.81 0.59 0.4 0.25 0.15 0.08 0.04 0.02 0.01 0 0 0
0 0 0 0 0 0.01 0.03 0.06 0.12 0.22 0.36 0.54 0.76 0.99 1.21 1.4 1.56 1.67 1.76 1.82 1.87 1.91 1.93 1.94 1.94 1.92 1.88 1.83 1.77 1.71 1.67 1.65 1.67 1.72 1.8 1.91 2.02 2.13 2.23 2.3 2.36 2.39 2.4 2.39 2.37 2.34 2.29 2.25 2.21 2.18 2.15 2.12 2.1 2.08 2.06 2.03 1.99 1.96 1.93 1.91 1.91 1.94 1.99 2.05 2.12 2.19 2.25 2.3 2.33 2.34 2.33 2.3 2.26 2.22 2.17 2.13 2.09 2.05 2.02 1.98 1.93 1.87 1.79 1.69 1.56 1.4 1.21 0.99 0.77 0.56 0.38 0.23 0.13 0.07 0.03 0.01 0.01 0 0 0
0 0 0 0 0 0.01 0.02 0.05 0.11 0.2 0.34 0.51 0.73 0.96 1.18 1.37 1.53 1.66 1.75 1.82 1.87 1.91 1.95 1.97 1.97 1.96 1.93 1.89 1.84 1.78 1.74 1.73 1.74 1.8 1.88 1.98 2.08 2.19 2.27 2.34 2.38 2.41 2.41 2.4 2.37 2.33 2.29 2.25 2.22 2.19 2.17 2.15 2.13 2.12 2.1 2.07 2.04 2.01 1.98 1.97 1.97 1.99 2.04 2.1 2.16 2.23 2.29 2.33 2.36 2.37 2.37 2.35 2.31 2.27 2.23 2.18 2.14 2.09 2.04 1.99 1.93 1.86 1.77 1.66 1.52 1.36 1.17 0.95 0.73 0.53 0.35 0.22 0.12 0.06 0.03 0.01 0 0 0 0
0 0 0 0 0 0.01 0.02 0.05 0.1 0.18 0.31 0.48 0.68 0.91 1.13 1.33 1.5 1.63 1.73 1.8 1.86 1.91 1.94 1.98 1.99 2 1.98 1.95 1.91 1.86 1.83 1.82 1.83 1.88 1.96 2.05 2.15 2.24 2.31 2.37 2.4 2.42 2.41 2.4 2.37 2.33 2.29 2.26 2.23 2.21 2.19 2.18 2.17 2.16 2.15 2.13 2.1 2.08 2.06 2.05 2.05 2.07 2.11 2.16 2.22 2.27 2.33 2.36 2.39 2.4 2.4 2.38 2.35 2.31 2.27 2.22 2.16 2.11 2.04 1.98 1.9 1.82 1.73 1.61 1.48 1.31 1.12 0.91 0.69 0.49 0.32 0.2 0.11 0.06 0.03 0.01 0 0 0 0
0 0 0 0 0 0.01 0.02 0.04 0.09 0.16 0.27 0.43 0.63 0.85 1.07 1.28 1.45 1.59 1.69 1.77 1.83 1.88 1.93 1.97 2 2.02 2.02 2 1.98 1.95 1.92 1.92 1.93 1.98 2.04 2.12 2.21 2.29 2.35 2.39 2.42 2.42 2.41 2.39 2.36 2.33 2.29 2.26 2.24 2.23 2.22 2.22 2.21 2.21 2.2 2.19 2.17 2.16 2.14 2.14 2.14 2.16 2.19 2.23 2.28 2.32 2.36 2.39 2.41 2.42 2.41 2.39 2.37 2.33 2.28 2.23 2.16 2.09 2.02 1.94 1.86 1.77 1.67 1.55 1.41 1.25 1.06 0.85 0.64 0.45 0.3 0.18 0.1 0.05 0.02 0.01 0 0 0 0
0 0 0 0 0 0.01 0.01 0.03 0.07 0.14 0.24 0.38 0.56 0.78 1 1.21 1.39 1.53 1.64 1.72 1.79 1.84 1.89 1.94 1.99 2.02 2.05 2.05 2.05 2.03 2.02 2.02 2.03 2.07 2.13 2.2 2.27 2.33 2.38 2.41 2.43 2.42 2.41 2.38 2.35 2.31 2.28 2.26 2.24 2.23 2.23 2.24 2.24 2.25 2.25 2.24 2.24 2.23 2.22 2.22 2.23 2.25 2.27 2.3 2.33 2.36 2.39 2.41 2.42 2.42 2.41 2.39 2.37 2.33 2.27 2.21 2.14 2.06 1.98 1.89 1.79 1.7 1.59 1.48 1.34 1.17 0.99 0.79 0.59 0.41 0.26 0.16 0.08 0.04 0.02 0.01 0 0 0 0
0 0 0 0 0 0 0.01 0.03 0.06 0.11 0.2 0.33 0.5 0.7 0.91 1.12 1.31 1.46 1.58 1.67 1.74 1.8 1.85 1.91 1.97 2.02 2.06 2.09 2.1 2.11 2.11 2.11 2.13 2.16 2.21 2.26 2.32 2.37 2.4 2.42 2.43 2.42 2.39 2.36 2.32 2.29 2.25 2.23 2.22 2.22 2.22 2.24 2.25 2.26 2.27 2.28 2.28 2.28 2.29 2.29 2.3 2.31 2.33 2.35 2.37 2.39 2.4 2.41 2.42 2.41 2.4 2.38 2.35 2.3 2.25 2.18 2.1 2.01 1.92 1.82 1.72 1.62 1.51 1.39 1.25 1.08 0.9 0.71 0.52 0.36 0.23 0.13 0.07 0.04 0.02 0.01 0 0 0 0
0 0 0 0 0 0 0.01 0.02 0.05 0.09 0.16 0.28 0.42 0.61 0.81 1.02 1.21 1.38 1.51 1.6 1.68 1.75 1.81 1.88 1.95 2.01 2.07 2.12 2.15 2.17 2.18 2.19 2.21 2.24 2.28 2.32 2.36 2.4 2.42 2.43 2.42 2.4 2.37 2.33 2.29 2.24 2.21 2.19 2.18 2.18 2.19 2.21 2.23 2.25 2.27 2.29 2.3 2.31 2.32 2.33 2.34 2.35 2.37 2.38 2.39 2.4 2.4 2.4 2.4 2.39 2.37 2.35 2.31 2.27 2.21 2.13 2.05 1.95 1.85 1.75 1.64 1.54 1.42 1.29 1.15 0.98 0.81 0.62 0.45 0.31 0.19 0.11 0.06 0.03 0.01 0 0 0 0 0
0 0 0 0 0 0 0.01 0.02 0.03 0.07 0.13 0.22 0.35 0.52 0.71 0.91 1.11 1.28 1.42 1.53 1.62 1.7 1.77 1.84 1.92 2 2.07 2.13 2.17 2.2 2.23 2.24 2.26 2.29 2.32 2.36 2.39 2.41 2.42 2.42 2.41 2.38 2.34 2.29 2.24 2.19 2.15 2.12 2.11 2.11 2.13 2.15 2.18 2.21 2.24 2.27 2.3 2.32 2.34 2.35 2.36 2.37 2.38 2.39 2.39 2.39 2.39 2.38 2.37 2.35 2.33 2.3 2.27 2.22 2.15 2.08 1.99 1.89 1.78 1.68 1.57 1.45 1.33 1.2 1.04 0.88 0.71 0.54 0.38 0.25 0.16 0.09 0.05 0.02 0.01 0 0 0 0 0
0 0 0 0 0 0 0 0.01 0.02 0.05 0.1 0.18 0.29 0.43 0.61 0.8 0.99 1.17 1.33 1.45 1.56 1.65 1.73 1.81 1.9 1.98 2.06 2.13 2.18 2.22 2.25 2.27 2.29 2.32 2.34 2.37 2.39 2.41 2.42 2.41 2.39 2.35 2.3 2.24 2.18 2.12 2.07 2.04 2.03 2.03 2.05 2.08 2.12 2.16 2.2 2.24 2.27 2.3 2.33 2.35 2.36 2.37 2.37 2.37 2.37 2.36 2.35 2.34 2.32 2.3 2.27 2.24 2.2 2.15 2.09 2.01 1.92 1.82 1.71 1.6 1.49 1.37 1.24 1.09 0.94 0.77 0.6 0.45 0.31 0.2 0.12 0.07 0.03 0.02 0.01 0 0 0 0 0
0 0 0 0 0 0 0 0.01 0.02 0.04 0.07 0.13 0.22 0.35 0.5 0.68 0.87 1.05 1.22 1.37 1.49 1.6 1.69 1.78 1.87 1.96 2.04 2.11 2.16 2.21 2.24 2.26 2.29 2.31 2.34 2.36 2.38 2.39 2.4 2.38 2.36 2.31 2.25 2.18 2.11 2.04 1.99 1.95 1.94 1.94 1.96 2 2.04 2.09 2.14 2.19 2.24 2.27 2.3 2.32 2.34 2.34 2.35 2.34 2.33 2.32 2.31 2.29 2.26 2.23 2.2 2.17 2.12 2.07 2.01 1.93 1.85 1.75 1.64 1.53 1.41 1.28 1.14 0.99 0.83 0.66 0.5 0.36 0.24 0.15 0.09 0.05 0.02 0.01 0 0 0 0 0 0
0 0 0 0 0 0 0 0 0.01 0.03 0.05 0.1 0.17 0.27 0.4 0.57 0.75 0.93 1.11 1.27 1.42 1.54 1.65 1.75 1.84 1.93 2.01 2.07 2.13 2.17 2.2 2.23 2.26 2.28 2.31 2.33 2.35 2.36 2.36 2.35 2.32 2.27 2.2 2.12 2.04 1.97 1.91 1.87 1.85 1.85 1.88 1.92 1.97 2.02 2.08 2.14 2.19 2.24 2.27 2.29 2.3 2.31 2.3 2.29 2.28 2.26 2.24 2.22 2.19 2.15 2.11 2.07 2.03 1.98 1.92 1.85 1.77 1.67 1.57 1.45 1.33 1.19 1.04 0.89 0.72 0.56 0.41 0.29 0.19 0.11 0.06 0.03 0.02 0.01 0 0 0 0 0 0
0 0 0 0 0 0 0 0 0.01 0.02 0.04 0.07 0.12 0.2 0.32 0.46 0.63 0.81 0.99 1.17 1.33 1.47 1.6 1.71 1.8 1.89 1.96 2.03 2.08 2.11 2.15 2.17 2.2 2.23 2.25 2.28 2.3 2.31 2.32 2.3 2.27 2.22 2.15 2.07 1.98 1.9 1.83 1.79 1.77 1.78 1.8 1.85 1.9 1.97 2.03 2.1 2.15 2.2 2.23 2.25 2.26 2.26 2.25 2.23 2.22 2.19 2.17 2.14 2.1 2.06 2.02 1.97 1.93 1.88 1.82 1.76 1.68 1.59 1.48 1.37 1.24 1.1 0.94 0.78 0.62 0.47 0.33 0.22 0.14 0.08 0.04 0.02 0.01 0 0 0 0 0 0 0
0 0 0 0 0 0 0 0 0 0.01 0.02 0.05 0.09 0.15 0.24 0.36 0.51 0.68 0.87 1.06 1.23 1.39 1.53 1.65 1.75 1.84 1.91 1.96 2.01 2.04 2.07 2.1 2.12 2.15 2.18 2.21 2.24 2.25 2.26 2.25 2.22 2.17 2.1 2.01 1.92 1.84 1.78 1.73 1.72 1.72 1.75 1.8 1.86 1.92 2 2.06 2.12 2.17 2.2 2.21 2.21 2.2 2.18 2.16 2.14 2.11 2.08 2.05 2 1.96 1.91 1.87 1.82 1.77 1.72 1.66 1.58 1.49 1.39 1.27 1.13 0.99 0.83 0.67 0.52 0.38 0.26 0.17 0.1 0.06 0.03 0.01 0.01 0 0 0 0 0 0 0
0 0 0 0 0 0 0 0 0 0.01 0.01 0.03 0.06 0.11 0.18 0.28 0.41 0.57 0.74 0.93 1.11 1.29 1.44 1.57 1.68 1.77 1.84 1.89 1.93 1.96 1.99 2.01 2.04 2.07 2.1 2.13 2.16 2.18 2.19 2.18 2.16 2.11 2.04 1.96 1.88 1.8 1.74 1.7 1.68 1.69 1.72 1.77 1.83 1.9 1.98 2.04 2.1 2.14 2.16 2.16 2.15 2.13 2.11 2.08 2.05 2.03 1.99 1.95 1.91 1.86 1.81 1.76 1.71 1.66 1.61 1.55 1.47 1.38 1.28 1.15 1.02 0.87 0.72 0.57 0.42 0.3 0.2 0.12 0.07 0.04 0.02 0.01 0 0 0 0 0 0 0 0
0 0 0 0 0 0 0 0 0 0 0.01 0.02 0.04 0.07 0.13 0.21 0.31 0.45 0.62 0.8 0.98 1.16 1.33 1.47 1.59 1.68 1.75 1.81 1.85 1.88 1.9 1.92 1.95 1.98 2.01 2.04 2.07 2.1 2.11 2.11 2.09 2.05 2 1.92 1.84 1.77 1.71 1.67 1.66 1.68 1.71 1.76 1.83 1.9 1.97 2.04 2.09 2.12 2.13 2.12 2.1 2.06 2.03 2 1.97 1.94 1.9 1.86 1.81 1.76 1.71 1.65 1.6 1.55 1.5 1.43 1.36 1.26 1.15 1.02 0.89 0.74 0.6 0.46 0.33 0.23 0.15 0.09 0.05 0.03 0.01 0.01 0 0 0 0 0 0 0 0
0 0 0 0 0 0 0 0 0 0 0.01 0.01 0.02 0.05 0.09 0.15 0.24 0.35 0.5 0.66 0.84 1.02 1.19 1.34 1.47 1.57 1.65 1.71 1.76 1.79 1.81 1.84 1.86 1.89 1.93 1.96 1.99 2.01 2.03 2.04 2.03 2 1.95 1.88 1.81 1.74 1.69 1.66 1.66 1.67 1.71 1.77 1.84 1.91 1.98 2.04 2.08 2.1 2.1 2.08 2.04 1.99 1.95 1.91 1.88 1.85 1.81 1.77 1.72 1.67 1.61 1.55 1.49 1.44 1.38 1.31 1.22 1.12 1.01 0.88 0.75 0.61 0.48 0.36 0.25 0.17 0.1 0.06 0.03 0.02 0.01 0 0 0 0 0 0 0 0 0
0 0 0 0 0 0 0 0 0 0 0 0.01 0.02 0.03 0.06 0.1 0.17 0.26 0.38 0.53 0.69 0.86 1.03 1.19 1.33 1.45 1.54 1.61 1.66 1.7 1.73 1.76 1.79 1.82 1.85 1.88 1.91 1.93 1.96 1.97 1.97 1.95 1.91 1.85 1.79 1.73 1.68 1.66 1.66 1.68 1.72 1.78 1.85 1.92 1.98 2.04 2.07 2.08 2.07 2.03 1.98 1.93 1.87 1.83 1.79 1.76 1.73 1.68 1.64 1.58 1.52 1.45 1.39 1.32 1.25 1.17 1.08 0.97 0.85 0.73 0.6 0.48 0.36 0.26 0.18 0.12 0.07 0.04 0.02 0.01 0 0 0 0 0 0 0 0 0 0
0 0 0 0 0 0 0 0 0 0 0 0 0.01 0.02 0.04 0.07 0.12 0.19 0.28 0.41 0.55 0.71 0.87 1.03 1.17 1.3 1.41 1.49 1.56 1.61 1.65 1.68 1.71 1.74 1.78 1.81 1.83 1.86 1.89 1.9 1.91 1.9 1.87 1.82 1.77 1.71 1.67 1.65 1.66 1.69 1.73 1.79 1.86 1.93 1.99 2.03 2.06 2.06 2.04 1.99 1.93 1.86 1.8 1.75 1.71 1.67 1.64 1.6 1.55 1.49 1.42 1.35 1.27 1.2 1.11 1.02 0.92 0.81 0.7 0.58 0.46 0.36 0.26 0.19 0.12 0.08 0.05 0.02 0.01 0.01 0 0 0 0 0 0 0 0 0 0
0 0 0 0 0 0 0 0 0 0 0 0 0 0.01 0.02 0.04 0.08 0.13 0.2 0.3 0.41 0.55 0.7 0.85 1 1.14 1.26 1.36 1.45 1.51 1.56 1.61 1.64 1.68 1.71 1.74 1.77 1.8 1.83 1.85 1.86 1.86 1.83 1.79 1.75 1.7 1.67 1.65 1.66 1.69 1.74 1.8 1.86 1.93 1.98 2.02 2.04 2.03 1.99 1.94 1.87 1.8 1.73 1.67 1.63 1.59 1.55 1.51 1.46 1.39 1.32 1.24 1.15 1.06 0.96 0.86 0.76 0.65 0.54 0.44 0.34 0.25 0.18 0.12 0.08 0.05 0.03 0.01 0.01 0 0 0 0 0 0 0 0 0 0 0
0 0 0 0 0 0 0 0 0 0 0 0 0 0.01 0.01 0.03 0.05 0.08 0.14 0.21 0.3 0.41 0.54 0.68 0.82 0.97 1.1 1.22 1.32 1.4 1.47 1.53 1.57 1.61 1.65 1.68 1.71 1.74 1.77 1.8 1.82 1.82 1.8 1.77 1.73 1.69 1.66 1.65 1.66 1.69 1.74 1.8 1.86 1.92 1.96 1.99 2 1.98 1.94 1.88 1.81 1.73 1.65 1.59 1.54 1.49 1.45 1.41 1.35 1.28 1.2 1.12 1.02 0.92 0.81 0.7 0.6 0.5 0.4 0.31 0.24 0.17 0.12 0.08 0.05 0.03 0.02 0.01 0 0 0 0 0 0 0 0 0 0 0 0
0 0 0 0 0 0 0 0 0 0 0 0 0 0 0.01 0.01 0.03 0.05 0.09 0.14 0.2 0.29 0.4 0.52 0.65 0.79 0.93 1.06 1.17 1.27 1.36 1.43 1.49 1.54 1.59 1.62 1.66 1.69 1.73 1.76 1.78 1.78 1.77 1.74 1.71 1.67 1.65 1.64 1.65 1.68 1.73 1.78 1.84 1.89 1.92 1.94 1.94 1.92 1.87 1.81 1.73 1.65 1.57 1.5 1.44 1.39 1.34 1.28 1.22 1.15 1.07 0.97 0.87 0.76 0.66 0.55 0.45 0.36 0.28 0.21 0.15 0.11 0.07 0.04 0.03 0.02 0.01 0 0 0 0 0 0 0 0 0 0 0 0 0
0 0 0 0 0 0 0 0 0 0 0 0 0 0 0 0.01 0.02 0.03 0.05 0.08 0.13 0.2 0.28 0.38 0.49 0.62 0.75 0.88 1.01 1.12 1.23 1.31 1.39 1.45 1.51 1.55 1.6 1.64 1.68 1.71 1.73 1.74 1.74 1.71 1.68 1.65 1.63 1.62 1.63 1.66 1.71 1.76 1.8 1.84 1.87 1.87 1.86 1.83 1.78 1.71 1.63 1.55 1.47 1.39 1.32 1.25 1.19 1.13 1.07 0.99 0.91 0.81 0.71 0.61 0.51 0.41 0.32 0.25 0.19 0.14 0.09 0.06 0.04 0.02 0.01 0.01 0 0 0 0 0 0 0 0 0 0 0 0 0 0
0 0 0 0 0 0 0 0 0 0 0 0 0 0 0 0 0.01 0.02 0.03 0.05 0.08 0.12 0.18 0.26 0.35 0.46 0.58 0.71 0.83 0.96 1.07 1.17 1.26 1.34 1.41 1.47 1.52 1.57 1.62 1.65 1.68 1.69 1.69 1.67 1.65 1.62 1.6 1.6 1.61 1.63 1.67 1.71 1.75 1.77 1.78 1.78 1.75 1.71 1.66 1.59 1.51 1.42 1.33 1.25 1.17 1.1 1.03 0.96 0.89 0.82 0.74 0.65 0.55 0.46 0.37 0.29 0.22 0.16 0.12 0.08 0.05 0.03 0.02 0.01 0.01 0 0 0 0 0 0 0 0 0 0 0 0 0 0 0
0 0 0 0 0 0 0 0 0 0 0 0 0 0 0 0 0 0.01 0.02 0.03 0.05 0.07 0.12 0.17 0.24 0.33 0.43 0.54 0.66 0.78 0.9 1.01 1.11 1.2 1.28 1.35 1.42 1.48 1.53 1.58 1.61 1.63 1.63 1.62 1.59 1.57 1.56 1.55 1.56 1.58 1.61 1.64 1.66 1.67 1.67 1.65 1.61 1.56 1.5 1.43 1.35 1.26 1.17 1.08 1 0.92 0.84 0.78 0.71 0.64 0.56 0.49 0.41 0.33 0.26 0.19 0.14 0.1 0.07 0.05 0.03 0.02 0.01 0.01 0 0 0 0 0 0 0 0 0 0 0 0 0 0 0 0
0 0 0 0 0 0 0 0 0 0 0 0 0 0 0 0 0 0 0.01 0.01 0.03 0.04 0.07 0.11 0.16 0.22 0.3 0.39 0.5 0.6 0.72 0.83 0.93 1.03 1.12 1.2 1.28 1.35 1.42 1.47 1.51 1.53 1.54 1.53 1.51 1.49 1.48 1.47 1.48 1.49 1.51 1.53 1.54 1.54 1.52 1.49 1.44 1.38 1.32 1.24 1.16 1.08 0.99 0.89 0.81 0.73 0.66 0.59 0.53 0.46 0.4 0.34 0.28 0.22 0.17 0.12 0.09 0.06 0.04 0.02 0.01 0.01 0 0 0 0 0 0 0 0 0 0 0 0 0 0 0 0 0 0
0 0 0 0 0 0 0 0 0 0 0 0 0 0 0 0 0 0 0 0.01 0.01 0.02 0.04 0.06 0.09 0.14 0.2 0.27 0.35 0.44 0.54 0.64 0.74 0.84 0.93 1.03 1.11 1.19 1.27 1.33 1.37 1.4 1.41 1.4 1.39 1.38 1.36 1.36 1.36 1.37 1.38 1.39 1.39 1.37 1.34 1.3 1.24 1.17 1.1 1.03 0.95 0.87 0.79 0.7 0.62 0.54 0.48 0.42 0.37 0.32 0.27 0.22 0.18 0.14 0.1 0.07 0.05 0.03 0.02 0.01 0.01 0 0 0 0 0 0 0 0 0 0 0 0 0 0 0 0 0 0 0
0 0 0 0 0 0 0 0 0 0 0 0 0 0 0 0 0 0 0 0 0.01 0.01 0.02 0.03 0.05 0.08 0.12 0.17 0.23 0.3 0.38 0.47 0.56 0.65 0.74 0.83 0.92 1.01 1.08 1.14 1.19 1.22 1.24 1.24 1.23 1.22 1.2 1.2 1.19 1.2 1.2 1.2 1.19 1.17 1.13 1.08 1.01 0.95 0.88 0.81 0.74 0.66 0.59 0.51 0.44 0.38 0.32 0.28 0.24 0.2 0.16 0.13 0.1 0.08 0.06 0.04 0.03 0.02 0.01 0.01 0 0 0 0 0 0 0 0 0 0 0 0 0 0 0 0 0 0 0 0
0 0 0 0 0 0 0 0 0 0 0 0 0 0 0 0 0 0 0 0 0 0.01 0.01 0.02 0.03 0.05 0.07 0.1 0.15 0.2 0.25 0.32 0.39 0.47 0.55 0.63 0.72 0.8 0.87 0.94 0.99 1.02 1.04 1.04 1.03 1.02 1.01 1 0.99 0.99 0.99 0.98 0.97 0.94 0.9 0.85 0.79 0.72 0.66 0.6 0.53 0.47 0.41 0.35 0.3 0.25 0.21 0.17 0.14 0.12 0.09 0.07 0.06 0.04 0.03 0.02 0.01 0.01 0 0 0 0 0 0 0 0 0 0 0 0 0 0 0 0 0 0 0 0 0 0
0 0 0 0 0 0 0 0 0 0 0 0 0 0 0 0 0 0 0 0 0 0 0 0.01 0.01 0.02 0.04 0.06 0.08 0.12 0.16 0.2 0.26 0.32 0.38 0.45 0.53 0.6 0.66 0.72 0.77 0.8 0.82 0.82 0.82 0.8 0.79 0.78 0.77 0.77 0.76 0.75 0.74 0.71 0.67 0.62 0.57 0.52 0.46 0.41 0.36 0.31 0.27 0.22 0.18 0.15 0.12 0.1 0.08 0.06 0.05 0.04 0.03 0.02 0.01 0.01 0.01 0 0 0 0 0 0 0 0 0 0 0 0 0 0 0 0 0 0 0 0 0 0 0
0 0 0 0 0 0 0 0 0 0 0 0 0 0 0 0 0 0 0 0 0 0 0 0 0.01 0.01 0.02 0.03 0.05 0.07 0.09 0.12 0.16 0.2 0.25 0.3 0.36 0.42 0.47 0.52 0.56 0.58 0.6 0.61 0.6 0.59 0.58 0.57 0.56 0.55 0.55 0.54 0.52 0.5 0.47 0.43 0.39 0.34 0.3 0.26 0.23 0.19 0.16 0.13 0.11 0.08 0.06 0.05 0.04 0.03 0.02 0.02 0.01 0.01 0.01 0 0 0 0 0 0 0 0 0 0 0 0 0 0 0 0 0 0 0 0 0 0 0 0 0
0 0 0 0 0 0 0 0 0 0 0 0 0 0 0 0 0 0 0 0 0 0 0 0 0 0.01 0.01 0.01 0.02 0.03 0.05 0.07 0.09 0.12 0.15 0.19 0.23 0.27 0.31 0.34 0.37 0.4 0.41 0.41 0.41 0.4 0.39 0.38 0.37 0.37 0.36 0.35 0.34 0.32 0.3 0.27 0.24 0.21 0.18 0.15 0.13 0.11 0.09 0.07 0.06 0.04 0.03 0.02 0.02 0.01 0.01 0.01 0.01 0 0 0 0 0 0 0 0 0 0 0 0 0 0 0 0 0 0 0 0 0 0 0 0 0 0 0
0 0 0 0 0 0 0 0 0 0 0 0 0 0 0 0 0 0 0 0 0 0 0 0 0 0 0 0.01 0.01 0.02 0.02 0.03 0.05 0.06 0.08 0.11 0.13 0.16 0.19 0.21 0.23 0.25 0.26 0.26 0.26 0.25 0.24 0.23 0.23 0.22 0.22 0.21 0.2 0.19 0.18 0.16 0.14 0.12 0.1 0.08 0.07 0.06 0.05 0.04 0.03 0.02 0.01 0.01 0.01 0.01 0 0 0 0 0 0 0 0 0 0 0 0 0 0 0 0 0 0 0 0 0 0 0 0 0 0 0 0 0 0
0 0 0 0 0 0 0 0 0 0 0 0 0 0 0 0 0 0 0 0 0 0 0 0 0 0 0 0 0 0.01 0.01 0.02 0.02 0.03 0.04 0.05 0.07 0.09 0.1 0.12 0.13 0.14 0.15 0.15 0.15 0.14 0.14 0.13 0.13 0.12 0.12 0.12 0.11 0.1 0.1 0.08 0.07 0.06 0.05 0.04 0.03 0.03 0.02 0.02 0.01 0.01 0.01 0 0 0 0 0 0 0 0 0 0 0 0 0 0 0 0 0 0 0 0 0 0 0 0 0 0 0 0 0 0 0 0 0
0 0 0 0 0 0 0 0 0 0 0 0 0 0 0 0 0 0 0 0 0 0 0 0 0 0 0 0 0 0 0 0.01 0.01 0.01 0.02 0.03 0.03 0.04 0.05 0.06 0.07 0.07 0.08 0.08 0.08 0.07 0.07 0.07 0.06 0.06 0.06 0.06 0.06 0.05 0.05 0.04 0.03 0.03 0.02 0.02 0.01 0.01 0.01 0.01 0 0 0 0 0 0 0 0 0 0 0 0 0 0 0 0 0 0 0 0 0 0 0 0 0 0 0 0 0 0 0 0 0 0 0 0
0 0 0 0 0 0 0 0 0 0 0 0 0 0 0 0 0 0 0 0 0 0 0 0 0 0 0 0 0 0 0 0 0 0.01 0.01 0.01 0.02 0.02 0.02 0.03 0.03 0.04 0.04 0.04 0.04 0.04 0.03 0.03 0.03 0.03 0.03 0.03 0.02 0.02 0.02 0.02 0.02 0.01 0.01 0.01 0.01 0 0 0 0 0 0 0 0 0 0 0 0 0 0 0 0 0 0 0 0 0 0 0 0 0 0 0 0 0 0 0 0 0 0 0 0 0 0 0
0 0 0 0 0 0 0 0 0 0 0 0 0 0 0 0 0 0 0 0 0 0 0 0 0 0 0 0 0 0 0 0 0 0 0 0 0.01 0.01 0.01 0.01 0.01 0.02 0.02 0.02 0.02 0.02 0.01 0.01 0.01 0.01 0.01 0.01 0.01 0.01 0.01 0.01 0.01 0 0 0 0 0 0 0 0 0 0 0 0 0 0 0 0 0 0 0 0 0 0 0 0 0 0 0 0 0 0 0 0 0 0 0 0 0 0 0 0 0 0 0
0 0 0 0 0 0 0 0 0 0 0 0 0 0 0 0 0 0 0 0 0 0 0 0 0 0 0 0 0 0 0 0 0 0 0 0 0 0 0 0 0.01 0.01 0.01 0.01 0.01 0.01 0.01 0.01 0 0 0 0 0 0 0 0 0 0 0 0 0 0 0 0 0 0 0 0 0 0 0 0 0 0 0 0 0 0 0 0 0 0 0 0 0 0 0 0 0 0 0 0 0 0 0 0 0 0 0 0
0 0 0 0 0 0 0 0 0 0 0 0 0 0 0 0 0 0 0 0 0 0 0 0 0 0 0 0 0 0 0 0 0 0 0 0 0 0 0 0 0 0 0 0 0 0 0 0 0 0 0 0 0 0 0 0 0 0 0 0 0 0 0 0 0 0 0 0 0 0 0 0 0 0 0 0 0 0 0 0 0 0 0 0 0 0 0 0 0 0 0 0 0 0 0 0 0 0 0 0
0 0 0 0 0 0 0 0 0 0 0 0 0 0 0 0 0 0 0 0 0 0 0 0 0 0 0 0 0 0 0 0 0 0 0 0 0 0 0 0 0 0 0 0 0 0 0 0 0 0 0 0 0 0 0 0 0 0 0 0 0 0 0 0 0 0 0 0 0 0 0 0 0 0 0 0 0 0 0 0 0 0 0 0 0 0 0 0 0 0 0 0 0 0 0 0 0 0 0 0
0 0 0 0 0 0 0 0 0 0 0 0 0 0 0 0 0 0 0 0 0 0 0 0 0 0 0 0 0 0 0 0 0 0 0 0 0 0 0 0 0 0 0 0 0 0 0 0 0 0 0 0 0 0 0 0 0 0 0 0 0 0 0 0 0 0 0 0 0 0 0 0 0 0 0 0 0 0 0 0 0 0 0 0 0 0 0 0 0 0 0 0 0 0 0 0 0 0 0 0
0 0 0 0 0 0 0 0 0 0 0 0 0 0 0 0 0 0 0 0 0 0 0 0 0 0 0 0 0 0 0 0 0 0 0 0 0 0 0 0 0 0 0 0 0 0 0 0 0 0 0 0 0 0 0 0 0 0 0 0 0 0 0 0 0 0 0 0 0 0 0 0 0 0 0 0 0 0 0 0 0 0 0 0 0 0 0 0 0 0 0 0 0 0 0 0 0 0 0 0
0 0 0 0 0 0 0 0 0 0 0 0 0 0 0 0 0 0 0 0 0 0 0 0 0 0 0 0 0 0 0 0 0 0 0 0 0 0 0 0 0 0 0 0 0 0 0 0 0 0 0 0 0 0 0 0 0 0 0 0 0 0 0 0 0 0 0 0 0 0 0 0 0 0 0 0 0 0 0 0 0 0 0 0 0 0 0 0 0 0 0 0 0 0 0 0 0 0 0 0
