NA NA NA NA NA NA NA NA NA NA NA NA NA NA NA NA NA NA NA NA NA NA NA NA NA NA NA NA NA NA NA NA NA NA NA NA NA NA NA NA NA NA NA NA NA NA NA NA NA NA NA NA NA NA NA NA NA NA NA NA NA NA NA NA NA NA NA NA NA NA NA NA NA NA NA NA NA NA NA NA NA NA NA NA NA NA NA NA NA NA NA NA NA NA NA NA NA NA NA NA
NA NA NA NA NA NA NA NA NA NA NA NA NA NA NA NA NA NA NA NA NA NA NA NA NA NA NA NA NA NA NA NA NA NA NA NA NA NA NA NA NA NA NA NA NA NA NA NA NA NA NA NA NA NA NA NA NA NA NA NA NA NA NA NA NA NA NA NA NA NA NA NA NA NA NA NA NA NA NA NA NA NA NA NA NA NA NA NA NA NA NA NA NA NA NA NA NA NA NA NA
NA NA NA NA NA NA NA NA NA NA NA NA NA NA NA NA NA NA NA NA NA NA NA NA NA NA NA NA NA NA NA NA NA NA NA NA NA NA NA NA NA NA NA NA NA NA NA NA NA NA NA NA NA NA NA NA NA NA NA NA NA NA NA NA NA NA NA NA NA NA NA NA NA NA NA NA NA NA NA NA NA NA NA NA NA NA NA NA NA NA NA NA NA NA NA NA NA NA NA NA
NA NA NA NA NA NA NA NA NA NA NA NA NA NA NA NA NA NA NA NA NA NA NA NA NA NA NA NA NA NA NA NA NA NA NA NA NA NA NA NA NA NA NA NA NA NA NA NA NA NA NA NA NA NA NA NA NA NA NA NA NA NA NA NA NA NA NA NA NA NA NA NA NA NA NA NA NA NA NA NA NA NA NA NA NA NA NA NA NA NA NA NA NA NA NA NA NA NA NA NA
NA NA NA NA NA NA NA NA NA NA NA NA NA NA NA NA NA NA NA NA NA NA NA NA NA NA NA NA NA NA NA NA NA NA NA NA NA NA NA NA NA NA NA NA NA NA NA NA NA NA NA NA NA NA NA NA NA NA NA NA NA NA NA NA NA NA NA NA NA NA NA NA NA NA NA NA NA NA NA NA NA NA NA NA NA NA NA NA NA NA NA NA NA NA NA NA NA NA NA NA
NA NA NA NA NA NA NA NA NA NA NA NA NA NA NA NA NA NA NA NA NA NA NA NA NA NA NA NA NA NA NA NA NA NA NA NA NA NA NA NA NA NA NA NA NA NA NA NA NA NA NA NA NA NA NA NA NA NA NA NA NA NA NA NA NA NA NA NA NA NA NA NA NA NA NA NA NA NA NA NA NA NA NA NA NA NA NA NA NA NA NA NA NA NA NA NA NA NA NA NA
NA NA NA NA NA NA NA NA NA NA NA NA NA NA NA NA NA NA NA NA NA NA NA NA NA NA NA NA NA NA NA NA NA NA NA NA NA NA NA NA NA NA NA NA NA NA NA NA NA NA NA NA NA NA NA NA NA NA NA NA NA NA NA NA NA NA NA NA NA NA NA NA NA NA NA NA NA NA NA NA NA NA NA NA NA NA NA NA NA NA NA NA NA NA NA NA NA NA NA NA
NA NA NA NA NA NA NA NA NA NA NA NA NA NA NA NA NA NA NA NA NA NA NA NA NA NA NA NA NA NA NA NA NA NA NA NA NA NA NA NA NA NA NA NA NA NA NA NA NA NA NA NA NA NA NA NA NA NA NA NA NA NA NA NA NA NA NA NA NA NA NA NA NA NA NA NA NA NA NA NA NA NA NA NA NA NA NA NA NA NA NA NA NA NA NA NA NA NA NA NA
NA NA NA NA NA NA NA NA NA NA NA NA NA NA NA NA NA NA NA NA NA NA NA NA NA NA NA NA NA NA NA NA NA NA NA NA NA NA NA NA NA NA NA NA NA NA NA NA NA NA NA NA NA NA NA NA NA NA NA NA NA NA NA NA NA NA NA NA NA NA NA NA NA NA NA NA NA NA NA NA NA NA NA NA NA NA NA NA NA NA NA NA NA NA NA NA NA NA NA NA
NA NA NA NA NA NA NA NA NA NA NA NA NA NA NA NA NA NA NA NA NA NA NA NA NA NA NA NA NA NA NA NA NA NA NA NA NA NA NA NA NA NA NA NA NA NA NA NA NA NA NA NA NA NA NA NA NA NA NA NA NA NA NA NA NA NA NA NA NA NA NA NA NA NA NA NA NA NA NA NA NA NA NA NA NA NA NA NA NA NA NA NA NA NA NA NA NA NA NA NA
NA NA NA NA NA NA NA NA NA NA NA NA NA NA NA NA NA NA NA NA NA NA NA NA NA NA NA NA NA NA NA NA NA NA NA NA NA NA NA NA NA NA NA NA NA NA NA NA NA NA NA NA NA NA NA NA NA NA NA NA NA NA NA NA NA NA NA NA NA NA NA NA NA NA NA NA NA NA NA NA NA NA NA NA NA NA NA NA NA NA NA NA NA NA NA NA NA NA NA NA
NA NA NA NA NA NA NA NA NA NA NA NA NA NA NA NA NA NA NA NA NA NA NA NA NA NA NA NA NA NA NA NA NA NA NA NA NA NA NA NA NA NA NA NA NA NA NA NA NA NA NA NA NA NA NA NA NA NA NA NA NA NA NA NA NA NA NA NA NA NA NA NA NA NA NA NA NA NA NA NA NA NA NA NA NA NA NA NA NA NA NA NA NA NA NA NA NA NA NA NA
NA NA NA NA NA NA NA NA NA NA NA NA NA NA NA NA NA NA NA NA NA NA NA NA NA NA NA NA NA NA NA NA NA NA NA NA NA NA NA NA NA NA NA NA NA NA NA NA NA NA NA NA NA NA NA NA NA NA NA NA NA NA NA NA NA NA NA NA NA NA NA NA NA NA NA NA NA NA NA NA NA NA NA NA NA NA NA NA NA NA NA NA NA NA NA NA NA NA NA NA
NA NA NA NA NA NA NA NA NA NA NA NA NA NA NA NA NA NA NA NA NA NA NA NA NA NA NA NA NA NA NA NA NA NA NA NA NA NA NA NA NA NA NA NA NA NA NA NA NA NA NA NA NA NA NA NA NA NA NA NA NA NA NA NA NA NA NA NA NA NA NA NA NA NA NA NA NA NA NA NA NA NA NA NA NA NA NA NA NA NA NA NA NA NA NA NA NA NA NA NA
NA NA NA NA NA NA NA NA NA NA NA NA NA NA NA NA NA NA NA NA NA NA NA NA NA NA NA NA NA NA NA NA NA NA NA NA NA NA NA NA NA NA NA -0.346456090486624 -0.246595791775965 -0.255921260654183 -0.257433120578604 -0.249476433778455 -0.0683577550282114 -0.02142160665138 0.0309423371588034 NA NA NA NA NA NA NA NA NA NA NA NA NA NA NA NA NA NA NA NA NA NA NA NA NA NA NA NA NA NA NA NA NA NA NA NA NA NA NA NA NA NA NA NA NA NA NA NA NA
NA NA NA NA NA NA NA NA NA NA NA NA NA NA NA NA NA NA NA NA NA NA NA NA NA NA NA NA NA NA NA NA NA NA NA NA -0.309757163393203 -0.356773174871287 -0.380045473997839 -0.391520684070714 -0.457594412011304 -0.491006027219 -0.488241385957728 -0.472541510164666 -0.356456618633865 -0.331116292183782 -0.361228840923019 -0.393000043541114 -0.293854495560808 -0.177283348128898 -0.20908568198886 -0.161317279914672 -0.106810498401939 -0.0988984326986153 -0.0983589900637313 NA NA NA NA NA NA NA NA NA NA NA NA NA NA NA NA NA NA NA NA NA NA NA NA NA NA NA NA NA NA NA NA NA NA NA NA NA NA NA NA NA NA NA NA NA
NA NA NA NA NA NA NA NA NA NA NA NA NA NA NA NA NA NA NA NA NA NA NA NA NA NA NA NA NA NA NA NA NA -0.173463547385106 -0.26279500286191 -0.292950654943413 -0.37942446548992 -0.439685700915279 -0.465067896156634 -0.424614389692427 -0.435490444389234 -0.456972401967556 -0.483575573627661 -0.495301753467914 -0.436863481549787 -0.38456952497786 -0.397789574786599 -0.459333312691449 -0.438459159188346 -0.349049436773364 -0.327233089461341 -0.296300516980688 -0.223900174373705 -0.20680817571997 -0.186037950709034 -0.1868895026426 -0.152497102081037 NA NA NA NA NA NA NA NA NA NA NA NA NA NA NA NA NA NA NA NA NA NA NA NA NA NA NA NA NA NA NA NA NA NA NA NA NA NA NA NA NA NA NA
NA NA NA NA NA NA NA NA NA NA NA NA NA NA NA NA NA NA NA NA NA NA NA NA NA NA NA NA NA NA NA NA -0.214655877241581 -0.267370372965611 -0.332721498637619 -0.402678899230227 -0.402307430270623 -0.422064418128215 -0.452181363312202 -0.410561814281121 -0.350581576513916 -0.355390238337104 -0.422757475485024 -0.492885703865281 -0.503805319811859 -0.380278769484466 -0.406206285796197 -0.473910563856138 -0.466037113560828 -0.401213983660211 -0.347801079904896 -0.291059075570581 -0.240790319514249 -0.270232326431238 -0.322796348843118 -0.323788860639019 -0.28552533391435 -0.270608025803455 -0.248031971466168 -0.285535000485915 -0.18646551691898 NA NA NA NA NA NA NA NA NA NA NA NA NA NA NA NA NA NA NA NA NA NA NA NA NA NA NA NA NA NA NA NA NA NA NA NA NA NA NA
NA NA NA NA NA NA NA NA NA NA NA NA NA NA NA NA NA NA NA NA NA NA NA NA NA NA NA NA NA NA -0.295071312256053 -0.26513876259678 -0.334632481813532 -0.385449498482661 -0.435275887087501 -0.41651632850966 -0.396674257913671 -0.409790714660394 -0.475984782664621 -0.479211094285618 -0.36070064701448 -0.364380840833676 -0.426804594125 -0.502477294454714 -0.541971841342613 -0.472025653127608 -0.396223646911103 -0.463827119012653 -0.429596900623349 -0.394528748874565 -0.30752626420568 -0.233635894348661 -0.199148641376598 -0.277377499905973 -0.355155487799486 -0.370960802507403 -0.3717649090197 -0.35439659490262 -0.333854835553653 -0.311636145156266 -0.309167924915354 -0.182113861257356 -0.12706165360635 NA NA NA NA NA NA NA NA NA NA NA NA NA NA NA NA NA NA NA NA NA NA NA NA NA NA NA NA NA NA NA NA NA NA NA NA NA
NA NA NA NA NA NA NA NA NA NA NA NA NA NA NA NA NA NA NA NA NA NA NA NA NA NA NA NA NA -0.16584170926425 -0.297625623522511 -0.315453793351075 -0.383725764288119 -0.44738095690857 -0.440720946470769 -0.393864057513025 -0.40834698772148 -0.419072214665931 -0.537111979731978 -0.56043054570192 -0.471699565254951 -0.424036728599903 -0.448897069697883 -0.491930201282122 -0.556327556422821 -0.512301730835033 -0.442278569789112 -0.451423878685791 -0.405049706364569 -0.341764041901468 -0.248219933791795 -0.198184284323251 -0.201167634194319 -0.294156579885888 -0.366691223260289 -0.39972757520175 -0.373822384092081 -0.334400599640881 -0.329770115224218 -0.338919047322558 -0.416684954346407 -0.392813883791993 -0.319560567421635 -0.121755230201816 NA NA NA NA NA NA NA NA NA NA NA NA NA NA NA NA NA NA NA NA NA NA NA NA NA NA NA NA NA NA NA NA NA NA NA NA
NA NA NA NA NA NA NA NA NA NA NA NA NA NA NA NA NA NA NA NA NA NA NA NA NA NA NA NA -0.16306723175464 -0.288432342604934 -0.323784916435822 -0.34222004048052 -0.38669636462319 -0.424273729891786 -0.461389384205534 -0.403701556751717 -0.377587258231308 -0.451834080208323 -0.580518633015729 -0.597390154292161 -0.532692521830606 -0.471671732817233 -0.450246793618136 -0.450464975904852 -0.496976300364699 -0.522857745829839 -0.484320028480307 -0.422529831725329 -0.391489922513637 -0.300546615481786 -0.213190272378023 -0.156536646642307 -0.193235404237372 -0.287922840868514 -0.364557755762393 -0.374033565779455 -0.300503013395968 -0.225805976395477 -0.22542996090769 -0.311851651628145 -0.337159377332032 -0.419998123171702 -0.446223741265303 -0.363681301128519 -0.272387727587622 -0.20744644281391 -0.0846755474698779 NA NA NA NA NA NA NA NA NA NA NA NA NA NA NA NA NA NA NA NA NA NA NA NA NA NA NA NA NA NA NA NA NA
NA NA NA NA NA NA NA NA NA NA NA NA NA NA NA NA NA NA NA NA NA NA NA NA NA NA NA -0.132210359618971 -0.265549594046886 -0.285996792168735 -0.348998701958085 -0.346324110916724 -0.381970115083941 -0.435985477145875 -0.486710922956746 -0.422592236593376 -0.371596344658336 -0.432472493819976 -0.577022962613415 -0.57559995865437 -0.515385815964782 -0.466624081596902 -0.43081913304392 -0.465076866315623 -0.467731083223748 -0.476078435913598 -0.427313390242441 -0.293717531125002 -0.277994158431389 -0.177875125385561 -0.118392298716812 -0.142487487281652 -0.21493914489378 -0.265788251553259 -0.303514657491774 -0.234857436269211 -0.194699256614869 -0.118705058206155 -0.142664662697519 -0.23267010009121 -0.314358100771065 -0.405203826120227 -0.441539288344588 -0.433236629161149 -0.350105191771635 -0.351820895945407 -0.255509009763199 -0.241217108341694 -0.178250520852563 NA NA NA NA NA NA NA NA NA NA NA NA NA NA NA NA NA NA NA NA NA NA NA NA NA NA NA NA NA NA NA
NA NA NA NA NA NA NA NA NA NA NA NA NA NA NA NA NA NA NA NA NA NA NA NA NA -0.175968932204011 -0.151916981731544 -0.240898221954491 -0.29729362643652 -0.300630346719785 -0.297495369439914 -0.272811549025097 -0.340155885436291 -0.42906744865924 -0.526042571360623 -0.468521483361499 -0.337890434497271 -0.37972685257347 -0.443474869073168 -0.492635613300276 -0.441036679599471 -0.448708579598544 -0.389582257864532 -0.442854687674907 -0.444676408630753 -0.450171020369111 -0.316482886159377 -0.21256470635199 -0.165089552814417 -0.137404458249304 -0.0706910740605401 -0.106028001943577 -0.181642777579352 -0.273369434663365 -0.258254782134567 -0.172817837658205 -0.106008669842172 0.0110564860635735 -0.0538410349589503 -0.212510032525754 -0.292367449421563 -0.373147851193797 -0.429876314895877 -0.403641124177683 -0.410582529995244 -0.456233175666013 -0.392192271071795 -0.318930708580635 -0.320372112717479 -0.258757006170599 -0.125749692819648 NA NA NA NA NA NA NA NA NA NA NA NA NA NA NA NA NA NA NA NA NA NA NA NA NA NA NA NA NA
NA NA NA NA NA NA NA NA NA NA NA NA NA NA NA NA NA NA NA NA NA NA NA NA -0.113851595531379 -0.228474416605077 -0.275080303244281 -0.303044442680883 -0.309733260184286 -0.28951730118388 -0.165259683891434 -0.130106962370246 -0.248638123583028 -0.355054161786461 -0.442543145958702 -0.418464512158073 -0.328164011810828 -0.263775423660041 -0.323703039298523 -0.309192824415571 -0.352803926297763 -0.32366862232423 -0.359739019805684 -0.41044127730968 -0.431535652024473 -0.368732834142069 -0.270990917196802 -0.125738710989205 -0.0915091980356847 -0.0605651960606942 -0.0235164212880293 -0.0798149222837674 -0.206112673484566 -0.250530196524388 -0.287925505092015 -0.167132019675717 -0.04693884832799 0.0560654429301431 -0.0621968627895636 -0.257154178460756 -0.342518049634021 -0.401620597700539 -0.434389343120632 -0.396819448489822 -0.397767405225232 -0.430196877693294 -0.375657666191133 -0.372155714468251 -0.359319463930513 -0.377237862155408 -0.341815471110157 -0.227990784893165 NA NA NA NA NA NA NA NA NA NA NA NA NA NA NA NA NA NA NA NA NA NA NA NA NA NA NA NA
NA NA NA NA NA NA NA NA NA NA NA NA NA NA NA NA NA NA NA NA NA NA NA -0.106969486918045 -0.229395010516906 -0.27493607427923 -0.350377879825388 -0.329681411384208 -0.344141063090811 -0.279020723818319 -0.11593929019827 -0.0501570720774606 -0.136709661844253 -0.214185446566043 -0.342960139436577 -0.323351567377879 -0.219598527625787 -0.207790490399035 -0.172504039661552 -0.221254558329979 -0.27141821689632 -0.256662354871355 -0.307325766965358 -0.36204682294564 -0.386522612711255 -0.290142246382075 -0.198396321859982 -0.0536319958057834 -0.0169040316236299 0.0361354900880539 -0.0045113894375567 -0.122406160190664 -0.248643081389563 -0.276404153850044 -0.206349838390215 -0.132228683942429 -0.0585677355028118 0.0336768195035761 -0.15128146770363 -0.340902283044422 -0.407659794116071 -0.477492244491818 -0.45963030991416 -0.381983145993833 -0.332868801472394 -0.351007268298954 -0.307146105465008 -0.311327575527057 -0.342062184024074 -0.373022902717036 -0.351055007516802 -0.317605714431709 -0.235405693756801 NA NA NA NA NA NA NA NA NA NA NA NA NA NA NA NA NA NA NA NA NA NA NA NA NA NA NA
NA NA NA NA NA NA NA NA NA NA NA NA NA NA NA NA NA NA NA NA NA NA -0.193462292435181 -0.200617284206821 -0.243804872568028 -0.318704089621806 -0.314734440788847 -0.292702256795447 -0.351781837087964 -0.278005382792001 -0.183342339487165 -0.102802555387043 -0.110355094286016 -0.151540675375725 -0.179513315584215 -0.192688171692607 -0.126135132710234 -0.0523259419765929 -0.0946798938340044 -0.14282277759222 -0.143038655007052 -0.175418467801758 -0.226015393110397 -0.292245715932293 -0.346648281277357 -0.264603943333669 -0.133761295997423 0.0120431439483794 0.0630847255698335 0.0261615338237181 -0.0213322741639397 -0.070005461169313 -0.224132227250075 -0.277651853152001 -0.183395989081476 -0.0535983735724936 0.000639667484231951 -0.101633183510532 -0.244063180599313 -0.401294703216949 -0.494142983074846 -0.532529066477908 -0.457571185213768 -0.3651986111115 -0.288513941142499 -0.275177942823479 -0.2409944649721 -0.212633109483947 -0.243942803025679 -0.316208447306456 -0.356222606853574 -0.35626887592263 -0.336434216160312 -0.237654719977488 NA NA NA NA NA NA NA NA NA NA NA NA NA NA NA NA NA NA NA NA NA NA NA NA NA NA
NA NA NA NA NA NA NA NA NA NA NA NA NA NA NA NA NA NA NA NA NA NA -0.240442843195991 -0.188695389358357 -0.25388850649112 -0.262344318260429 -0.226224920897489 -0.225469590090067 -0.287254786597829 -0.287349275033603 -0.274141058127287 -0.143617040443866 -0.171636482960661 -0.123517086272007 -0.0712006148874761 0.0074621538784143 0.0264422280198599 0.0627323050551005 0.00192976688624189 -0.0604066571831145 -0.0970584626608589 -0.11907219585055 -0.170054980884257 -0.250112039025996 -0.26095045807483 -0.184709136599467 -0.0498290381303075 -0.0155039545124719 -0.0282904436203605 -0.0204060084039735 -0.124881669654043 -0.133169529401629 -0.261645509127026 -0.250259493088533 -0.0663159182038535 -0.00822553365717559 -0.0455897805654673 -0.209069297642828 -0.328192273602394 -0.489236049703292 -0.570742212424963 -0.564766908523703 -0.476770159587188 -0.349460582784401 -0.249703992489053 -0.215351906696539 -0.150800811752247 -0.14455327887515 -0.206519746246014 -0.251025179774918 -0.339763483427217 -0.37458446892249 -0.456383043115807 -0.406065284779131 -0.272026055577778 -0.1133666967623 NA NA NA NA NA NA NA NA NA NA NA NA NA NA NA NA NA NA NA NA NA NA NA NA
NA NA NA NA NA NA NA NA NA NA NA NA NA NA NA NA NA NA NA NA NA -0.194313991088806 -0.224722495978006 -0.15127770112441 -0.207985578916273 -0.208843461264475 -0.164965792176905 -0.0541333581671362 -0.142388832516067 -0.201863208917465 -0.213608120336357 -0.171062567951125 -0.163989628613978 -0.140754645886632 -0.0471873574943018 0.0451652105922356 0.117792480613834 0.120324228280995 -0.0154524751355742 -0.0999480020328123 -0.0598275185631864 -0.043904886416066 -0.143136630551231 -0.135849648806322 -0.144250410544498 -0.00660136983787989 0.0194533645600566 -0.0763167520907903 -0.107994093369717 -0.178755479167547 -0.168502742365009 -0.103917434326304 -0.120443301485591 -0.0588366448265829 0.0720160399280483 0.096959318410783 -0.0357250613820176 -0.206761410933567 -0.413639001554077 -0.583345916788529 -0.615710867424839 -0.57255104406539 -0.493394483689904 -0.313266767527959 -0.227755815851791 -0.1495949215916 -0.0806265074479615 -0.0767057324122844 -0.162107684799442 -0.289815151129702 -0.375893401202552 -0.437828514449304 -0.506801415613386 -0.555989404989338 -0.474527247836635 -0.301073105664793 -0.0777016152548636 NA NA NA NA NA NA NA NA NA NA NA NA NA NA NA NA NA NA NA NA NA NA NA
NA NA NA NA NA NA NA NA NA NA NA NA NA NA NA NA NA NA NA NA -0.0950395729132064 -0.147589619897862 -0.111921864259654 -0.0569530311961712 -0.170955556062919 -0.193516915291218 -0.128454073348327 -0.00789119876712238 -0.0335607927700806 -0.0967001744463043 -0.161262319510711 -0.190679281018271 -0.137460267182621 -0.125280875718555 -0.0624604593216304 0.0794196559190787 0.170708653599169 0.154883823039789 0.00565470232473422 -0.0348777439905048 -0.0665027984930253 -0.0457319662326309 -0.0754382462110563 0.00413400217414073 -0.0119872400947979 0.111796672995266 0.0392735077232966 -0.0823846098746777 -0.163723210587999 -0.209686133762563 -0.166663601803473 0.0442175585696523 0.101368755744564 0.13842944381303 0.150893187046165 0.126694388635532 -0.0105536517677481 -0.286135581364278 -0.525672780057868 -0.639312378256966 -0.632681491514015 -0.577220024820785 -0.474418043929358 -0.323915766193721 -0.197676499884887 -0.132994910772353 -0.0207063122709334 -0.0246133936702084 -0.168226936016592 -0.300265595132109 -0.428531944500528 -0.51884692850475 -0.547893596110156 -0.579617964069346 -0.542814316617843 -0.433965237724543 -0.264566633902071 -0.0255959327696768 NA NA NA NA NA NA NA NA NA NA NA NA NA NA NA NA NA NA NA NA NA NA
NA NA NA NA NA NA NA NA NA NA NA NA NA NA NA NA NA NA NA NA -0.035179447035606 -0.0916714852048946 0.0354433195554479 0.0844247776671388 -0.103266445373304 -0.270631218940121 -0.177070529914594 -0.0241732712255286 0.0347047078157951 0.0161250231083396 -0.0685889896429746 -0.136611656705072 -0.159448707591062 -0.116483119481977 -0.0608364253659741 0.0349783523451738 0.159681906547375 0.155605702533032 -0.00239393045741306 -0.0359280966002328 -0.0657100368977601 0.0420949404042699 0.0710512868303687 0.103286640822905 0.150288962687517 0.24049925361086 0.195502294021037 0.028791258176141 -0.148240207188717 -0.195832284985677 0.0222554677933102 0.104729391194003 0.146736706445598 0.231075548267736 0.164201146395092 0.134168605905188 -0.0503376488745854 -0.270178987797733 -0.555395864622815 -0.636531465609407 -0.585131982327474 -0.536684409753897 -0.430368646557241 -0.315403721656885 -0.206462936686483 -0.106795038358228 0.0430797103260044 0.0696321331148399 -0.0634630178515805 -0.294653605553307 -0.456195986225309 -0.59000465073165 -0.609926187423328 -0.6021851770504 -0.55874047166814 -0.520589968474127 -0.448534704596359 -0.238539730385035 -0.107546314373561 NA NA NA NA NA NA NA NA NA NA NA NA NA NA NA NA NA NA NA NA NA
NA NA NA NA NA NA NA NA NA NA NA NA NA NA NA NA NA NA NA -0.115820839206476 -0.0792107958591431 -0.00778670834932317 0.12925617689291 0.0164106511842635 -0.167960360002637 -0.331132352751515 -0.290279774327294 -0.124022006792103 0.0459024037626943 0.17196186197345 0.0588434488668984 0.0279674256228537 -0.0490456386976935 -0.0569132649086775 0.0141462771205236 0.077822232902133 0.0948902586157908 0.0587915129800494 -0.0162722693865368 -0.0260135555795212 0.0416670406672912 0.125849044389087 0.148351516140121 0.187214631982655 0.26151273033379 0.282398293010156 0.215837471692544 0.0396532113537403 -0.151524890651086 -0.0726852930901412 0.0172006896259006 0.162752070213415 0.214861661623558 0.171612841791685 0.0985289360617718 0.01855636992709 -0.0847607451199329 -0.269675813123847 -0.510011689541433 -0.535616299395204 -0.51112933326438 -0.467659968216046 -0.405247099301451 -0.335886870977158 -0.200378080102029 -0.0822416870761166 0.0906622073590582 0.0776536477673742 -0.0241416510320046 -0.297620543378018 -0.444469802647223 -0.605105330514581 -0.634610890857016 -0.600637253033474 -0.559679425649392 -0.518914315370741 -0.517421539464485 -0.39461894267745 -0.208586581206828 -0.109582698671177 NA NA NA NA NA NA NA NA NA NA NA NA NA NA NA NA NA NA NA NA
NA NA NA NA NA NA NA NA NA NA NA NA NA NA NA NA NA NA NA -0.222330695580975 -0.147397400414508 -0.0223218262150732 0.101805644864733 -0.0559848084974149 -0.213662820526533 -0.40439705733398 -0.367119149586284 -0.2078444451412 0.00495001147097514 0.133524906212077 0.225307895855888 0.116611196754659 0.0982473379471221 0.026866064552325 0.108426101271065 0.232897779688157 0.114644987755251 0.0837455167930194 -0.0117582103406249 0.091131399285493 0.167587935233622 0.24598885736885 0.246722043499646 0.256259509905082 0.345297733430733 0.307683001043565 0.234581981396045 0.0827850207848344 -0.155945964049769 -0.0842478779587693 0.00532231100733966 0.191200236119989 0.115351999314956 0.0157522226550549 -0.049662865361698 -0.0450276465126431 -0.0265165816540869 -0.270364950698204 -0.434055710825376 -0.438755131868542 -0.450194628171807 -0.422835993568635 -0.397895662609267 -0.364481384259862 -0.202083484956099 -0.0311317647497752 0.120007287142206 0.174854095088849 -0.0589720579733155 -0.28188811686416 -0.403978730653709 -0.552206354083882 -0.629936145518283 -0.611458875266356 -0.545300950564673 -0.488422483022354 -0.495608215256511 -0.468441131091944 -0.387303206443727 -0.224292550396675 NA NA NA NA NA NA NA NA NA NA NA NA NA NA NA NA NA NA NA NA
NA NA NA NA NA NA NA NA NA NA NA NA NA NA NA NA NA NA -0.283137612048081 -0.285377691792149 -0.255113489560647 -0.110800198877024 -0.0119653104088376 -0.150473858593557 -0.227965376013528 -0.349058052127362 -0.304637125694918 -0.202545992087063 -0.0426190568472811 0.0499243819176166 0.191478125441653 0.23743850707659 0.140144131422156 0.185876447530104 0.188916051019302 0.224017230035783 0.219808147108628 0.173971918462136 0.141444792404671 0.274316236116939 0.280616700849656 0.323476438997423 0.313316558883711 0.271645885381328 0.371493240206143 0.313591489039359 0.217944519152865 0.102436447650466 -0.0897033003433855 -0.0570799662569768 0.134779471107304 0.138899573548081 0.0684166167674077 -0.0394842927656345 -0.132143082155253 -0.101092151386641 -0.0715225100779425 -0.214320541132572 -0.346877319710342 -0.346098385907121 -0.405888887291581 -0.341680539097277 -0.33943730805608 -0.28053681320341 -0.173991300438335 -0.0289618481452347 0.173417379735058 0.18532291891069 0.0102539629506016 -0.218609016911663 -0.356600559766876 -0.452420837207521 -0.566942755164087 -0.567977448534589 -0.509195310579196 -0.43077490522324 -0.414203240298469 -0.424037587957859 -0.441701988974044 -0.350707813646349 -0.115613387583248 NA NA NA NA NA NA NA NA NA NA NA NA NA NA NA NA NA NA NA
NA NA NA NA NA NA NA NA NA NA NA NA NA NA NA NA NA NA -0.460969617849322 -0.399331025764954 -0.331394956901549 -0.206483773762519 -0.100972059618523 -0.216625961885715 -0.298433460340215 -0.324006099499137 -0.256611968882981 -0.13274257471726 -0.0699569274336369 0.0127961708257468 0.112970738510872 0.247602373942806 0.255416046967788 0.245212696407935 0.282657733389201 0.317043978954588 0.251549238045345 0.319776959528889 0.31630944660214 0.361151315928169 0.351462364384082 0.265181662703107 0.202450300596046 0.21524582508599 0.263735318884376 0.281725683236046 0.192006356858577 0.0717546825129185 -0.0610797517743722 -0.00445716831775854 0.120010403413293 0.0657880598430549 -0.0210014166158321 -0.126657034930236 -0.159433863704204 -0.0931947899072879 -0.0344780339020049 -0.107624822147151 -0.234583571388931 -0.268183761032137 -0.302286896091376 -0.318940240085251 -0.33019233658877 -0.278105934526466 -0.151342412563009 -0.0215355571444249 0.183434842081018 0.168856915576434 0.0468683914738812 -0.194757248178775 -0.276979469978257 -0.32655491695844 -0.4037912674392 -0.399127896468771 -0.40495285165402 -0.390712851911622 -0.337663482768179 -0.370831592631423 -0.42417012949408 -0.404954630961894 -0.259944345258679 NA NA NA NA NA NA NA NA NA NA NA NA NA NA NA NA NA NA NA
NA NA NA NA NA NA NA NA NA NA NA NA NA NA NA NA NA NA -0.550812966079113 -0.418290268704419 -0.386512269213807 -0.274291049176196 -0.213410914075713 -0.28601896245464 -0.324596806579609 -0.312839730043103 -0.227608275880738 -0.0958926961169134 -0.105825503402019 0.0286294117402826 0.13609372373463 0.267119666369927 0.319464989256011 0.327116404534338 0.349114201336079 0.31544782413075 0.156801131410349 0.211357511012518 0.417749670416487 0.460341962466142 0.31006721340199 0.16291075468767 0.0851529445550223 0.0909346059106446 0.227380762940733 0.183075461801358 0.0904618515777676 0.0334516823915687 0.0196298088620242 0.0839183251759829 0.0951105878122966 0.0135788730779541 -0.0889386797813502 -0.183260877779296 -0.185005661851237 -0.0966384198024372 0.0566253524887726 0.0635123205315766 -0.0541902768233652 -0.162577041047654 -0.273313245926171 -0.279977063729101 -0.32939942851846 -0.238110310466146 -0.142446073303573 0.00339815876645302 0.0744266184243244 0.107955966560657 -0.0128708057298516 -0.209097064358398 -0.272199330021391 -0.196721429629112 -0.168807269936446 -0.215664612780688 -0.295189758280202 -0.313541608749238 -0.301971384742243 -0.358917261303511 -0.407215505849536 -0.433358367243689 -0.361013195636482 -0.127757106347537 NA NA NA NA NA NA NA NA NA NA NA NA NA NA NA NA NA NA
NA NA NA NA NA NA NA NA NA NA NA NA NA NA NA NA NA NA -0.521164911308858 -0.437556080589183 -0.398702854486239 -0.324787443827142 -0.29427619048445 -0.284754176696136 -0.313578878463868 -0.271151999507001 -0.0976457036609093 -0.057561981450904 -0.056191230144664 -0.0366829325552664 0.0753325115311831 0.322787608893197 0.40029052206405 0.411604199509127 0.387029152956435 0.368773808952096 0.239672326327236 0.282847222377657 0.46617063975849 0.449861110667046 0.249622199342735 0.0989215503869584 -0.0377772153114381 -0.0362866502759738 0.0320409660611821 0.0736288795600771 0.0258981956034729 -0.0000110310556338997 0.0357272375616605 0.0988902312126336 0.157806313548624 0.0302889200714193 -0.102443996863893 -0.186425140144504 -0.139738726064612 -0.0149646153936703 0.110880108668995 0.128868584411604 0.0979759463540635 -0.0334734120344224 -0.216414225423941 -0.257820849816544 -0.2491023062875 -0.207226184924917 -0.145006851526964 0.0278324785770309 0.196031450578082 0.101925280759032 -0.0864312506297027 -0.223495170289348 -0.229345934783769 -0.119848705540779 -0.081658143581264 -0.152728913278404 -0.237834479482711 -0.284356374155294 -0.321782256477605 -0.360892909758773 -0.431120242615024 -0.486235262765772 -0.451662596208175 -0.281087284556939 0.0335721401066675 NA NA NA NA NA NA NA NA NA NA NA NA NA NA NA NA NA
NA NA NA NA NA NA NA NA NA NA NA NA NA NA NA NA NA -0.485261540602462 -0.478259298685999 -0.378981014967118 -0.374451729565396 -0.339578090593743 -0.323628526105639 -0.29092913066848 -0.28050995653214 -0.204413954490168 -0.055386931965957 -0.0224984677857245 0.0245708868760471 0.013996254122586 0.0691592882904561 0.312611864393717 0.443259269237146 0.406835240353391 0.339452870123034 0.147429032641072 0.109338158672482 0.214588807916706 0.411714949286199 0.435096511721363 0.232466939940612 0.0393477377603322 -0.0719362148779733 -0.113023222264808 -0.0692513999246768 -0.103270510069776 -0.0968328372803768 -0.105399809984768 -0.0322164688649579 0.156291029166787 0.222437752111994 0.13365688875258 -0.0259069488987301 -0.111460072864141 -0.0408351195057731 0.0642913234131394 0.175218045537536 0.207941041377688 0.193437513046446 0.0722934543469546 -0.112585744006395 -0.199126124848559 -0.213000263624808 -0.153720819464875 -0.0483710683504484 0.0603156357977862 0.11822642110899 0.131916274077972 -0.0732399376317748 -0.199537514300903 -0.230447462204807 -0.145033477075829 -0.0972683181108017 -0.131154518353047 -0.167286846532108 -0.220263670967279 -0.263405210366659 -0.342817684031741 -0.468907622996302 -0.524923912705503 -0.497336987475649 -0.396908276589319 -0.202104585885329 -0.084692968874245 NA NA NA NA NA NA NA NA NA NA NA NA NA NA NA NA
NA NA NA NA NA NA NA NA NA NA NA NA NA NA NA NA NA -0.402139266423367 -0.384279635334645 -0.316148250733607 -0.329037635953442 -0.343774301219219 -0.328456454061331 -0.336367690531985 -0.302496691308641 -0.195141483685728 -0.113878746083874 -0.047836083019643 -0.0392756517194834 -0.0279931893829166 0.0620739532361174 0.17757248453245 0.38695596470145 0.325567228675381 0.147668802176948 -0.0389442056604692 -0.0125078910392057 0.0759400947387349 0.247191474498417 0.2998052710318 0.171544714855323 0.0767054181134197 -0.00909588534846181 -0.0520960572747304 -0.0777425358922951 -0.128474417773984 -0.156733662139292 -0.121734190601262 -0.0186658177361647 0.215654633534141 0.371450230347161 0.302324327219618 0.078634236949738 -0.0382598696263912 0.0663418552424144 0.141460263722338 0.193712846680512 0.232655433955728 0.242510202235984 0.160538283133387 0.036905200974019 -0.0700841903074125 -0.11881330175077 -0.106474407418148 -0.0105044258802163 0.08117987608381 0.152267899795058 0.00232206041958439 -0.135871754667954 -0.279184932389016 -0.248710193397599 -0.168929489357514 -0.148186049727905 -0.198762475935212 -0.154640636731609 -0.244637191238837 -0.240078631159375 -0.292139161352156 -0.456401446428762 -0.535107432502987 -0.543755556780843 -0.486688404554883 -0.326978551338068 -0.145282258634889 NA NA NA NA NA NA NA NA NA NA NA NA NA NA NA NA
NA NA NA NA NA NA NA NA NA NA NA NA NA NA NA NA NA -0.297478312201867 -0.339410318350758 -0.272801759503215 -0.244794816417936 -0.253270346608194 -0.286150556533751 -0.281988694140242 -0.247694879731713 -0.154411965397254 -0.127310849317347 -0.097131008537622 -0.0896476334155046 -0.112875442850482 -0.0388171850895859 0.0693821802076202 0.126415495340319 0.169144930940689 0.0295305900598615 -0.106923216584465 -0.160398645992675 -0.0831900979650639 0.0660927922760985 0.17049070353762 0.15305896733733 0.105226968542438 0.12933993843861 0.120423848135953 0.0865310353173139 -0.0287319650899821 -0.106038523385831 -0.0702802711669422 0.0518904039713617 0.306625842977755 0.524983053997087 0.476975524211316 0.265929697040974 0.11846293289167 0.114956438861155 0.165423379444605 0.167063016056227 0.177382630481929 0.192044953114605 0.175309707009993 0.120995462608883 0.0555362507764108 -0.036158777682325 -0.0344550895675065 0.0181202522820982 0.0479178787142651 0.0706179859044467 -0.0934673820269584 -0.217509572801104 -0.309173727400331 -0.280810087364083 -0.242315304291982 -0.217302961745508 -0.162892630955955 -0.185178882748683 -0.21355209232388 -0.213504711840232 -0.288089744053638 -0.438455210286772 -0.532726014836822 -0.575792220436674 -0.559020428934794 -0.427768128097017 -0.2470404332351 NA NA NA NA NA NA NA NA NA NA NA NA NA NA NA NA
NA NA NA NA NA NA NA NA NA NA NA NA NA NA NA NA -0.33423504797499 -0.302514657496204 -0.306649054230694 -0.220512559416367 -0.195111026370297 -0.167632138403183 -0.218912026005456 -0.201170701271817 -0.147088608348877 -0.0878883777865662 -0.0675487374014421 -0.0767488212454565 -0.0864138787424413 -0.129149005713825 -0.11360509274928 -0.0472466874419481 0.0114745544323126 0.0413078620827677 -0.0246044870671198 -0.145348622613283 -0.18949857974735 -0.186570370757572 -0.0152321844745112 0.103476967868224 0.169865517677056 0.184218836458695 0.214218958494251 0.24910203155391 0.190172728778554 0.0450759334074765 -0.00880276630650035 -0.0258376810528044 0.0628581690749814 0.263159992791543 0.477164441965919 0.46450504247511 0.326115087310742 0.164886066555139 0.142886249973039 0.131248906874213 0.110786577361589 0.0773236629846156 0.0706991242205335 0.0937966195129345 0.0955909732145613 0.115869388510097 0.113988068719444 0.0444518002535957 0.00263135587603545 0.0010531687829761 -0.0654805656983365 -0.157341863787569 -0.234500919185726 -0.267784593828445 -0.285629438607045 -0.217763042681382 -0.153725897413684 -0.156593152649234 -0.174721335963158 -0.191901284475969 -0.215802476252857 -0.247910208640997 -0.394131454345287 -0.465304911566491 -0.524448783075807 -0.565584208495773 -0.514655074041116 -0.374894260556983 NA NA NA NA NA NA NA NA NA NA NA NA NA NA NA NA
NA NA NA NA NA NA NA NA NA NA NA NA NA NA NA NA -0.419204612099374 -0.342060136217258 -0.285319765301815 -0.182108093723768 -0.131365495381552 -0.111318051010279 -0.162586420412972 -0.130072317541891 -0.0777217492415094 -0.0347663956141418 -0.00346318985437082 -0.0791398135518643 -0.152984088004953 -0.168478995868767 -0.169998466168556 -0.110969648906473 -0.0117586231736523 -0.037984669234402 -0.04140306155065 -0.136051193604134 -0.256123942951297 -0.196361071272145 -0.0952844950846326 0.00485862377204804 0.0181100988046569 0.105252831439366 0.198390005413227 0.23144780126142 0.23046822648478 0.0473504070047359 -0.0265445197332559 -0.0687587609598626 -0.0493178977266651 0.0634051452869914 0.273634259828648 0.309036287769936 0.213884804711174 0.126347534210003 0.109614837336979 0.0706789554275088 0.0140877835484667 -0.0270087975179883 -0.0383310941348968 0.0162662190498283 0.0503715465307908 0.0953690648715694 0.176362122563278 0.0880773889215305 0.0347007982695956 -0.0292394262882083 -0.105112521331786 -0.19056219611281 -0.262252242136465 -0.275404938796891 -0.219665268275412 -0.138822087976513 -0.10853213857313 -0.110205871815592 -0.193052864684018 -0.211841819788983 -0.261392051791823 -0.31281944256319 -0.393419078363725 -0.419586688373637 -0.52692937402923 -0.545285459264152 -0.539355473174194 -0.456299240352768 -0.292862361398881 NA NA NA NA NA NA NA NA NA NA NA NA NA NA NA
NA NA NA NA NA NA NA NA NA NA NA NA NA NA NA NA -0.442453732277005 -0.412038705906242 -0.309393197501064 -0.161930907889919 -0.129858265599637 -0.111248219066849 -0.0902803560083127 -0.0799896302329892 -0.0478098582400962 0.00288594819381263 -0.0427230830732691 -0.183795592455285 -0.225934167796041 -0.241087855193581 -0.180715275448695 -0.1267423847185 -0.0270367718584451 0.0494244566022482 -0.0349528676023563 -0.0924704788546424 -0.145821081683084 -0.144704600561988 -0.0726873750128855 -0.0483902595132793 0.029661861036211 0.0323999393890488 0.0360749503616487 0.204355599018078 0.227388073921585 0.0618482089288568 -0.0453261674144356 -0.0613637206101222 -0.015467653703225 0.110629063749271 0.191180561448095 0.238802785633744 0.162388088809996 0.114691526017358 0.113212635608402 0.0435543543193609 -0.0376091008238362 -0.121480311125402 -0.131534251214188 -0.060623418821182 0.0243460186871631 0.0257334893103835 0.0353645430699657 0.0030165593095241 0.00683366332576892 -0.0922074262257505 -0.184355685752017 -0.230026489212987 -0.231064645592068 -0.204742198369062 -0.0856172452198156 -0.0140983633616763 0.0544941844299804 -0.00287445278480563 -0.100852879947275 -0.240226013827255 -0.283880383115059 -0.332444270251587 -0.385267622482468 -0.393407073780292 -0.45833899651341 -0.545718303103145 -0.54271666205878 -0.484465123578336 -0.353339398571429 NA NA NA NA NA NA NA NA NA NA NA NA NA NA NA
NA NA NA NA NA NA NA NA NA NA NA NA NA NA NA NA -0.454251040588445 -0.403521089778814 -0.34163202688317 -0.160241098761502 -0.174937273374433 -0.201115352905601 -0.212241065217675 -0.139266088608936 -0.0582548140039692 -0.0292160366853502 -0.140209670083061 -0.220124334536341 -0.238356434147875 -0.20679553141269 -0.131836221223751 -0.0973528995522188 -0.0325195245959223 0.0316244315753565 0.0121644857910045 -0.0945682487859193 -0.107568075685764 -0.129912256561844 -0.0449375640094135 -0.0484864464026048 -0.0159145096887545 -0.0451057052199679 -0.0381675415683201 -0.0607939093519497 0.00572117102307563 -0.0285945850958237 -0.0198347242899709 0.0111802539259862 0.0182290136345037 0.121137898777541 0.237419584546683 0.206007014221067 0.157362451586623 0.0806511265242662 0.0914087075977958 0.0702336186370934 -0.0517126255153055 -0.14878526963183 -0.13378442690984 -0.0951846287408666 -0.00292668523527055 0.0647781514223476 -0.0232163272888439 -0.0508610083232056 -0.125086873479549 -0.266034017229241 -0.306109005861746 -0.323670195342207 -0.220558525315578 -0.163803664160301 -0.133281192431189 0.0159540113648111 0.0583593963187901 -0.00578627550924935 -0.0616492399000805 -0.169283111295288 -0.307351334861131 -0.351804459763075 -0.365473383443485 -0.352486508021364 -0.369088341527807 -0.442899436472769 -0.499412626685148 -0.54414360860957 -0.462147342988064 NA NA NA NA NA NA NA NA NA NA NA NA NA NA NA
NA NA NA NA NA NA NA NA NA NA NA NA NA NA NA NA -0.38528762076384 -0.396442301537708 -0.375354787584284 -0.157423901586558 -0.13416183321638 -0.224575449757026 -0.275795700790301 -0.233251906852113 -0.161533798541388 -0.111850047857184 -0.198140788686912 -0.233552426965889 -0.217485331041182 -0.171942658311652 -0.128481016148137 -0.0597354589942679 -0.0275032463801769 -0.00327780239308881 -0.0588916401645147 -0.155844474964304 -0.190488391346123 -0.15014608675282 -0.0890097428535318 -0.0710099124207684 -0.144338050393228 -0.130486721305342 -0.130604844677874 -0.210519607958914 -0.203607105627721 -0.137568131522016 -0.0492326060733857 -0.0513918207426534 -0.0471172656900652 0.0599730189482338 0.164938882004961 0.150333248835706 0.0476392203509079 -0.028303687682033 0.00238063075612696 -0.0542455741886833 -0.125636112712709 -0.120486456299155 -0.1239718371394 -0.0830726760035074 -0.0829891043712889 0.0238679171541073 -0.100396985955854 -0.119344635838475 -0.185393856813663 -0.275587848932387 -0.365994444879905 -0.40273749489749 -0.331321469339948 -0.236627034594898 -0.143512044250935 -0.0912606028959824 0.011841213948208 0.0187849343601206 -0.0520860483901933 -0.165954472420358 -0.298567669990297 -0.387783621201951 -0.368130276354262 -0.328314639224462 -0.287361399971655 -0.34238344815634 -0.41822845190864 -0.504187551600639 -0.459866226674895 -0.264968351636831 NA NA NA NA NA NA NA NA NA NA NA NA NA NA
NA NA NA NA NA NA NA NA NA NA NA NA NA NA NA NA -0.26952766135133 -0.363607630128566 -0.377807492895231 -0.177855139153078 -0.100549022234355 -0.246095898728526 -0.326024412403604 -0.296939170226822 -0.230445650916588 -0.204930934998079 -0.244665318876522 -0.252872072334753 -0.225729234708673 -0.183748533435346 -0.151153626745767 -0.115808173591347 -0.0696856551925755 -0.0589745614433561 -0.175610924028477 -0.233217201117744 -0.239573256032819 -0.204622406778649 -0.157485436538843 -0.128742837612945 -0.126611451671652 -0.165448311939817 -0.19742775121447 -0.230555634057651 -0.267545819623994 -0.240200662529545 -0.135585006999523 -0.139269579239596 -0.12792506420127 -0.058766905888716 -0.0250639184673147 -0.0298718421900171 -0.117563061590967 -0.152650957247102 -0.120500918267996 -0.168587388365914 -0.217278499922113 -0.21657101658658 -0.160688143609354 -0.152730436116921 -0.1750200756523 -0.126352482836523 -0.0962598222394957 -0.148214828235327 -0.159825344572141 -0.293441973005135 -0.374052702043402 -0.447222144013146 -0.397832381369583 -0.263557213502189 -0.219326151675366 -0.245728092861072 -0.199169014129594 -0.13192213360425 -0.138064269309305 -0.186200469587225 -0.277242915264357 -0.368302361177072 -0.400505278344754 -0.326901453847019 -0.256671852152368 -0.276023908304826 -0.376393833050457 -0.461815027856187 -0.440702281288419 -0.242195756784562 NA NA NA NA NA NA NA NA NA NA NA NA NA NA
NA NA NA NA NA NA NA NA NA NA NA NA NA NA NA NA -0.26117444220272 -0.33515551774974 -0.357455199297677 -0.25317277991505 -0.115109238663636 -0.207624912491617 -0.2849112020485 -0.272994242750072 -0.257295485661004 -0.252741697384124 -0.2782227749221 -0.270903022789704 -0.245494699061987 -0.25098886254444 -0.188243963248322 -0.20636244465923 -0.17842374201783 -0.227076682745744 -0.277764004519671 -0.297713711571816 -0.282350178689045 -0.226054291216207 -0.161311442724163 -0.0951750535546843 -0.0695729308899681 -0.138717687913548 -0.13381357443016 -0.222384909261807 -0.263071691043411 -0.24026909882631 -0.306332978848222 -0.239731247977982 -0.27759242375803 -0.196610706943364 -0.180092931271804 -0.273732865037861 -0.351732289619927 -0.312007291395104 -0.247091796724455 -0.2419151329654 -0.29422422950382 -0.281571192367088 -0.303108346202066 -0.219104411527279 -0.189125023945446 -0.176203701874835 -0.187326512220011 -0.212139464423619 -0.285736961940176 -0.373525007926563 -0.476196788221276 -0.538438657681742 -0.483927922068329 -0.405455583005755 -0.362726885211606 -0.382768724869784 -0.358126071822666 -0.307128048313663 -0.271940355631305 -0.300178050574573 -0.320839184978829 -0.422168656881863 -0.418165069806632 -0.393686795121225 -0.312783584507444 -0.261185965175192 -0.323719504065713 -0.427056597322285 -0.434744328571327 -0.195978013661733 NA NA NA NA NA NA NA NA NA NA NA NA NA NA
NA NA NA NA NA NA NA NA NA NA NA NA NA NA NA NA -0.226910187762601 -0.35150190589879 -0.387331358225395 -0.298319843319916 -0.17572185931402 -0.184877538363084 -0.213221047016011 -0.253128182834983 -0.26069578365485 -0.255334036289194 -0.274444730943442 -0.28781015521993 -0.273048578272671 -0.282877148243009 -0.281024442314614 -0.252859724175054 -0.27702152775016 -0.335881662007683 -0.348838086437482 -0.344399233751005 -0.278716374358993 -0.206235903531932 -0.167054269483241 -0.113955316496071 -0.102037267381579 -0.0915640346838014 -0.150471561739404 -0.200433076694892 -0.258449778326527 -0.27723576113869 -0.322657379388304 -0.363997216748553 -0.323696736937119 -0.379870842171228 -0.355364675124284 -0.373787587178357 -0.378417903018405 -0.294174130616575 -0.300160138359422 -0.342935871791903 -0.35217108643946 -0.398802618463411 -0.37659808766344 -0.271928445326129 -0.21847729803457 -0.262842984942303 -0.262775909142225 -0.287984501687196 -0.34511639153211 -0.447521397210873 -0.502906831144998 -0.549997764364359 -0.549552322958891 -0.486233787427067 -0.507259810254882 -0.514393253214075 -0.486573763600811 -0.429045768253846 -0.381658085519463 -0.363794816094838 -0.38486949903031 -0.461524402664566 -0.484285138469683 -0.466003943278615 -0.41059566753758 -0.340559748300374 -0.341464151208252 -0.437885497013626 -0.397076168538192 -0.122631086976607 NA NA NA NA NA NA NA NA NA NA NA NA NA NA
NA NA NA NA NA NA NA NA NA NA NA NA NA NA NA NA -0.184883691896831 -0.333346108209723 -0.423690446118887 -0.377402020958973 -0.275516306645091 -0.214454141362721 -0.194188457457439 -0.216829226584994 -0.247699105974692 -0.236043167150398 -0.293491765729616 -0.318575355400038 -0.351113980028094 -0.366445817079422 -0.341446580999395 -0.306377979516475 -0.324317544793534 -0.372943046728261 -0.385127460010295 -0.346209569210843 -0.308390538733062 -0.213122418090618 -0.186575083377157 -0.119632081929777 -0.141620570739319 -0.139327789572662 -0.18169430389813 -0.223528917114065 -0.235375168777481 -0.253316952415726 -0.302551147222835 -0.338349710912212 -0.344452592868921 -0.404159000293003 -0.420141804598548 -0.40244419696479 -0.385212053304713 -0.380031478123539 -0.393408534362138 -0.352396477757171 -0.394415047459039 -0.405477188983908 -0.359316651511471 -0.315175359804742 -0.315090786498326 -0.376907448367084 -0.338330278493025 -0.337032746363162 -0.37848667706636 -0.473950534813034 -0.53218409141795 -0.554042669775597 -0.542211799515814 -0.534247814270904 -0.565452253446509 -0.573733041139294 -0.577082145520495 -0.528480749056236 -0.455335306032311 -0.406269930202224 -0.44936865805572 -0.479372037700018 -0.497237514487737 -0.49473503789058 -0.44371900829137 -0.391357230626396 -0.398903610064726 -0.413374557808743 -0.352940201493952 NA NA NA NA NA NA NA NA NA NA NA NA NA NA NA
NA NA NA NA NA NA NA NA NA NA NA NA NA NA NA NA NA -0.383591734865061 -0.48779069909492 -0.407425175827969 -0.357005673773208 -0.258564439266524 -0.211847900286675 -0.244093548077715 -0.237103286709066 -0.251510909552542 -0.303665464072054 -0.367366500867506 -0.395102711559425 -0.416331573475914 -0.386056486515534 -0.340071396474526 -0.359617907858123 -0.399947974002912 -0.43463443414924 -0.409112555608004 -0.314543298751361 -0.239709242325988 -0.205081050143119 -0.196006462726154 -0.21558217913464 -0.24357242250182 -0.231213456545916 -0.20944818863619 -0.190618208319183 -0.276747641628826 -0.343214377740995 -0.383693900102239 -0.414366776154171 -0.504722334845626 -0.516780187562695 -0.487531058509925 -0.457734720664243 -0.430147908897246 -0.400154082668721 -0.432149756780028 -0.479108655565542 -0.442555153710876 -0.388776165656242 -0.374988864965952 -0.391865816092261 -0.397945707476205 -0.36561885699345 -0.356934950475987 -0.39168109685486 -0.468619241238691 -0.524729159054022 -0.537594212153506 -0.524757622643723 -0.537430116657612 -0.581775544760977 -0.593762638227749 -0.602796321746372 -0.564911531361274 -0.510808317043483 -0.468295268248155 -0.481647720536649 -0.517084404083154 -0.513921632154422 -0.507319322207021 -0.492717189517589 -0.483928765889606 -0.470853561223567 -0.452062761070078 -0.382665110028098 NA NA NA NA NA NA NA NA NA NA NA NA NA NA NA
NA NA NA NA NA NA NA NA NA NA NA NA NA NA NA NA NA -0.322850837440717 -0.352479125951028 -0.39180980469634 -0.339409588021469 -0.31457105726358 -0.287855827463754 -0.250890651836434 -0.237049585009627 -0.236263873452263 -0.312629834762694 -0.416918084324035 -0.43827671249044 -0.427321720360887 -0.399844374449624 -0.34458708353675 -0.373574868624746 -0.426088984369252 -0.451653684923884 -0.438723035775475 -0.351497966808625 -0.266966372928017 -0.225912120268758 -0.264660512286277 -0.278169731499322 -0.307893549581772 -0.271875591266557 -0.235294157329759 -0.228059639423581 -0.277969761750938 -0.343516708317865 -0.378064609934471 -0.462837552702056 -0.504622498711426 -0.536031552888209 -0.508185800556261 -0.474176682888475 -0.432078505889675 -0.463732477369289 -0.474215673448243 -0.502002369972407 -0.449453782656257 -0.433552387166562 -0.433870441426935 -0.433657670620539 -0.405569179372386 -0.378426178620094 -0.375364338790567 -0.386930067864102 -0.439870873501565 -0.458317551181217 -0.456768642747971 -0.470113797380629 -0.506250903823562 -0.575150135991312 -0.585977487573636 -0.589920955283175 -0.574191598564618 -0.521748758984834 -0.490888646692352 -0.487327539451158 -0.468649643532656 -0.464595702856837 -0.481309374874784 -0.508380083659867 -0.522432677738493 -0.52502169337682 -0.508859237020316 -0.445881541596565 NA NA NA NA NA NA NA NA NA NA NA NA NA NA NA
NA NA NA NA NA NA NA NA NA NA NA NA NA NA NA NA NA -0.404949859717945 -0.267274670407197 -0.339619690812935 -0.311648064775912 -0.367145864404165 -0.382296364611104 -0.276683122374165 -0.189158538029407 -0.179660145838489 -0.303283443805713 -0.388590814323355 -0.434685685833812 -0.405784099521453 -0.366502936687502 -0.329261556097466 -0.343377921324349 -0.406917451437405 -0.432893654651783 -0.440603921153818 -0.376572034127639 -0.279968412808192 -0.263125662022256 -0.30517151861696 -0.333519798882626 -0.351895946148513 -0.328299650417022 -0.232490035604243 -0.175208318331413 -0.213926325165661 -0.328039445043531 -0.383838345288372 -0.444249720630155 -0.47951421531851 -0.480953150648464 -0.449799067758427 -0.432718587436977 -0.426253430484785 -0.47310053148222 -0.487490131936308 -0.506415184979121 -0.485357519997787 -0.466438378922811 -0.459363186331259 -0.437984191214116 -0.411182324433487 -0.385171765646084 -0.395602006820292 -0.406323648565827 -0.43083260493792 -0.405207333212402 -0.412714361339577 -0.443549997902998 -0.514698001589447 -0.559288861792449 -0.564905370605045 -0.539741186233007 -0.532086944362341 -0.539433488671534 -0.522799651696967 -0.488260781729987 -0.435679944840749 -0.438875282853147 -0.492858437093174 -0.52702971900939 -0.51988750555165 -0.527229729864514 -0.525131301267007 -0.426640193957809 NA NA NA NA NA NA NA NA NA NA NA NA NA NA NA
NA NA NA NA NA NA NA NA NA NA NA NA NA NA NA NA NA -0.278228283519638 -0.255793420234111 -0.252304744963391 -0.268219978715405 -0.366216586752614 -0.425746103659509 -0.291580588689046 -0.169935390818021 -0.174323094493119 -0.27505110658935 -0.382403989120953 -0.410395478733963 -0.36988077825115 -0.333679194137724 -0.29326368957648 -0.303933730637371 -0.374066525697794 -0.425129786041126 -0.450005335260511 -0.389629311164362 -0.304827096237492 -0.289037016408431 -0.30362788624145 -0.350472354792097 -0.386812402609384 -0.356161827415953 -0.282971932587629 -0.153555816255625 -0.123007554143992 -0.239514680819358 -0.333761835002635 -0.36763471510157 -0.396805679025588 -0.420168686428353 -0.372516726692604 -0.367763299597259 -0.392804144203204 -0.456922557202716 -0.486514581141009 -0.511660592668329 -0.462221817003574 -0.431890559968068 -0.411876946737288 -0.393954800601775 -0.373811531080121 -0.36835230284918 -0.402379411224664 -0.441850055549929 -0.425541595243219 -0.41302812573219 -0.417159454313086 -0.491749243079866 -0.541864959094655 -0.566266270853775 -0.520171020368248 -0.491163262773607 -0.479187115998634 -0.506625913130336 -0.490707245235788 -0.48338864532685 -0.450733609160291 -0.465630767140254 -0.499940016382198 -0.543411518374971 -0.538058985991004 -0.544046614049201 -0.502519024986935 -0.447057069834135 NA NA NA NA NA NA NA NA NA NA NA NA NA NA NA
NA NA NA NA NA NA NA NA NA NA NA NA NA NA NA NA NA -0.150012427803674 -0.103256495559014 -0.210531195655034 -0.280103262173871 -0.354805002733558 -0.420733808104722 -0.313090298618639 -0.124730960258539 -0.084895691692442 -0.196514169275655 -0.31084884356871 -0.337480421900247 -0.27514087519982 -0.269571747468073 -0.221352224598621 -0.255599562117409 -0.335918972764127 -0.394129873436664 -0.439940928671081 -0.392595434822433 -0.321686816713872 -0.281492734557443 -0.283192286362224 -0.319928392449025 -0.334571784663942 -0.342249137596341 -0.279481246283751 -0.10911374963482 -0.0367192191749724 -0.12712429663275 -0.213611911276006 -0.224249694874027 -0.257139844421539 -0.266800971569929 -0.264960337774094 -0.302209310628506 -0.331021556817243 -0.35647487132773 -0.398193633629003 -0.439535449317329 -0.431620620239367 -0.366299879227146 -0.28281801691697 -0.218494540393612 -0.275032045739884 -0.309763386253535 -0.415084121121457 -0.44369154852465 -0.404021734449727 -0.407003575419738 -0.402257697185921 -0.462503679330349 -0.513394917187313 -0.512865566260688 -0.431534638092538 -0.361712140196232 -0.357912960867115 -0.377171014205178 -0.415217060809179 -0.426589177438289 -0.398202987385369 -0.398624014589665 -0.474443618925061 -0.543360254067751 -0.535057820193208 -0.524935170020667 -0.493958774512961 -0.403154754213286 NA NA NA NA NA NA NA NA NA NA NA NA NA NA NA
NA NA NA NA NA NA NA NA NA NA NA NA NA NA NA NA NA -0.126407904347337 -0.145697712199447 -0.207518857401793 -0.261939730622562 -0.305313308151126 -0.360786723237109 -0.248855679066713 -0.105614408239002 -0.0273416994369448 -0.132311702492008 -0.282663280205582 -0.286736713798047 -0.222470670636011 -0.174928556610512 -0.135691344984244 -0.134718944546651 -0.189086076955522 -0.250123674504611 -0.31815441983771 -0.33489350469862 -0.282584927571177 -0.27456311740492 -0.278805302685869 -0.252122959052449 -0.294075458011388 -0.301918245333422 -0.2096630831418 -0.0313907639755452 0.174180318988555 0.155247419218343 -0.0685982895951444 -0.0800749077817868 -0.0827120816524343 -0.0581675946072567 -0.128492723621705 -0.148143443926555 -0.236843893925232 -0.282070348719782 -0.361371860864794 -0.313770453264173 -0.259179696019103 -0.195010495884917 -0.112435859282983 -0.0295522120135085 -0.109280206043384 -0.271021269936471 -0.419646572583802 -0.424351356995199 -0.40310702362853 -0.401682888746816 -0.359810152326752 -0.404984373677471 -0.43868364216663 -0.419164827646643 -0.299425836352474 -0.232943228275349 -0.191569655689886 -0.216652458458895 -0.303664970727169 -0.313930445274151 -0.340378877170101 -0.349892781578593 -0.420930230818634 -0.498714030800521 -0.482186245334574 -0.429490446773238 -0.499645541336686 -0.43004350584179 -0.148811961654654 NA NA NA NA NA NA NA NA NA NA NA NA NA NA
NA NA NA NA NA NA NA NA NA NA NA NA NA NA NA NA -0.16211877136092 -0.113081972725947 -0.120428048266694 -0.26019501543597 -0.248873532198501 -0.24243006419755 -0.268743856815615 -0.21236731394787 -0.067341248189584 -0.0187479251416957 -0.120179872085117 -0.273820868519854 -0.340765519840634 -0.321516856671051 -0.191690280484881 -0.0805620896047119 0.0463459711910936 0.00491733334546243 -0.0500626914666046 -0.145508813406695 -0.222687970608541 -0.23738047607677 -0.276055280200427 -0.210349170847131 -0.181720482661299 -0.210135890350164 -0.22128179952777 -0.120423041603853 0.0083615754729401 0.275778624288892 0.29233954427493 0.10579919628769 0.0644837920836238 0.117775467066702 0.0527356887163245 -0.0699309930387775 -0.163542989301628 -0.263842717530624 -0.293054085614596 -0.280736257518515 -0.210156115214503 -0.0860518734369409 -0.016020454990366 0.111675595190402 0.132825112979929 -0.0247500150997392 -0.254935925125314 -0.361084584533356 -0.351268925706057 -0.368415310149485 -0.315940286944461 -0.338202979721566 -0.355669430156757 -0.37539345112707 -0.345887868972803 -0.222588920702122 -0.103824408413222 -0.0357260506621323 -0.095791819765885 -0.15351588503932 -0.212078451953575 -0.216427577108421 -0.259444372815932 -0.36028889169652 -0.4188159317781 -0.404467192233714 -0.424847036597254 -0.47451780521051 -0.434635862301329 -0.218512636950944 NA NA NA NA NA NA NA NA NA NA NA NA NA NA
NA NA NA NA NA NA NA NA NA NA NA NA NA NA NA NA -0.169945512051735 -0.0599567218186534 -0.173283314979298 -0.218480319538243 -0.16846409806146 -0.185107347584624 -0.252008732878268 -0.20403701874682 -0.0750329000189073 -0.0635142523324033 -0.153877459509012 -0.282090572613567 -0.380650207166222 -0.39938255189434 -0.29717244955823 -0.122342612207148 0.0836887739444123 0.15624697595739 0.062487408797577 -0.0376589427850419 -0.0737305176133603 -0.216508616711784 -0.230324457869226 -0.191763759245292 -0.0852974475973547 -0.0369139685472956 -0.110001155975584 -0.0958181438695672 0.075511017257266 0.204318538104794 0.227383035009755 0.161820687588392 0.135400362554155 0.0795334553486798 0.0260174342405855 -0.121366561194039 -0.209248705669231 -0.222006033836903 -0.268089222067734 -0.1884918186658 -0.0287328899960345 0.103797484062561 0.162842900463465 0.196061624620602 0.190785709285106 0.0334025435657592 -0.221201749975906 -0.330119796018948 -0.333421475630512 -0.329484395394977 -0.25905459263347 -0.267611907398111 -0.280804699912009 -0.299234185467152 -0.281491494863232 -0.177540041710885 -0.0399241168652351 0.0350059864025451 0.0162013253241418 -0.0315844052875728 -0.0696470905081188 -0.110674352516441 -0.191301506536842 -0.31813587878598 -0.383034958634911 -0.419264038425748 -0.374207713642508 -0.407228047958599 -0.305382120230498 NA NA NA NA NA NA NA NA NA NA NA NA NA NA NA
NA NA NA NA NA NA NA NA NA NA NA NA NA NA NA NA -0.208591815776969 -0.141404019654791 -0.183362740863106 -0.18117705780591 -0.140597508689335 -0.128907897997201 -0.246984489630967 -0.178993699891861 -0.111851927343652 -0.0876150412708025 -0.171672670330579 -0.25223829027215 -0.348582319943783 -0.394244592622222 -0.357442131330677 -0.171319190472533 0.0279742999475941 0.171578783804998 0.144698965495278 0.023973556363264 0.0189508902217607 -0.11431844300625 -0.241177670027404 -0.192840662497723 -0.090205380857944 0.0489976200594241 0.137318914466957 0.0779377791283715 0.181070659041381 0.267350235124666 0.261900121848164 0.233541208994797 0.156914156137369 0.108768372968082 -0.0129591843236511 -0.136946057782449 -0.197594848918113 -0.22458918048142 -0.163253328939307 -0.0447127539408546 0.0871101831017981 0.181330812029982 0.220796720831107 0.217852307119377 0.195238205891263 0.0409012817382246 -0.165954872436151 -0.29886860975003 -0.308940063153353 -0.270641595435625 -0.284842063207617 -0.245838937624223 -0.237513620251755 -0.192418981878933 -0.161621959396643 -0.0959263542227298 -0.00409508504220339 -0.0201121717043354 0.0608188856441079 -0.0325325983427383 -0.00582853494004449 -0.0817339357167082 -0.155385027062558 -0.266527476117465 -0.381058285555477 -0.428914105687804 -0.385549629852553 -0.338874521692112 -0.227905302230145 NA NA NA NA NA NA NA NA NA NA NA NA NA NA NA
NA NA NA NA NA NA NA NA NA NA NA NA NA NA NA NA -0.193061919128838 -0.0864783029288833 -0.213384536279314 -0.158734656047702 -0.0340681424076463 -0.0873917855801417 -0.200101563196615 -0.181858303259136 -0.103943530748703 -0.12148888252981 -0.189418632470476 -0.261421571365833 -0.303838955151082 -0.392482269789368 -0.360600507656878 -0.268590091744738 -0.0823733221457962 0.0108052796406179 0.0744113577403312 0.0115165309155993 -0.0359163959710337 -0.173279091198128 -0.231312858099974 -0.20297512823629 -0.00274868598602195 0.1625779891666 0.35099217945946 0.311900633700549 0.28191591596959 0.349328433327958 0.387871958606788 0.316848798057885 0.251337576576411 0.173088501951675 0.039379131439839 -0.0902272974724486 -0.179326824017177 -0.146449355260865 -0.0568751184713249 0.0943159066419022 0.168882873580541 0.226213460575489 0.232335916379183 0.168921476086522 0.134457663696508 0.0673116482407873 -0.0197291132217554 -0.244620479615067 -0.243799477810401 -0.212937922618962 -0.214465824545885 -0.213679894219291 -0.168311205577394 -0.158774784035817 -0.19999591239498 -0.109689126436691 -0.0508153117041044 -0.112169278647678 -0.130785481462284 -0.127400965833817 -0.127316757538708 -0.158240051072183 -0.195942891738866 -0.285844013999337 -0.357979209660761 -0.411044688546246 -0.400608774423585 -0.290182286575544 NA NA NA NA NA NA NA NA NA NA NA NA NA NA NA NA
NA NA NA NA NA NA NA NA NA NA NA NA NA NA NA NA -0.154008637903165 -0.208403119682295 -0.178200668732997 -0.088007903030538 -0.0149766324443922 -0.0109077142487873 -0.134471315955022 -0.121166645324532 -0.0872782441382891 -0.126891657753151 -0.173142521489854 -0.227783827341621 -0.306732775112738 -0.368185304540527 -0.338666658425317 -0.263099651835906 -0.219801211556347 -0.139262141017946 -0.124779791481457 -0.018827279538747 -0.0691668449785557 -0.0970964591253928 -0.211371577646493 -0.234404341602027 -0.0300380284055014 0.21981707291246 0.479532798284534 0.41099675007021 0.400571196729522 0.314613141413969 0.336026388876432 0.249433596154218 0.223802913684309 0.0975546834146719 0.0444904733547875 -0.0325341216093258 -0.0696379101650328 -0.0595693331055895 0.0860014660930268 0.183844320505101 0.244381362811933 0.297001227776177 0.216102624567412 0.146631141999501 0.0913854051957546 0.0694374954582035 -0.0161301676805415 -0.162482555719777 -0.230637875790617 -0.201908630044443 -0.17542520403821 -0.155601320815601 -0.129195763330722 -0.128932872971544 -0.123999498431619 -0.158853165522057 -0.17864557843768 -0.230807460412545 -0.28090819277588 -0.252827908773851 -0.257485823957675 -0.254893585772152 -0.204061260347922 -0.234058291565861 -0.300167001640346 -0.378114888587746 -0.456769067571809 -0.297051240470054 NA NA NA NA NA NA NA NA NA NA NA NA NA NA NA NA
NA NA NA NA NA NA NA NA NA NA NA NA NA NA NA NA -0.123679527884225 -0.146240767990733 -0.163090530750085 -0.162789451402095 0.0102503333125842 0.0326449301577551 -0.0466064681485417 -0.0369328284102137 -0.0523751606306079 -0.034276584962969 -0.131274879601511 -0.216047379786562 -0.28925535953292 -0.35286640238978 -0.372399040788839 -0.315576937201982 -0.294093601566207 -0.215181534129892 -0.17875958367154 -0.0397729339152696 -0.104780479362431 -0.149477153910316 -0.22662675209083 -0.1650233272494 0.0589494048841551 0.351019984808407 0.479514317205313 0.461210239353322 0.462261706289804 0.358605387251446 0.299797629625801 0.151027049545712 0.0600884792691644 -0.0477050568776071 -0.030269226801895 0.0584951416781144 0.0941773073500173 0.170921577878438 0.2551002008557 0.284291088091743 0.322209283822662 0.35559741683779 0.254421697166532 0.159335790144905 0.10645181134359 0.0886048496779879 0.0506392124004332 -0.0443150848923248 -0.152346323072267 -0.150539764581857 -0.128681835429179 -0.0864688224692206 -0.127827306742387 -0.173254558040663 -0.18991032847323 -0.163493183675642 -0.193993258367694 -0.268008334146712 -0.275959430064416 -0.313296082693752 -0.310590100034021 -0.303714351041185 -0.236343482480028 -0.171159879677431 -0.211646884812138 -0.394304425228839 -0.477894130520151 -0.417775708179465 NA NA NA NA NA NA NA NA NA NA NA NA NA NA NA NA
NA NA NA NA NA NA NA NA NA NA NA NA NA NA NA NA NA -0.132111714102654 -0.183970184625381 -0.182314794019796 -0.121796810906116 -0.0489619358123928 -0.0167039498151053 -0.0104774406495153 0.000950843678491091 -0.0112886265149962 -0.0943948046460948 -0.200604126434428 -0.302976237384649 -0.402683165478271 -0.380975732672276 -0.316178693005555 -0.29112617303623 -0.258043300616096 -0.213744515418852 -0.0188561097322986 -0.0139753890953539 -0.0845369053921455 -0.131973501468959 -0.0707177190280715 0.118494071252509 0.402037498066114 0.477102828904721 0.390169909733809 0.351703446435374 0.300911642900602 0.18249965703566 0.0341719598247538 -0.115346620581623 -0.127716204638655 -0.0562604533305148 0.0502555705764424 0.134871316811983 0.256424131906077 0.333674393746417 0.365791616946158 0.308333364911811 0.340722156535726 0.271498469628535 0.191697359759002 0.126332966439101 0.0949321219054662 0.0572491828417259 -0.0432631194054089 -0.0980685166627986 -0.106802470292176 -0.0752541710113983 -0.0711829807670012 -0.122774709974059 -0.167877776718553 -0.17895808253219 -0.175655971545553 -0.142997212436073 -0.158770412731706 -0.180947926958491 -0.322146825592852 -0.357819698722794 -0.30288664993854 -0.228810048603249 -0.154429873825921 -0.166665132738102 -0.387166779333366 -0.510414216365519 -0.487393310309785 NA NA NA NA NA NA NA NA NA NA NA NA NA NA NA NA
NA NA NA NA NA NA NA NA NA NA NA NA NA NA NA NA NA -0.155747392805554 -0.239896815653047 -0.325678461364517 -0.241799037615215 -0.121394903625437 -0.0685254922532634 -0.157235071613851 -0.115000041377182 -0.0842896896226847 -0.115030567701295 -0.19934487515174 -0.272707626575819 -0.371403879993747 -0.39699215435411 -0.351740518898004 -0.345650688797346 -0.234262966403406 -0.144336285368931 0.00379934136739995 0.0760703792576032 -0.00600108038713136 0.0456884474862964 0.138747077062755 0.193478337097735 0.292137016120269 0.321783164858056 0.297166266395009 0.248825317977167 0.177048779666795 0.122636872497056 0.0351989156251915 -0.00516394274197462 -0.0176251912007452 -0.0410800428292848 -0.0228670973991873 0.118177774651381 0.266867787160942 0.320698000495887 0.352512831548177 0.30929893543299 0.245896405809416 0.21643336934717 0.17765914281954 0.119352186554311 0.0528084430141284 -0.0315262256212544 -0.118627555397375 -0.0723558399269865 -0.0440548687140112 -0.00070815389524611 0.0125845852952825 -0.105902982777316 -0.117291175085485 -0.135368000133542 -0.0880595953435733 -0.0896904521378726 -0.066919787838912 -0.124433211670956 -0.30348562255315 -0.381236520520128 -0.364040518052296 -0.233851734924553 -0.144246739541638 -0.212395598293681 -0.375315938825105 -0.52287614616895 -0.535786229062111 NA NA NA NA NA NA NA NA NA NA NA NA NA NA NA NA
NA NA NA NA NA NA NA NA NA NA NA NA NA NA NA NA NA -0.0429224152217385 -0.270483695970817 -0.388862208258255 -0.277243854080694 -0.109294291826501 -0.0808991190441156 -0.19908978867216 -0.220305680029854 -0.158039612960178 -0.132981122157028 -0.139110311704681 -0.222710036830649 -0.241513119478192 -0.287762233040294 -0.353738315683317 -0.245697545412368 -0.151489695644234 -0.072919352933186 -0.018854846195396 0.108383224258869 0.173254829176954 0.260541402413556 0.387834593118014 0.310962377106808 0.243379809499854 0.181218976515013 0.122984762395241 0.0692592634773525 0.087751437669637 0.136021622698516 0.14286624456237 0.114123403659294 0.117324749120888 0.00463859227391613 -0.0325559929991759 0.0577450362998437 0.160215401380057 0.259652761798799 0.280505437873186 0.184831334189698 0.113770732214512 0.122556066614237 0.12154309842801 0.106895139004763 0.0359888412708875 -0.112017981799966 -0.181041101896479 -0.144032072883031 -0.0810884473357091 0.0116494725182779 -0.0491241548469696 -0.133302904845092 -0.184932395851092 -0.0942734074740532 -0.0592871748935749 -0.00288079468137198 0.0192157174312519 -0.0764299601472033 -0.257140697726935 -0.376468758038031 -0.333264419353821 -0.243326782169673 -0.20507776669136 -0.261792952135121 -0.416330627370154 -0.504359719386471 -0.456981775331937 NA NA NA NA NA NA NA NA NA NA NA NA NA NA NA NA
NA NA NA NA NA NA NA NA NA NA NA NA NA NA NA NA NA NA -0.315220579212248 -0.352119004515477 -0.282538347217944 -0.191717031793981 -0.160292976868626 -0.223326020719314 -0.312785752063417 -0.288829879790058 -0.161591480780633 -0.103798922196364 -0.0976591529567064 -0.135140295140487 -0.141015826105815 -0.10863863103007 -0.0575783601970475 -0.0481243466476657 0.100173358948861 0.162860599087937 0.280396022074988 0.300895049787501 0.411390889859424 0.444681502937559 0.324905238088815 0.120947520122721 0.0625193048984952 0.0309417274766322 0.0411633435696226 0.0738611685874561 0.138362054033248 0.112788344278763 0.159612741779662 0.143985440452012 0.0866332878817849 -0.0430163564050953 0.00749990164274971 0.120457316518901 0.206616406435986 0.218188237446312 0.113500351036459 0.0324623539323796 0.0417150398516 0.100253404912155 0.140776808695973 0.0416050852789661 -0.102950989796285 -0.263578140381283 -0.228211815612339 -0.154038035749972 -0.0654287888626018 -0.0721705705046783 -0.145219705989951 -0.220207333342267 -0.115722991118059 -0.0139663376856254 0.124480045478446 0.0408953768937636 -0.0533026233146182 -0.206563095428582 -0.306152896994846 -0.309681565567466 -0.273526218390648 -0.277402097174154 -0.322992180246212 -0.437012560515233 -0.455908453450155 -0.411535657247454 NA NA NA NA NA NA NA NA NA NA NA NA NA NA NA NA
NA NA NA NA NA NA NA NA NA NA NA NA NA NA NA NA NA NA -0.293293034633458 -0.380378252840991 -0.30569690403244 -0.269801970220154 -0.231032140852841 -0.286904558355389 -0.375175602225857 -0.335245752268661 -0.240835258451173 -0.1214897872871 -0.0605943721105914 -0.0422257579406731 -0.077716296620443 0.0143813068198871 0.0836113237526898 0.147940977938182 0.160606875690401 0.227647632533129 0.369877838879469 0.486628967371963 0.533851908409743 0.496472825198243 0.395635998935988 0.140616973173694 0.0160507499008455 -0.016685025127383 0.0247381620154704 0.12027359916867 0.140501032923986 0.154933533341733 0.180970917092938 0.19085117535619 0.0770617582328141 -0.0237266232967184 0.00810707928074446 0.0655346733028062 0.149767719342506 0.163488854475875 0.0873605856431354 0.0317542041134738 0.00172317646639204 0.0650651115365706 0.122989524628249 0.0819039280542739 -0.0592621515154221 -0.196602272802025 -0.230192627580089 -0.220638180341788 -0.163613270628022 -0.0837458295200076 -0.216395259320809 -0.202960069857449 -0.0928301764967405 0.089623848827606 0.162618788316876 0.0589616437877585 -0.074125580284127 -0.201989388297591 -0.300498760299447 -0.31020652731038 -0.290236406342612 -0.332422985875823 -0.362710449431698 -0.406818620358663 -0.387892872014556 NA NA NA NA NA NA NA NA NA NA NA NA NA NA NA NA NA
NA NA NA NA NA NA NA NA NA NA NA NA NA NA NA NA NA NA NA -0.398416988603706 -0.348187973602549 -0.310301471827333 -0.334564047849938 -0.367710743521746 -0.395710942598237 -0.34660363249115 -0.165344353456366 -0.0389001705683369 -0.00151752220276393 -0.00692300528207546 0.0286134824932685 0.0878974985547072 0.179853366628918 0.18653491513092 0.27398999798535 0.41408086038745 0.500336450828331 0.538863704913547 0.540737445244959 0.550114880032959 0.43819116751093 0.255990954100562 -0.0175437791656228 -0.0585344446173692 0.0302889857741275 0.12772409187061 0.1499365098794 0.125166145615129 0.123376226231813 0.162033888653299 0.120870611792157 0.0207285008265859 0.0262985172802424 0.066967318091027 0.0914393331303659 0.128420149238134 0.100168560381178 0.00953346322617989 0.0338608415029151 0.113682259478195 0.173057847577486 0.110209851391146 -0.0162672917835614 -0.233322175585797 -0.338480018977905 -0.303237409564572 -0.247051002843479 -0.159582265753692 -0.254959402888925 -0.180140820941531 -0.126567983360878 0.0457152998190685 0.100687902462403 -0.0352414083372015 -0.188134901824859 -0.25267782888088 -0.300953771726581 -0.322848285943281 -0.396863226996027 -0.407556477789493 -0.403840834100334 -0.373964795477639 NA NA NA NA NA NA NA NA NA NA NA NA NA NA NA NA NA NA
NA NA NA NA NA NA NA NA NA NA NA NA NA NA NA NA NA NA NA -0.318836099922015 -0.353411947025375 -0.344046129540599 -0.346600918351486 -0.386401679038864 -0.356513298000576 -0.273493914178553 -0.153155989163244 -0.0504182977994828 -0.00541095757868564 0.00226498539711032 0.0392684705950611 0.0856143240022287 0.211448875660263 0.217400152285269 0.281289417578533 0.369675418195041 0.529742754575803 0.602172954646491 0.609052815581955 0.516157012616159 0.464276050733146 0.351361201033553 0.159421876665782 0.021935710731012 0.0600523965251429 0.152199035040658 0.0827327562775203 -0.0261768134606862 0.0359363254353636 0.0922882041946662 0.140730998727729 0.108817809728871 0.126855156908825 0.0412351663150446 0.0694542752523727 0.0387004238003605 0.026864039202782 -0.0335289933824122 -0.00618400367235491 0.115035380011825 0.199670517297087 0.170817750612916 0.0279543295937804 -0.117660520722272 -0.25557686993993 -0.307376486213674 -0.247765621403537 -0.237557314784475 -0.228806205312025 -0.226789695496775 -0.152666925082036 -0.0402013378921566 -0.122070897023761 -0.149519225173157 -0.235255270098746 -0.295959392140195 -0.345272661729489 -0.421414905564137 -0.486481431037528 -0.451583470413862 -0.389781160596968 NA NA NA NA NA NA NA NA NA NA NA NA NA NA NA NA NA NA NA
NA NA NA NA NA NA NA NA NA NA NA NA NA NA NA NA NA NA NA -0.186882576288098 -0.32412271100388 -0.36902219215584 -0.31359924758957 -0.289694195016818 -0.261577300563542 -0.21531030410413 -0.0978679343285467 -0.0213862853297767 0.00748384837400393 0.00854833485937172 -0.0282280858731749 0.0583981359254822 0.197693554657417 0.260949312425163 0.336212285688814 0.456909495714423 0.534127545086733 0.561362176200604 0.584133592638042 0.493579215831196 0.534274886567147 0.421907816216003 0.268437241967728 0.179674573547557 0.123000357144374 0.0787853289042479 0.0294813119555466 -0.0850559669976841 0.00155626488172018 0.109735226252556 0.218820912220503 0.265635983006896 0.194126564415514 0.074777604515451 0.0345173018871403 -0.0153704461362963 -0.0843203488419376 -0.122982414261449 -0.0598941560481233 0.0440846740551668 0.145125148068277 0.128683559562028 0.0459885506513369 -0.102590496107581 -0.267842591757721 -0.256380192783486 -0.247458463136219 -0.228172812160299 -0.221963252265026 -0.222511418496156 -0.178791495497553 -0.309425269297304 -0.387441303742436 -0.379954107922833 -0.345253896507495 -0.297549575896467 -0.366293326683299 -0.494642068067036 -0.547922723230957 -0.489282844696367 -0.343726475374777 NA NA NA NA NA NA NA NA NA NA NA NA NA NA NA NA NA NA NA
NA NA NA NA NA NA NA NA NA NA NA NA NA NA NA NA NA NA NA -0.259598793469339 -0.306888510170058 -0.317679613232908 -0.255060565546175 -0.154653801036826 -0.143327959784841 -0.149130042850478 -0.0656398571669902 -0.000795901913385895 0.0303084245043031 0.0139732379966879 -0.0469740145357908 0.0193822343297384 0.0722775112815543 0.225245472085202 0.356473982694874 0.48476562566949 0.574928285430042 0.549224094016669 0.550438158463576 0.398612291588886 0.534946967261521 0.569470305850675 0.414601981110294 0.342371220733757 0.151319498035978 0.0513896715207327 -0.0578182240584578 -0.0803217749014384 -0.00073715549259573 0.137961081860204 0.235139917605759 0.24445599767613 0.144947207645271 0.0543190508370296 0.0215376884536483 -0.111955689469661 -0.166206856459408 -0.182058415411887 -0.176928398637619 -0.0135554823877339 0.0711055825895571 0.112168254357801 0.059141477104869 -0.068839769992952 -0.178293980596416 -0.231244631487684 -0.223769607951418 -0.212979250366131 -0.185641237419626 -0.19022532812416 -0.175914319526522 -0.383728293197872 -0.511884331372298 -0.483145669033055 -0.422757505962828 -0.323228285846706 -0.397394728116589 -0.522949678798255 -0.54672147302632 -0.446895966779936 NA NA NA NA NA NA NA NA NA NA NA NA NA NA NA NA NA NA NA NA
NA NA NA NA NA NA NA NA NA NA NA NA NA NA NA NA NA NA NA NA -0.332325215318761 -0.250502942969369 -0.19012578537626 -0.139217427252676 -0.0952027900812379 -0.106753177335153 -0.0611516902299682 0.00272523631606499 0.0343104563418956 -0.0701870773725128 -0.0744442744026538 0.0171232748920077 0.0776258940313047 0.217591731222106 0.344214079549821 0.425735796357734 0.525347056020918 0.538170157898388 0.531362420781073 0.386027604736551 0.488819418872865 0.58643581374273 0.578401310077824 0.434191767336892 0.208087134475982 -0.0508302018016141 -0.0941343852902943 -0.0542479470512989 0.00683714350955784 0.15638075797186 0.302928795959812 0.289226500768218 0.0595005861017932 -0.0423754005668878 -0.0797649289299059 -0.103696462082268 -0.161647875666284 -0.203321670559268 -0.173093783719381 -0.050461465916983 0.0168951232917682 0.00270362058785523 -0.010748279133224 -0.0600481390566876 -0.193860788790203 -0.218253743115964 -0.18665681174023 -0.217737774625215 -0.15911043518267 -0.12120628801847 -0.185008129214736 -0.404089973453466 -0.522009093961577 -0.507617975145057 -0.449956151488882 -0.351173040091017 -0.433744658273956 -0.540405107353561 -0.525649853435409 -0.439856594255408 NA NA NA NA NA NA NA NA NA NA NA NA NA NA NA NA NA NA NA NA
NA NA NA NA NA NA NA NA NA NA NA NA NA NA NA NA NA NA NA NA -0.205188738207906 -0.229158945466141 -0.171379069906608 -0.125768672092905 -0.0972130059655038 -0.0564084965206543 -0.0613133278148977 -0.109264771798187 -0.126954289650682 -0.180510721259365 -0.107610392470708 0.0230370675882324 0.190055495832773 0.320593522334865 0.368873027456631 0.374019462379269 0.487787376345599 0.53022781149082 0.519874314280304 0.360205824203178 0.541678672961256 0.508302238077968 0.586026269889037 0.442373614315114 0.150335860228613 -0.121301254572135 -0.193543657764876 -0.111314377065176 0.0695078649455887 0.177686456841021 0.19896388889772 0.226427871084142 0.00492838821369338 -0.116597898790294 -0.178419418374541 -0.170044800927639 -0.183477410113706 -0.158692946820989 -0.144269632655899 -0.133317153965319 -0.051937771899069 -0.0379823556496665 -0.0547953011796831 -0.050864613199477 -0.107203762131533 -0.203570954212214 -0.19554422736052 -0.220527895135285 -0.171207228788448 -0.0634051506767729 -0.171653190902179 -0.458415820143404 -0.569977964117989 -0.529000754589093 -0.471938703517247 -0.395068952355102 -0.402621050630284 -0.438978804528052 -0.373020587146895 NA NA NA NA NA NA NA NA NA NA NA NA NA NA NA NA NA NA NA NA NA
NA NA NA NA NA NA NA NA NA NA NA NA NA NA NA NA NA NA NA NA NA -0.19837454098805 -0.250340281971837 -0.168533630302583 -0.120563970483079 -0.0801353850797522 -0.102376934403542 -0.17455292977733 -0.222276813393733 -0.215560818123378 -0.126068437456814 0.0791648219741283 0.375976464544594 0.426542504225009 0.458720276491116 0.401738278933939 0.377207765429339 0.406947281077268 0.458629190991284 0.423544192075241 0.432578487817204 0.441202557256973 0.437757043112877 0.386684089595772 0.0362718656363289 -0.223007973118612 -0.220112046390888 -0.0940671063221887 0.0949397500076599 0.219508681485991 0.243734746180149 0.214403370509207 0.00533149240583694 -0.079861729606826 -0.214886909920374 -0.132625217724394 -0.088169754809497 -0.0763657491447141 -0.0862113543323907 -0.0928232520077874 -0.164554815807923 -0.0902732435983185 -0.0674831570721814 -0.0642684217362332 -0.148687323116791 -0.200762517306841 -0.211158152645169 -0.245500102819454 -0.164521677599665 -0.0895572699273131 -0.216504329164303 -0.505654666882605 -0.582442089313469 -0.530151372243309 -0.469169690056869 -0.399896970785295 -0.344322285549761 -0.348566943170247 NA NA NA NA NA NA NA NA NA NA NA NA NA NA NA NA NA NA NA NA NA NA
NA NA NA NA NA NA NA NA NA NA NA NA NA NA NA NA NA NA NA NA NA NA -0.176783115687174 -0.189958446492635 -0.176623627408966 -0.128786467787968 -0.1471426238426 -0.215894176201204 -0.249129340652069 -0.260360975534531 -0.163562129747902 0.134761968576407 0.439022094302033 0.511620543871885 0.409820679280081 0.312175412141562 0.213908804949714 0.21897916400733 0.272484730358825 0.278833773924324 0.2887055162544 0.267564012557348 0.34188904292434 0.292865932483884 0.0269289701056556 -0.248717437582991 -0.22295505378526 -0.0999676687033518 0.151519724103638 0.321456729321998 0.309898843104388 0.21438415024381 0.00192093285766975 -0.209893724191409 -0.28211776412991 -0.208132774593228 -0.112418227822706 -0.10217228910366 -0.0965845627982563 -0.14916199741577 -0.155890068398556 -0.132066681938521 -0.105027800646703 -0.0771555965853478 -0.0814887543826705 -0.156247546035573 -0.215402716136436 -0.24838193694901 -0.215710325563475 -0.173653270530697 -0.35104789081849 -0.55055077419093 -0.584637195923913 -0.527905222540801 -0.40454064711532 -0.320243196573678 -0.279107489469641 NA NA NA NA NA NA NA NA NA NA NA NA NA NA NA NA NA NA NA NA NA NA NA
NA NA NA NA NA NA NA NA NA NA NA NA NA NA NA NA NA NA NA NA NA NA NA -0.23465940061345 -0.189519737540658 -0.163224720398813 -0.130862558344594 -0.199093465415417 -0.267450155235628 -0.283590821441719 -0.17244768567449 0.0251212048216089 0.394022743160768 0.492244432082228 0.392627535935787 0.218439696565424 0.0376303962488192 0.0433006282508785 0.0399328468055401 0.0532238545851159 0.0524421083183235 0.156174051236656 0.267541985152714 0.269228905438819 0.00846346587254432 -0.228822422696359 -0.277787583790771 -0.0598255029191825 0.162107861793302 0.360439108905731 0.287405544846551 0.200483190027481 0.0193078727553824 -0.265583315647281 -0.34530040215599 -0.301722433618164 -0.0695384663926034 -0.0294401403081275 -0.090918056473909 -0.147773528627459 -0.213903808262422 -0.193879134177799 -0.138005761494985 -0.110561229081344 -0.109959061643315 -0.157691740371638 -0.252477231601864 -0.331474437147346 -0.292455429509277 -0.340290320354684 -0.459422830146444 -0.547283030318453 -0.581983171521183 -0.504046757493963 -0.346078773659947 -0.253712499482014 NA NA NA NA NA NA NA NA NA NA NA NA NA NA NA NA NA NA NA NA NA NA NA NA
NA NA NA NA NA NA NA NA NA NA NA NA NA NA NA NA NA NA NA NA NA NA NA NA -0.192552957575683 -0.165774529309366 -0.152969670401319 -0.180967693984491 -0.220022204750895 -0.225398565540058 -0.149958587162082 0.0550663366355944 0.278441302604547 0.445321286957278 0.307984596586463 0.104761540429418 -0.024396310220138 -0.180994422140223 -0.19784273037954 -0.186846603312936 -0.0621869486747929 0.0743937551993239 0.199476582250389 0.309722542353521 -0.0692225701032586 -0.273811561557716 -0.250925188549515 -0.0853103079666382 0.18231502101576 0.359052984612597 0.351829596952044 0.178359482044169 -0.0383538294049663 -0.244165523281912 -0.430548432168577 -0.356560099933516 -0.135923159748354 -0.0725930082366914 -0.138654965573902 -0.216420924618772 -0.301522772436466 -0.269422965751823 -0.18123834102949 -0.178647853326256 -0.184563659688145 -0.182584520954606 -0.28346049170915 -0.381276480847323 -0.378072649074261 -0.36783330904918 -0.480142524554567 -0.508412947383977 -0.511065791529772 -0.419419397274538 -0.298509443941919 NA NA NA NA NA NA NA NA NA NA NA NA NA NA NA NA NA NA NA NA NA NA NA NA NA
NA NA NA NA NA NA NA NA NA NA NA NA NA NA NA NA NA NA NA NA NA NA NA NA NA -0.191412031882679 -0.192139032148296 -0.260284049473185 -0.264856377019191 -0.200422879283595 -0.138119221839223 -0.0508672740465784 0.119131945729661 0.263586208819729 0.158847917027276 0.0111075705852915 -0.159978709444993 -0.244243561775963 -0.240370077705109 -0.247460608097108 -0.196510658805009 -0.0715374659836116 0.155198474553407 0.209088270191533 -0.0142398343620503 -0.221363415837374 -0.304364483778401 -0.10581961405307 0.163720251645331 0.262583860652063 0.285376286020178 0.202725667512819 -0.079444055031963 -0.276925710291107 -0.448726975470094 -0.372622701523118 -0.148909468253367 -0.0920052172284543 -0.185613728856551 -0.26408597741495 -0.349018507918818 -0.323361189766161 -0.226023282960193 -0.245056128006892 -0.273472504362622 -0.27536346769111 -0.316177511282355 -0.323890778530124 -0.370057776095179 -0.39824790816172 -0.48523676288441 -0.455005686187996 -0.433623595408005 -0.370263246031101 NA NA NA NA NA NA NA NA NA NA NA NA NA NA NA NA NA NA NA NA NA NA NA NA NA NA
NA NA NA NA NA NA NA NA NA NA NA NA NA NA NA NA NA NA NA NA NA NA NA NA NA NA -0.270426320948891 -0.319164817751114 -0.35802791275338 -0.262689511850536 -0.214044483302973 -0.160986630378887 -0.04522864597476 0.0112512649909735 -0.0375720675745734 -0.121775022697564 -0.221090523551086 -0.2925029913968 -0.303397658485227 -0.331404186880385 -0.183625625372102 -0.0634537790825078 0.0132208187358073 0.0402099538972799 -0.188225703135919 -0.308266253067945 -0.324059048132119 -0.155990530250272 0.103502005760708 0.183344982020877 0.226454362140679 0.110353276354329 -0.0941524877436444 -0.243096496885309 -0.406417158854088 -0.418719295537278 -0.211269279372365 -0.130070466346882 -0.197337385551114 -0.279754579151871 -0.351134021258139 -0.375704759488235 -0.311440070213724 -0.29431459386053 -0.347608282113644 -0.361077769018092 -0.349975527700329 -0.322365410450202 -0.315162457537374 -0.349928623678313 -0.373083679385617 -0.384310768623386 NA NA NA NA NA NA NA NA NA NA NA NA NA NA NA NA NA NA NA NA NA NA NA NA NA NA NA NA
NA NA NA NA NA NA NA NA NA NA NA NA NA NA NA NA NA NA NA NA NA NA NA NA NA NA -0.254549320206007 -0.293026204240992 -0.343062402488827 -0.40837853904171 -0.351067779802621 -0.273276969526385 -0.179619484210859 -0.164059179713945 -0.182708199598802 -0.209925256389981 -0.26758327871355 -0.295066180136079 -0.333874671853328 -0.30643969792325 -0.215594235912493 -0.118667319290064 -0.0953741279692717 -0.134492641976837 -0.308686417830407 -0.426284893445165 -0.44986646911675 -0.295009194933422 -0.0895654109130557 0.00818848342591555 0.0193736449063075 -0.0173998543239234 -0.140954185794799 -0.282242765037861 -0.409733319809367 -0.410999301919239 -0.29019592211936 -0.181447684174613 -0.182720462839086 -0.295658880021202 -0.422363170513485 -0.440957782038972 -0.413826465127472 -0.43034793286373 -0.42832767771327 -0.410998611778125 -0.35068097637906 -0.262746470704912 -0.252447343706979 -0.313412437212396 -0.283707225597822 NA NA NA NA NA NA NA NA NA NA NA NA NA NA NA NA NA NA NA NA NA NA NA NA NA NA NA NA NA
NA NA NA NA NA NA NA NA NA NA NA NA NA NA NA NA NA NA NA NA NA NA NA NA NA NA NA NA -0.333233181620065 -0.387050503414155 -0.438995360728473 -0.389628627923213 -0.311023224863601 -0.318940680170673 -0.225568010391978 -0.176706375695483 -0.208702630827694 -0.241924055518434 -0.302383092731585 -0.317130753253822 -0.223534692647902 -0.09591043361895 -0.0363433261596642 -0.18615635417851 -0.306011119204482 -0.393521778924001 -0.491702676423222 -0.384989200980178 -0.190950035001024 -0.106843066397115 -0.0869445150283194 -0.117865054632776 -0.213099347238213 -0.265714212364055 -0.396720894988555 -0.371814027856879 -0.305509129883203 -0.204096185562203 -0.15023470188998 -0.221679780211623 -0.371692145401002 -0.458424569024367 -0.488227183639642 -0.505777931616398 -0.489368347247018 -0.486111275135568 -0.370886383850659 -0.216492074128765 -0.209993088399294 NA NA NA NA NA NA NA NA NA NA NA NA NA NA NA NA NA NA NA NA NA NA NA NA NA NA NA NA NA NA NA
NA NA NA NA NA NA NA NA NA NA NA NA NA NA NA NA NA NA NA NA NA NA NA NA NA NA NA NA NA -0.3437326749577 -0.473237284156257 -0.495153489803721 -0.4592946899232 -0.415135256629388 -0.336561978792535 -0.187583811025697 -0.158266912203502 -0.172041054189622 -0.197823613275778 -0.278728299652757 -0.251891207135461 -0.0956341306169377 -0.0183757582278604 -0.180365761701887 -0.298827007377341 -0.390592887346499 -0.416520964867512 -0.366830168201116 -0.276144758018244 -0.160543151895789 -0.132716370137239 -0.241065436854388 -0.282307300895041 -0.340287106849646 -0.371596655153826 -0.337789987422298 -0.260725463656529 -0.178320101412171 -0.133162814998129 -0.21177864606096 -0.322803780748191 -0.43148024673095 -0.460041580978763 -0.513047349858891 -0.514586385679575 NA NA NA NA NA NA NA NA NA NA NA NA NA NA NA NA NA NA NA NA NA NA NA NA NA NA NA NA NA NA NA NA NA NA NA
NA NA NA NA NA NA NA NA NA NA NA NA NA NA NA NA NA NA NA NA NA NA NA NA NA NA NA NA NA NA -0.455643626857877 -0.472233544399987 -0.494977575110006 -0.535954541955477 -0.429717400276335 -0.273494729405757 -0.188039164167685 -0.157121196479894 -0.140980246175344 -0.208936278444156 -0.235486042412179 -0.130249388921344 -0.0281983437475058 -0.161000865195462 -0.292097048589188 -0.364168720038407 -0.414024666550539 -0.332368853735629 -0.27421889919847 -0.223845556716599 -0.188301455997824 -0.268738710691494 -0.340715376014551 -0.358967596846522 -0.371939455455036 -0.324273647063851 -0.248102076720907 -0.220937153762562 -0.197336806058448 -0.20134623097561 -0.324267626326643 -0.404068933841258 -0.431463788150067 -0.466070559775119 NA NA NA NA NA NA NA NA NA NA NA NA NA NA NA NA NA NA NA NA NA NA NA NA NA NA NA NA NA NA NA NA NA NA NA NA
NA NA NA NA NA NA NA NA NA NA NA NA NA NA NA NA NA NA NA NA NA NA NA NA NA NA NA NA NA NA NA -0.447882372339605 -0.453829367500956 -0.527420867548014 -0.52875029000394 -0.462192998968616 -0.415350447813863 -0.373446087508282 -0.297409167496413 -0.252854538376665 -0.223558717155054 -0.17968795987746 -0.0334615331528569 -0.179966175959771 -0.286051446179865 -0.378553086439581 -0.441717666925202 -0.306914791142215 -0.254956323001699 -0.208629911674266 -0.209782586769636 -0.307997242104059 -0.370282749664982 -0.37325359311769 -0.350251011287041 -0.323529237022941 -0.281308421522985 -0.273897375161815 -0.292762446604175 -0.310629577725036 -0.385882426847627 -0.412428525991701 -0.434191133896965 -0.367428340959122 NA NA NA NA NA NA NA NA NA NA NA NA NA NA NA NA NA NA NA NA NA NA NA NA NA NA NA NA NA NA NA NA NA NA NA NA
NA NA NA NA NA NA NA NA NA NA NA NA NA NA NA NA NA NA NA NA NA NA NA NA NA NA NA NA NA NA NA NA NA -0.475133682277811 -0.469727020022111 -0.507166335359648 -0.523231527026787 -0.532212502982938 -0.493853141548986 -0.402437282071271 -0.280369014916836 -0.144968182993177 -0.0688979276120439 -0.182715580029271 -0.30359554237517 -0.396472702504311 -0.421737102618436 -0.314804396898656 -0.269485800696802 -0.277646460429974 -0.276471613979334 -0.373619781732645 -0.404666502090384 -0.380889759217813 -0.388655806419971 -0.367635254955474 -0.324776815604917 -0.282267226456491 -0.28552461031142 -0.335799302928204 -0.386811552181288 -0.411850480840948 NA NA NA NA NA NA NA NA NA NA NA NA NA NA NA NA NA NA NA NA NA NA NA NA NA NA NA NA NA NA NA NA NA NA NA NA NA NA
NA NA NA NA NA NA NA NA NA NA NA NA NA NA NA NA NA NA NA NA NA NA NA NA NA NA NA NA NA NA NA NA NA NA NA -0.475639062867334 -0.567562306823203 -0.579460973427555 -0.553122812890121 -0.478094050596085 -0.381267915353827 -0.264994212084903 -0.227383866465242 -0.315829000832387 -0.400217613151802 -0.453818348884373 -0.447237339502054 -0.412132164639106 -0.39035910715221 -0.425526633236933 -0.428374980955514 -0.49596868405081 -0.498520169388528 -0.437744496880618 -0.401639692063911 -0.399709326359696 -0.396746280910689 NA NA NA NA NA NA NA NA NA NA NA NA NA NA NA NA NA NA NA NA NA NA NA NA NA NA NA NA NA NA NA NA NA NA NA NA NA NA NA NA NA NA NA
NA NA NA NA NA NA NA NA NA NA NA NA NA NA NA NA NA NA NA NA NA NA NA NA NA NA NA NA NA NA NA NA NA NA NA NA NA NA -0.550098737180157 -0.482597094491115 -0.427721784765092 -0.354361294572236 -0.391462160366008 -0.413165886312275 -0.467744470064874 -0.505201263053529 -0.500815569980843 -0.508361367640201 -0.518884738261135 -0.505577813205203 -0.511495712410245 -0.554861312181646 -0.537294694771586 -0.427271087154497 -0.390157330361723 -0.381851314362543 NA NA NA NA NA NA NA NA NA NA NA NA NA NA NA NA NA NA NA NA NA NA NA NA NA NA NA NA NA NA NA NA NA NA NA NA NA NA NA NA NA NA NA NA
NA NA NA NA NA NA NA NA NA NA NA NA NA NA NA NA NA NA NA NA NA NA NA NA NA NA NA NA NA NA NA NA NA NA NA NA NA NA NA NA NA NA -0.291766046018696 -0.387635810493922 -0.412995841387755 -0.472508821997855 -0.477167294178643 -0.467104985230625 -0.463642928838199 -0.443882353799934 NA NA NA NA NA NA NA NA NA NA NA NA NA NA NA NA NA NA NA NA NA NA NA NA NA NA NA NA NA NA NA NA NA NA NA NA NA NA NA NA NA NA NA NA NA NA NA NA NA NA
NA NA NA NA NA NA NA NA NA NA NA NA NA NA NA NA NA NA NA NA NA NA NA NA NA NA NA NA NA NA NA NA NA NA NA NA NA NA NA NA NA NA NA NA NA NA NA NA NA NA NA NA NA NA NA NA NA NA NA NA NA NA NA NA NA NA NA NA NA NA NA NA NA NA NA NA NA NA NA NA NA NA NA NA NA NA NA NA NA NA NA NA NA NA NA NA NA NA NA NA
NA NA NA NA NA NA NA NA NA NA NA NA NA NA NA NA NA NA NA NA NA NA NA NA NA NA NA NA NA NA NA NA NA NA NA NA NA NA NA NA NA NA NA NA NA NA NA NA NA NA NA NA NA NA NA NA NA NA NA NA NA NA NA NA NA NA NA NA NA NA NA NA NA NA NA NA NA NA NA NA NA NA NA NA NA NA NA NA NA NA NA NA NA NA NA NA NA NA NA NA
NA NA NA NA NA NA NA NA NA NA NA NA NA NA NA NA NA NA NA NA NA NA NA NA NA NA NA NA NA NA NA NA NA NA NA NA NA NA NA NA NA NA NA NA NA NA NA NA NA NA NA NA NA NA NA NA NA NA NA NA NA NA NA NA NA NA NA NA NA NA NA NA NA NA NA NA NA NA NA NA NA NA NA NA NA NA NA NA NA NA NA NA NA NA NA NA NA NA NA NA
NA NA NA NA NA NA NA NA NA NA NA NA NA NA NA NA NA NA NA NA NA NA NA NA NA NA NA NA NA NA NA NA NA NA NA NA NA NA NA NA NA NA NA NA NA NA NA NA NA NA NA NA NA NA NA NA NA NA NA NA NA NA NA NA NA NA NA NA NA NA NA NA NA NA NA NA NA NA NA NA NA NA NA NA NA NA NA NA NA NA NA NA NA NA NA NA NA NA NA NA
NA NA NA NA NA NA NA NA NA NA NA NA NA NA NA NA NA NA NA NA NA NA NA NA NA NA NA NA NA NA NA NA NA NA NA NA NA NA NA NA NA NA NA NA NA NA NA NA NA NA NA NA NA NA NA NA NA NA NA NA NA NA NA NA NA NA NA NA NA NA NA NA NA NA NA NA NA NA NA NA NA NA NA NA NA NA NA NA NA NA NA NA NA NA NA NA NA NA NA NA
NA NA NA NA NA NA NA NA NA NA NA NA NA NA NA NA NA NA NA NA NA NA NA NA NA NA NA NA NA NA NA NA NA NA NA NA NA NA NA NA NA NA NA NA NA NA NA NA NA NA NA NA NA NA NA NA NA NA NA NA NA NA NA NA NA NA NA NA NA NA NA NA NA NA NA NA NA NA NA NA NA NA NA NA NA NA NA NA NA NA NA NA NA NA NA NA NA NA NA NA
NA NA NA NA NA NA NA NA NA NA NA NA NA NA NA NA NA NA NA NA NA NA NA NA NA NA NA NA NA NA NA NA NA NA NA NA NA NA NA NA NA NA NA NA NA NA NA NA NA NA NA NA NA NA NA NA NA NA NA NA NA NA NA NA NA NA NA NA NA NA NA NA NA NA NA NA NA NA NA NA NA NA NA NA NA NA NA NA NA NA NA NA NA NA NA NA NA NA NA NA
NA NA NA NA NA NA NA NA NA NA NA NA NA NA NA NA NA NA NA NA NA NA NA NA NA NA NA NA NA NA NA NA NA NA NA NA NA NA NA NA NA NA NA NA NA NA NA NA NA NA NA NA NA NA NA NA NA NA NA NA NA NA NA NA NA NA NA NA NA NA NA NA NA NA NA NA NA NA NA NA NA NA NA NA NA NA NA NA NA NA NA NA NA NA NA NA NA NA NA NA
NA NA NA NA NA NA NA NA NA NA NA NA NA NA NA NA NA NA NA NA NA NA NA NA NA NA NA NA NA NA NA NA NA NA NA NA NA NA NA NA NA NA NA NA NA NA NA NA NA NA NA NA NA NA NA NA NA NA NA NA NA NA NA NA NA NA NA NA NA NA NA NA NA NA NA NA NA NA NA NA NA NA NA NA NA NA NA NA NA NA NA NA NA NA NA NA NA NA NA NA
NA NA NA NA NA NA NA NA NA NA NA NA NA NA NA NA NA NA NA NA NA NA NA NA NA NA NA NA NA NA NA NA NA NA NA NA NA NA NA NA NA NA NA NA NA NA NA NA NA NA NA NA NA NA NA NA NA NA NA NA NA NA NA NA NA NA NA NA NA NA NA NA NA NA NA NA NA NA NA NA NA NA NA NA NA NA NA NA NA NA NA NA NA NA NA NA NA NA NA NA
NA NA NA NA NA NA NA NA NA NA NA NA NA NA NA NA NA NA NA NA NA NA NA NA NA NA NA NA NA NA NA NA NA NA NA NA NA NA NA NA NA NA NA NA NA NA NA NA NA NA NA NA NA NA NA NA NA NA NA NA NA NA NA NA NA NA NA NA NA NA NA NA NA NA NA NA NA NA NA NA NA NA NA NA NA NA NA NA NA NA NA NA NA NA NA NA NA NA NA NA
NA NA NA NA NA NA NA NA NA NA NA NA NA NA NA NA NA NA NA NA NA NA NA NA NA NA NA NA NA NA NA NA NA NA NA NA NA NA NA NA NA NA NA NA NA NA NA NA NA NA NA NA NA NA NA NA NA NA NA NA NA NA NA NA NA NA NA NA NA NA NA NA NA NA NA NA NA NA NA NA NA NA NA NA NA NA NA NA NA NA NA NA NA NA NA NA NA NA NA NA
NA NA NA NA NA NA NA NA NA NA NA NA NA NA NA NA NA NA NA NA NA NA NA NA NA NA NA NA NA NA NA NA NA NA NA NA NA NA NA NA NA NA NA NA NA NA NA NA NA NA NA NA NA NA NA NA NA NA NA NA NA NA NA NA NA NA NA NA NA NA NA NA NA NA NA NA NA NA NA NA NA NA NA NA NA NA NA NA NA NA NA NA NA NA NA NA NA NA NA NA
NA NA NA NA NA NA NA NA NA NA NA NA NA NA NA NA NA NA NA NA NA NA NA NA NA NA NA NA NA NA NA NA NA NA NA NA NA NA NA NA NA NA NA NA NA NA NA NA NA NA NA NA NA NA NA NA NA NA NA NA NA NA NA NA NA NA NA NA NA NA NA NA NA NA NA NA NA NA NA NA NA NA NA NA NA NA NA NA NA NA NA NA NA NA NA NA NA NA NA NA
