NA NA NA NA NA NA NA NA NA NA NA NA NA NA NA NA NA NA NA NA NA NA NA NA NA NA NA NA NA NA NA NA NA NA NA NA NA NA NA NA NA NA NA NA NA NA NA NA NA NA NA NA NA NA NA NA NA NA NA NA NA NA NA NA NA NA NA NA NA NA NA NA NA NA NA NA NA NA NA NA NA NA NA NA NA NA NA NA NA NA NA NA NA NA NA NA NA NA NA NA
NA NA NA NA NA NA NA NA NA NA NA NA NA NA NA NA NA NA NA NA NA NA NA NA NA NA NA NA NA NA NA NA NA NA NA NA NA NA NA NA NA NA NA NA NA NA NA NA NA NA NA NA NA NA NA NA NA NA NA NA NA NA NA NA NA NA NA NA NA NA NA NA NA NA NA NA NA NA NA NA NA NA NA NA NA NA NA NA NA NA NA NA NA NA NA NA NA NA NA NA
NA NA NA NA NA NA NA NA NA NA NA NA NA NA NA NA NA NA NA NA NA NA NA NA NA NA NA NA NA NA NA NA NA NA NA NA NA NA NA NA NA NA NA NA NA NA NA NA NA NA NA NA NA NA NA NA NA NA NA NA NA NA NA NA NA NA NA NA NA NA NA NA NA NA NA NA NA NA NA NA NA NA NA NA NA NA NA NA NA NA NA NA NA NA NA NA NA NA NA NA
NA NA NA NA NA NA NA NA NA NA NA NA NA NA NA NA NA NA NA NA NA NA NA NA NA NA NA NA NA NA NA NA NA NA NA NA NA NA NA NA NA NA NA NA NA NA NA NA NA NA NA NA NA NA NA NA NA NA NA NA NA NA NA NA NA NA NA NA NA NA NA NA NA NA NA NA NA NA NA NA NA NA NA NA NA NA NA NA NA NA NA NA NA NA NA NA NA NA NA NA
NA NA NA NA NA NA NA NA NA NA NA NA NA NA NA NA NA NA NA NA NA NA NA NA NA NA NA NA NA NA NA NA NA NA NA NA NA NA NA NA NA NA NA NA NA NA NA NA NA NA NA NA NA NA NA NA NA NA NA NA NA NA NA NA NA NA NA NA NA NA NA NA NA NA NA NA NA NA NA NA NA NA NA NA NA NA NA NA NA NA NA NA NA NA NA NA NA NA NA NA
NA NA NA NA NA NA NA NA NA NA NA NA NA NA NA NA NA NA NA NA NA NA NA NA NA NA NA NA NA NA NA NA NA NA NA NA NA NA NA NA NA NA NA NA NA NA NA NA NA NA NA NA NA NA NA NA NA NA NA NA NA NA NA NA NA NA NA NA NA NA NA NA NA NA NA NA NA NA NA NA NA NA NA NA NA NA NA NA NA NA NA NA NA NA NA NA NA NA NA NA
NA NA NA NA NA NA NA NA NA NA NA NA NA NA NA NA NA NA NA NA NA NA NA NA NA NA NA NA NA NA NA NA NA NA NA NA NA NA NA NA NA NA NA NA NA NA NA NA NA NA NA NA NA NA NA NA NA NA NA NA NA NA NA NA NA NA NA NA NA NA NA NA NA NA NA NA NA NA NA NA NA NA NA NA NA NA NA NA NA NA NA NA NA NA NA NA NA NA NA NA
NA NA NA NA NA NA NA NA NA NA NA NA NA NA NA NA NA NA NA NA NA NA NA NA NA NA NA NA NA NA NA NA NA NA NA NA NA NA NA NA NA NA NA NA NA NA NA NA NA NA NA NA NA NA NA NA NA NA NA NA NA NA NA NA NA NA NA NA NA NA NA NA NA NA NA NA NA NA NA NA NA NA NA NA NA NA NA NA NA NA NA NA NA NA NA NA NA NA NA NA
NA NA NA NA NA NA NA NA NA NA NA NA NA NA NA NA NA NA NA NA NA NA NA NA NA NA NA NA NA NA NA NA NA NA NA NA NA NA NA NA NA NA NA NA NA NA NA NA NA NA NA NA NA NA NA NA NA NA NA NA NA NA NA NA NA NA NA NA NA NA NA NA NA NA NA NA NA NA NA NA NA NA NA NA NA NA NA NA NA NA NA NA NA NA NA NA NA NA NA NA
NA NA NA NA NA NA NA NA NA NA NA NA NA NA NA NA NA NA NA NA NA NA NA NA NA NA NA NA NA NA NA NA NA NA NA NA NA NA NA NA NA NA NA NA NA NA NA NA NA NA NA NA NA NA NA NA NA NA NA NA NA NA NA NA NA NA NA NA NA NA NA NA NA NA NA NA NA NA NA NA NA NA NA NA NA NA NA NA NA NA NA NA NA NA NA NA NA NA NA NA
NA NA NA NA NA NA NA NA NA NA NA NA NA NA NA NA NA NA NA NA NA NA NA NA NA NA NA NA NA NA NA NA NA NA NA NA NA NA NA NA NA NA NA NA NA NA NA NA NA NA NA NA NA NA NA NA NA NA NA NA NA NA NA NA NA NA NA NA NA NA NA NA NA NA NA NA NA NA NA NA NA NA NA NA NA NA NA NA NA NA NA NA NA NA NA NA NA NA NA NA
NA NA NA NA NA NA NA NA NA NA NA NA NA NA NA NA NA NA NA NA NA NA NA NA NA NA NA NA NA NA NA NA NA NA NA NA NA NA NA NA NA NA NA NA NA NA NA NA NA NA NA NA NA NA NA NA NA NA NA NA NA NA NA NA NA NA NA NA NA NA NA NA NA NA NA NA NA NA NA NA NA NA NA NA NA NA NA NA NA NA NA NA NA NA NA NA NA NA NA NA
NA NA NA NA NA NA NA NA NA NA NA NA NA NA NA NA NA NA NA NA NA NA NA NA NA NA NA NA NA NA NA NA NA NA NA NA NA NA NA NA NA NA NA NA NA NA NA NA NA NA NA NA NA NA NA NA NA NA NA NA NA NA NA NA NA NA NA NA NA NA NA NA NA NA NA NA NA NA NA NA NA NA NA NA NA NA NA NA NA NA NA NA NA NA NA NA NA NA NA NA
NA NA NA NA NA NA NA NA NA NA NA NA NA NA NA NA NA NA NA NA NA NA NA NA NA NA NA NA NA NA NA NA NA NA NA NA NA NA NA NA NA NA NA NA NA NA NA NA NA NA NA NA NA NA NA NA NA NA NA NA NA NA NA NA NA NA NA NA NA NA NA NA NA NA NA NA NA NA NA NA NA NA NA NA NA NA NA NA NA NA NA NA NA NA NA NA NA NA NA NA
NA NA NA NA NA NA NA NA NA NA NA NA NA NA NA NA NA NA NA NA NA NA NA NA NA NA NA NA NA NA NA NA NA NA NA NA NA NA NA NA NA NA NA NA NA NA NA NA NA NA NA NA NA NA NA NA NA NA NA NA NA NA NA NA NA NA NA NA NA NA NA NA NA NA NA NA NA NA NA NA NA NA NA NA NA NA NA NA NA NA NA NA NA NA NA NA NA NA NA NA
NA NA NA NA NA NA NA NA NA NA NA NA NA NA NA NA NA NA NA NA NA NA NA NA NA NA NA NA NA NA NA NA NA NA NA NA 0.347583045707523 0.621661340031747 0.389002110720679 0.850460519668543 0.477085136761071 -0.27718523286013 0.0279092787000002 0.55563977338604 0.542813891091733 0.532244501402152 0.499934589511913 0.688090233037436 0.335508361433986 0.076031188842973 0.0197616967944005 0.234796034273504 -0.475277604777835 -0.349191808270984 -0.349129340015595 NA NA NA NA NA NA NA NA NA NA NA NA NA NA NA NA NA NA NA NA NA NA NA NA NA NA NA NA NA NA NA NA NA NA NA NA NA NA NA NA NA NA NA NA NA
NA NA NA NA NA NA NA NA NA NA NA NA NA NA NA NA NA NA NA NA NA NA NA NA NA NA NA NA NA NA NA NA NA NA -0.0690144680100522 0.122024436585169 0.484364442342231 0.73938022251171 0.726862158716342 0.706684221101514 0.170692967072095 -0.302320796663089 -0.184675743146056 0.554569887808365 0.546134750494912 0.442115070166068 0.316700317789392 0.32722144248802 0.127260213169362 0.0305105516592644 0.00933259322381836 0.171203611195177 -0.309865316364508 -0.293269708361351 -0.317790925979925 -0.241200423860347 0.00675765984954014 NA NA NA NA NA NA NA NA NA NA NA NA NA NA NA NA NA NA NA NA NA NA NA NA NA NA NA NA NA NA NA NA NA NA NA NA NA NA NA NA NA NA NA
NA NA NA NA NA NA NA NA NA NA NA NA NA NA NA NA NA NA NA NA NA NA NA NA NA NA NA NA NA NA NA NA NA NA 0.376860446682246 0.175983378384864 0.104822332449668 -0.004911393184423 -0.22761045179021 -0.413609133076212 -0.451360439138673 -0.497697625318438 -0.454148959494686 -0.220250439663695 -0.232897836397631 -0.376164895742844 -0.268862282558219 -0.200110847315249 -0.183819849817279 -0.338591315614223 -0.39305728511099 -0.20672348281937 -0.545404026666272 -0.525880095372862 -0.447379652865668 -0.255920768276342 -0.0821670568637293 0.257008442417465 0.402099428223407 0.567223413129985 0.594540907747039 NA NA NA NA NA NA NA NA NA NA NA NA NA NA NA NA NA NA NA NA NA NA NA NA NA NA NA NA NA NA NA NA NA NA NA NA NA NA NA
NA NA NA NA NA NA NA NA NA NA NA NA NA NA NA NA NA NA NA NA NA NA NA NA NA NA NA NA NA NA NA -0.38080657445743 0.130636265669627 0.309937216287657 0.434450820261148 -0.249251807137318 -0.426490403699257 -0.477477866845614 -0.516086233826117 -0.566814732930847 -0.537557502424873 -0.490252148641285 -0.395343985380013 -0.462338253457309 -0.662581442458868 -0.778990435796572 -0.77439020803911 -0.527550945126926 -0.477012157754109 -0.591190747362513 -0.673981521709594 -0.438180678143331 -0.352084516183589 -0.509740240428402 -0.407904882991213 -0.234631955385973 0.014096061469755 0.255102858592259 0.330229598200904 0.151017389240031 0.167441838443527 -0.0131771123187393 -0.0673618914207873 NA NA NA NA NA NA NA NA NA NA NA NA NA NA NA NA NA NA NA NA NA NA NA NA NA NA NA NA NA NA NA NA NA NA NA NA NA
NA NA NA NA NA NA NA NA NA NA NA NA NA NA NA NA NA NA NA NA NA NA NA NA NA NA NA NA NA NA NA -0.139730789082197 0.0438919026014171 0.0445350457143361 -0.208208342268921 -0.607980317232698 -0.709942172417465 -0.475166946531749 -0.509296783168068 -0.51217126429024 -0.479910131107539 -0.518071669075687 -0.278944863785657 -0.270275708259613 -0.649472462278679 -0.633128499922929 -0.548649596923414 -0.18583758734599 0.00365417098225787 -0.301949463509699 -0.156530342860027 0.0318181950408338 0.164614217947318 -0.114741066403066 -0.0717372516732932 -0.0474641726912972 0.223382981710606 0.482197598599076 0.444451532186499 0.148470485737314 0.105693627970387 0.0221163251929479 0.0860041088270508 -0.0110232929049297 NA NA NA NA NA NA NA NA NA NA NA NA NA NA NA NA NA NA NA NA NA NA NA NA NA NA NA NA NA NA NA NA NA NA NA NA
NA NA NA NA NA NA NA NA NA NA NA NA NA NA NA NA NA NA NA NA NA NA NA NA NA NA NA NA NA 0.140887581453974 -0.287277665462916 -0.105167610544956 -0.261029408226991 -0.354298279135961 -0.845843624135221 -0.62504180708574 -0.803346751709693 -0.712014879101123 -0.514912290280251 -0.673389642556783 -0.41420645248572 -0.164710404532173 0.272547148749687 0.396846082044469 -0.451289889019827 -0.2949461103199 -0.322229750817695 0.0579099754595925 0.236344033750879 -0.248629895377037 -0.0966991910528509 -0.160488725083314 -0.0562179884313185 -0.00696020258245669 0.332860967309554 0.42713339746883 0.196446847777379 0.356570807111791 -0.0820160298886577 -0.339121320693099 -0.242692956802341 -0.243640275949415 -0.00170411986153386 0.00806614569939723 -0.262038755912504 -0.411438866453415 -0.139861458928007 NA NA NA NA NA NA NA NA NA NA NA NA NA NA NA NA NA NA NA NA NA NA NA NA NA NA NA NA NA NA NA NA NA
NA NA NA NA NA NA NA NA NA NA NA NA NA NA NA NA NA NA NA NA NA NA NA NA NA NA NA NA NA 0.466367607013052 -0.191801209071286 -0.259531795928974 -0.504757858776938 -0.519821330198623 -0.622629642235573 -0.24175696111243 0.444606273641672 0.735893447268647 0.578940502331718 0.322504881177268 0.561725163120567 0.643879174921142 0.778294713458912 0.695897167808232 0.145873428006888 0.207010317073874 0.266972527164044 0.571531399351608 0.653715582578483 0.156885098868568 0.166006832161672 0.0488102441159711 -0.101764918337782 0.31109446000351 0.670658115953273 0.601271871400614 0.479148920928622 0.416473148773097 0.0981460696453015 -0.300908007211624 -0.421606117671588 -0.317626164488494 -0.0386636108404859 -0.0228733586581105 -0.1690117933748 -0.637192482939412 -0.0913976960177259 0.145283553274063 0.256219846625653 NA NA NA NA NA NA NA NA NA NA NA NA NA NA NA NA NA NA NA NA NA NA NA NA NA NA NA NA NA NA NA
NA NA NA NA NA NA NA NA NA NA NA NA NA NA NA NA NA NA NA NA NA NA NA NA NA NA -0.133051162392901 0.0833133738190026 0.467889832899091 0.315940806226813 0.282054723950769 0.412311244969251 0.540894778629408 0.102822310586453 0.294803693182784 0.504893058789199 0.634468834936957 0.783641753566069 0.645507705119511 0.61376586700674 0.655344634693295 0.71184241080208 0.750824204900545 0.565065432055282 0.0897909624244081 0.0910374138886131 0.312382102816428 0.5692457725832 0.535315263203005 0.0213908178003626 -0.470269167723845 -0.444564985509674 -0.523895103295007 0.286808695312435 0.721853761876788 0.676351344088061 0.786722260095087 0.517177415330455 0.481601927721642 0.396214712067947 0.329719651768697 0.468789169733445 0.258819501472571 0.0788026863067049 -0.0883625114717345 -0.536020919071318 0.227663071400702 0.477712143172303 0.398468724022035 0.0534067099432472 -0.248487767933157 NA NA NA NA NA NA NA NA NA NA NA NA NA NA NA NA NA NA NA NA NA NA NA NA NA NA NA NA NA
NA NA NA NA NA NA NA NA NA NA NA NA NA NA NA NA NA NA NA NA NA NA NA NA -0.185892226746914 0.211759361431406 0.503373807571556 0.115534090340622 0.158646931728473 0.06720946533846 0.224129816813893 0.563690054726481 0.774037127114799 0.562493163688638 0.299013699586188 0.658275583089052 0.518254982136977 0.704387451701643 0.428858141047413 0.566444244116612 0.69147294473212 0.702411242095045 0.481143003676645 0.298537570689084 0.140512803126267 0.0934465815495175 0.264350362586041 0.411045197788583 0.369362944268674 0.046582380557799 -0.356149299494294 -0.402835211555535 -0.587040630579166 0.13756811995836 0.676030705816925 0.557718566718509 0.473324760624046 0.298960873145758 0.397843546807609 0.451923705264644 0.371232244837588 0.600546786509991 0.382530714738431 0.363758446979672 -0.169233434558977 -0.406835463123129 -0.123930292038694 0.509109894296791 0.657743752177401 0.323688266698616 -0.113151079305061 -0.0521392399436024 NA NA NA NA NA NA NA NA NA NA NA NA NA NA NA NA NA NA NA NA NA NA NA NA NA NA NA NA
NA NA NA NA NA NA NA NA NA NA NA NA NA NA NA NA NA NA NA NA NA NA NA -0.149418092778703 -0.16265512864422 -0.201856942579862 0.17461962043423 0.132493436597529 0.0195960310422894 -0.143135733251561 0.345828173714716 0.780651431584155 0.888503393139881 0.507229999233537 0.129789601264423 0.419081427825857 0.520675015790216 0.601025903891774 0.631138168753046 0.422809162783093 0.697414576382161 0.671071659867551 0.379290593301818 0.0957838547852021 -0.00894372697048831 -0.0176440651218181 0.339000602051693 0.489537989245242 0.514087849628497 0.248164424757855 -0.0120111515127346 -0.178917921498429 -0.365851232961179 0.160985060919185 0.444405196824917 -0.169676782425615 -0.00615619857582967 -0.048363680502712 0.324708366615597 0.645602055387393 0.63276395661611 0.756604745503688 0.396040151293483 0.520683776133167 -0.288452148107929 -0.225427710484885 -0.122311529277985 0.588302123243891 0.82491737978516 0.340671990156819 0.144405614946785 -0.230152542289042 -0.136556415501236 NA NA NA NA NA NA NA NA NA NA NA NA NA NA NA NA NA NA NA NA NA NA NA NA NA NA NA
NA NA NA NA NA NA NA NA NA NA NA NA NA NA NA NA NA NA NA NA NA NA NA -0.284982632088748 0.333527883153268 0.183525991835583 -0.171459520349041 -0.11456387130306 0.219174108258743 0.313966288476291 0.240324149675305 0.517609421719383 0.738508866931477 0.466357497242555 0.0547398972420576 0.0162441947094142 0.217970984218324 0.257838481207515 0.685381313521873 0.354055762545653 0.805181442482508 0.558938567118856 0.339498044244615 0.0950529053290893 -0.00551402102694514 0.0656081372865403 0.371963613572896 0.307209714120381 0.52560967887057 0.340206823585031 0.121349585439567 -0.026873381348547 -0.190122980556754 0.125849528456432 0.425143851959829 -0.0136646860928601 0.730233205859593 0.56305205986764 0.467682202105805 0.706512548199535 0.750962998368746 0.831472986565032 0.195460986135499 0.0656215436758545 -0.358157386540089 -0.0069380962199769 -0.0247037264954886 0.22434035496812 0.487433467950152 0.269329783794749 0.432055362170989 0.151341155578049 0.210590166395468 0.0350872373755505 NA NA NA NA NA NA NA NA NA NA NA NA NA NA NA NA NA NA NA NA NA NA NA NA NA NA
NA NA NA NA NA NA NA NA NA NA NA NA NA NA NA NA NA NA NA NA NA NA NA -0.491752576098156 0.00539330263195617 0.124483694979295 -0.169812866028409 -0.152205899646642 -0.103655813981671 0.0892139036417196 0.0935610700913577 0.31291396814423 0.548291730046637 0.415437561551416 0.013029673255525 -0.0921267982795822 -0.0203036602524823 0.0881731604365986 0.597810203053631 0.486452823163481 0.900782645324565 0.449530080074621 0.220982757597399 0.0395086817000687 0.123522851840467 0.151829518264559 -0.328314760682484 -0.156605494877048 0.338940292715393 0.419740724182359 0.479721168348621 0.328308751905404 0.172021745956189 0.300397426188549 0.536372034044092 0.399616444149907 0.957715161509356 0.79259513498064 0.58027234970778 0.772222217955487 0.785312386931475 0.760895979271939 0.142141218836056 0.0481775216719202 -0.133344250668746 0.275695673154175 0.238591745504524 0.181989828499212 0.34122710219812 0.196423180487216 0.384624999757747 0.089267157544516 0.12397346227557 -0.0471018995029706 -0.220627850263729 -0.367342745945361 NA NA NA NA NA NA NA NA NA NA NA NA NA NA NA NA NA NA NA NA NA NA NA NA
NA NA NA NA NA NA NA NA NA NA NA NA NA NA NA NA NA NA NA NA NA -0.115072843958292 -0.429555395271367 0.420887761762392 0.00507863758349474 -0.0202277455974865 -0.491599873676055 -0.366106866340901 -0.232218804997812 0.0992165440763375 0.00589691467069241 0.048718457676633 0.159118020979595 0.335112285110234 0.195089384912409 0.0860535587007509 0.322407659151102 0.0999758179919415 0.278437151833125 0.650241125257005 0.738007109768963 0.367134874087075 0.177985633147368 0.0866881086723066 0.178854460532457 0.460482086144223 -0.374920482659175 -0.216455562766928 0.262744837164195 0.434981982905496 0.597182340387247 0.581391748053833 0.647022276158855 0.46051966994046 0.561973128578226 0.418142470725494 0.736277809840976 0.937678335778725 0.873595198883084 0.838811181705637 0.734022143380652 0.504608186374905 0.105428397118436 0.0356480482699381 0.308572218259845 0.531485354708703 0.524503665110846 0.381128181191241 0.356964431391442 0.204347220035204 0.264175986014557 0.132432648369131 0.191907643814445 0.0835639913828295 -0.0467439487081614 -0.350809296724633 -0.391935999376118 NA NA NA NA NA NA NA NA NA NA NA NA NA NA NA NA NA NA NA NA NA NA NA
NA NA NA NA NA NA NA NA NA NA NA NA NA NA NA NA NA NA NA NA -0.0294074798869119 0.532116706493987 -0.318477285029316 0.710333986780795 0.121871273491908 -0.00247296102862866 -0.327832390017073 0.043082661914942 0.185078922846407 0.35534538440777 0.263152715643193 0.0152945772903503 0.121089177376736 0.221756135396251 0.235124999224453 -0.122695196922704 -0.13043673293658 -0.163026525219314 0.358067667006639 0.665044285041344 0.786837257352998 0.475971734092743 0.272201684086426 0.266665379490548 0.0889343978327105 0.019427915812046 -0.231242514162511 -0.0704846189652471 0.2623377467283 0.516715689622402 0.61934628290703 0.510397585815393 0.616032276277105 0.627852981101681 0.538658326183785 0.40101558094945 0.454402755556233 0.800894054886986 0.757593821740702 0.826137143034989 0.683093677928589 0.287844329320806 -0.118518973098238 -0.0364883008868856 0.49567535242717 0.775803450348903 0.839499300753253 0.559995095785077 0.294205573912432 0.13419589342519 0.0855082304122973 -0.0151104740495827 0.0390393472554841 0.259550267681232 0.237043822373503 -0.272960658366095 -0.343314088573315 -0.564872321925102 NA NA NA NA NA NA NA NA NA NA NA NA NA NA NA NA NA NA NA NA NA NA
NA NA NA NA NA NA NA NA NA NA NA NA NA NA NA NA NA NA NA NA -0.0220664939960155 0.68893318371795 0.182655009678175 0.552686277271126 0.125279093372811 0.091160223848621 0.245313081828291 0.412824254147336 0.158190319345499 0.138711346237333 0.519140529953911 0.0600694523054058 0.349562991264497 -0.04497180717657 0.0581005632849289 -0.089722613421814 0.127964794360221 0.0992440202828636 0.648045522807409 0.64264402493486 0.791699983559456 0.642532047969082 0.404389605474831 0.454030460830312 0.125699552723399 0.00721257512925382 0.221038673043536 0.222471955163401 0.299204498440282 0.425352788461295 0.390184817219485 0.198581857453006 0.456751506482346 0.65467100386949 0.450334752974669 0.306141545144047 0.220676416067276 0.656457866214018 0.702279362402844 0.82003696139786 0.529499181729453 0.051963058330369 0.155396462714112 0.225850437353338 0.716737217604053 0.893023891130749 0.936324515181675 0.735768506391864 0.485193596489711 0.23110541194959 0.0752399669541768 0.0158853519088587 -0.0584429705748125 0.551560325405749 0.450083919996219 -0.0785578906944103 -0.247020837111389 -0.421974168343269 -0.566658574871488 NA NA NA NA NA NA NA NA NA NA NA NA NA NA NA NA NA NA NA NA NA
NA NA NA NA NA NA NA NA NA NA NA NA NA NA NA NA NA NA NA 0.304898009366437 0.128152624129565 0.695300642416216 0.272182996474944 0.589331922029708 0.256181145651733 0.396706154378669 0.529580712048729 0.354205061680353 -0.0241057881779233 0.162513012188726 0.501602728326281 0.283334563869496 0.439045719575662 -0.0704052979649188 -0.0159688923902045 -0.00705385977321767 0.0658437029109643 0.276119629408097 0.726640579577866 0.681138585253338 0.844642455818722 0.687188406102953 0.419374152177502 0.381480535040308 0.0997028957942462 0.0731487891484822 0.35537385486125 0.329593892313787 0.288844156095548 0.430760281834792 0.329229228386064 0.202214308609658 0.526629978462699 0.611704375556396 0.533929427569798 -0.0874136152066411 -0.368464677208214 0.263846369407715 0.445300020601281 0.684389315943847 0.414029876501718 0.0376483378653608 0.160166977158107 0.58924666177783 0.838177055083068 0.8339879994282 0.896290139964322 0.857303003120554 0.511380093587799 0.37380973059681 0.165224722474431 0.2594773433517 0.220898744695379 0.420650089124376 0.295259662312344 -0.135171484200929 -0.291355648776 -0.421056373468374 -0.527012708864228 -0.545473593700248 NA NA NA NA NA NA NA NA NA NA NA NA NA NA NA NA NA NA NA NA
NA NA NA NA NA NA NA NA NA NA NA NA NA NA NA NA NA NA NA 0.57275383105729 0.109989404083906 0.671423243535386 0.192565975519488 0.522771348494101 0.328357930988374 0.241661289525661 0.309725987915962 -0.0145071180575283 -0.0114595269698646 0.199542347652434 0.51075889926371 0.384583953881691 0.406983372069639 0.000786939872822211 0.0572848979094541 0.0789344064293836 0.229266293593372 0.723294838155209 0.792925310010073 0.742023590884896 0.885842482466089 0.717865132543531 0.480738843460951 0.136162051759134 -0.0749437926710858 0.0722158625390273 0.347978718338102 0.525779564205728 0.322159936285246 0.111596213551335 -0.103223051917309 -0.204974697808251 0.31785270198185 0.814856682250571 0.642493818000335 -0.231391877560613 -0.47392014089308 0.0475897026467904 0.251229197463576 0.581503299461011 0.509036571437688 0.391361391071992 0.162016039323116 0.440524217512993 0.816063289169247 0.774166936027866 0.842537775459672 0.771383032349772 0.52027578865676 0.50405778794933 0.163118915889396 0.378568235013247 0.360746161219211 0.318110853786282 0.308642747568034 -0.175266741482277 -0.300999893404109 -0.490900924944071 -0.570837117747617 -0.582977343041994 NA NA NA NA NA NA NA NA NA NA NA NA NA NA NA NA NA NA NA NA
NA NA NA NA NA NA NA NA NA NA NA NA NA NA NA NA NA NA 0.391966320275202 0.400562371984711 -0.276626815330677 0.293555402396186 -0.0320748922833661 0.292312747281095 0.105538222527935 0.031284699627676 0.0192097762409982 -0.109877481862363 -0.000641893484309208 0.0988919434499913 0.333330334496528 0.386682086950292 0.423334759146136 0.0878603333157108 0.0555584668257856 0.217457787701548 0.434764121692854 0.783253660611091 0.574223483779268 0.602277718287587 0.818648538670624 0.86534600441982 0.494058581914963 0.0485734121923536 -0.197168148485165 -0.0386809314124428 0.224261274029866 0.46976430017903 0.304413629966553 -0.0237454168650772 -0.154531495606631 -0.141010236366137 0.284158001486281 0.772855490070123 0.762267307946069 -0.0401028140616081 -0.310598791910369 0.0991750935538032 0.23121136674097 0.600286108100621 0.54666260803333 0.474443219318911 0.264933016446898 0.341010726778172 0.807765250774077 0.773560091727228 0.805729322906722 0.931427212763251 0.589470703591385 0.485363354538877 0.357021616203178 0.436950976168863 0.42678717876586 0.360244907358175 0.542728305968432 -0.0152945710141898 -0.164999392200171 -0.466928785895264 -0.533767348281526 -0.511818283976736 -0.563034592310223 NA NA NA NA NA NA NA NA NA NA NA NA NA NA NA NA NA NA NA
NA NA NA NA NA NA NA NA NA NA NA NA NA NA NA NA NA NA 0.570464883608013 0.439598823623608 -0.186436082707051 0.274166961414779 0.0940028289564291 0.230115380873248 -0.0722450372359111 -0.207283351379641 -0.348963774162503 -0.282657686425497 0.0276680951751744 -0.143649910457495 0.156736527208174 0.270725264686848 0.416041882395901 0.133581407725981 0.051739599830813 0.214478202738749 0.392225331610583 0.671674874881945 0.60734649017706 0.600783311162641 0.75532027185253 0.699642848029372 0.206036808180655 -0.00039454070686532 -0.138768284122626 -0.0650907375937728 0.0241671959275394 0.0596545521173709 -0.124855886436047 -0.527305260465174 -0.655975906107155 -0.438696048738492 -0.267928102381633 0.364993109577194 0.365669926972237 -0.426323433256525 -0.507965734538103 0.140177491740974 0.232639299550542 0.488582629297584 0.508817647511309 0.412532170225927 0.0981038105273806 0.179069960742758 0.692868608786958 0.811812314050812 0.853446084019138 0.888066172302233 0.590397008826123 0.436146417618707 0.535086211714649 0.387876514902531 0.384702389028427 0.322638116328812 0.528804760846479 0.162729187867462 0.0214189009671069 -0.454948829663303 -0.587551710707669 -0.526393194497013 -0.507497532290272 NA NA NA NA NA NA NA NA NA NA NA NA NA NA NA NA NA NA NA
NA NA NA NA NA NA NA NA NA NA NA NA NA NA NA NA NA NA 0.492677570069932 -0.129351509054079 -0.298359085722428 0.332341515185058 0.257979613956529 0.226899201664769 -0.0531430346795714 -0.192617416264545 -0.330675294986634 -0.375157778506811 0.0850479249764338 0.0944337519164193 0.249143107749079 0.261696146523124 0.405336513313817 0.065755969288508 0.0543644326589682 -0.0121103288246491 0.00110556323444266 0.362264832523301 0.766401983298739 0.708266195083188 0.53065810719609 0.282184623879368 -0.0970230049998948 -0.202712163994014 -0.130422425001818 -0.108028776717268 -0.0819748536751184 -0.172906327496289 -0.345909690985473 -0.773694430395958 -0.926920030932754 -0.828328163046961 -0.598011633235808 -0.0888963841323292 -0.409024182475663 -0.635081789113403 -0.662009036360128 0.0463362336369525 0.175888112816002 0.405982614132024 0.456345627804486 0.353151482395992 -0.126171424690409 -0.146906647142912 0.310912329129242 0.588570937311966 0.650706303534259 0.502810450298266 0.4073194255806 0.25890352531599 0.424434873806731 0.333341296493605 0.28578657463088 0.258081919091094 0.568231828237897 0.451277312484389 0.335567680901141 -0.268857390693034 -0.534870132154602 -0.375800837357957 -0.406537127296815 -0.592376770654197 NA NA NA NA NA NA NA NA NA NA NA NA NA NA NA NA NA NA
NA NA NA NA NA NA NA NA NA NA NA NA NA NA NA NA NA NA 0.649357648602189 -0.248466020655882 -0.23904546868662 0.456381675019704 0.498951885788981 0.436294464035502 -0.0923048481682406 -0.152756784140985 -0.342723053081404 -0.378512472423491 0.0246560687989458 0.157151675933841 0.24217449616726 0.193462071310357 0.161808720304345 -0.0287496972584488 -0.0293448237168853 -0.000810911992520237 0.0547573399146974 0.26476587683436 0.743195303662057 0.637025354520182 0.44242067375092 0.0236706236343434 -0.377212745588736 -0.34240954528432 -0.181144401254798 -0.0892364163269682 -0.0339589152578976 -0.215298163594613 -0.34640697712233 -0.630645093864919 -0.721708421888813 -0.714436005561593 -0.523391819692861 -0.230293838776461 -0.366268988098786 -0.506397780876721 -0.575857975353986 -0.158755306199997 -0.0295890541883176 0.246278360002115 0.345874352796934 0.29793636248813 -0.298648726450478 -0.338363813304121 0.139424556911144 0.400114080643348 0.565855725949874 0.353938589811777 0.3592039698806 0.320877623703071 0.469692990227391 0.424926771320604 0.594191403292258 0.764977290953407 0.728188225029051 0.706548866761497 0.617801036382287 0.14568214529634 -0.409850112893868 -0.101530469801247 -0.140495626633705 -0.199136969210731 -0.230807371667508 NA NA NA NA NA NA NA NA NA NA NA NA NA NA NA NA NA
NA NA NA NA NA NA NA NA NA NA NA NA NA NA NA NA NA -0.0849920659826156 0.125072565161111 -0.208394415528844 -0.15008595085308 0.504277100619031 0.611132698583701 0.62718478489327 0.176027360622028 -0.136871244712784 -0.221253597715239 -0.140477048760753 0.129857316957907 0.250470863040182 0.179324006430485 -0.0401630520536817 -0.158137786121063 -0.0740786560131383 0.211127507780792 0.15126958428906 0.105178264365195 0.11154324750039 0.52499085942696 0.22335737546509 -0.0527000562204911 -0.383817981068185 -0.659224861023125 -0.701418761117287 -0.701642603157952 -0.182420915924035 0.0850244753292063 -0.271949819580433 -0.394501359570444 -0.456407468112382 -0.600345382835633 -0.719578002292777 -0.583166786360569 -0.417018632008397 -0.432758548466965 -0.425667827631361 -0.514431529445697 -0.364766420927895 -0.35645730625228 0.00986692944078438 0.219586450127379 0.293364224855837 0.0435907262784797 -0.205599317699918 0.406167337618778 0.755970547682057 0.87757156443787 0.744367483066466 0.68769103862287 0.514690198376875 0.429351265324066 0.410549253244453 0.549611638751513 0.695515121077724 0.717028552318709 0.684975061043895 0.555560065404295 0.134830147739871 -0.488138189873363 -0.0988814348698719 -0.0104664085131912 -0.0574240263106291 -0.0198219784149923 -0.0112111851478893 NA NA NA NA NA NA NA NA NA NA NA NA NA NA NA NA
NA NA NA NA NA NA NA NA NA NA NA NA NA NA NA NA NA NA -0.402246277087685 0.0989792183324757 0.078529486910688 0.604501245251275 0.710547332227963 0.826307434636709 0.683378189664013 0.527902046839801 0.387572929600397 -0.0780358891272771 0.102622915216018 0.16109280108663 0.144472246235955 0.0791086999619215 -0.0808811450378427 -0.0945286167595703 0.217657475450494 0.148129244512841 0.241098945579461 0.0348788281798795 -0.0468761840432138 -0.355365998474025 -0.54432438307166 -0.747167381353986 -0.86269984910537 -0.861846706369583 -0.838228382958433 0.0174957016812815 0.759358379575033 0.60831308255599 0.581296493669816 0.171325597588992 -0.292750695135254 -0.640959392326291 -0.59655814455745 -0.53708465452703 -0.49675286489136 -0.376517028534377 -0.349364889600499 -0.0587489264169771 -0.103621079295001 0.148680729666672 0.284664562185867 0.453687181938091 0.449049079185525 0.268768836561361 0.799370904434369 0.841145554239681 0.89645021161405 0.798346255622999 0.71365216196107 0.481031164394754 0.429449153712401 0.450500870686863 0.52292793751759 0.618125955208712 0.643472946793193 0.718929730087887 0.616490584336332 0.485566062610418 -0.269146250331354 -0.332344247997352 -0.195287093730932 -0.193650476606462 -0.243916786984816 -0.0498583333045049 NA NA NA NA NA NA NA NA NA NA NA NA NA NA NA NA
NA NA NA NA NA NA NA NA NA NA NA NA NA NA NA NA NA -0.445373331824058 -0.47812572597555 0.0194159963540838 -0.0908811466691796 0.586212626989111 0.80019084473352 0.853550776696141 0.662015893859925 0.428662803150277 0.363420766032567 0.267626063783462 0.468797551341596 0.324139583713155 0.328783635849453 0.39419249675742 0.394241563162664 0.468596744831774 0.441463927244411 0.381016795877152 0.322096062001817 -0.0559795093454967 -0.215978231571078 -0.666871193182326 -0.61133525453296 -0.718386858896952 -0.840204009460444 -0.891677929723604 -0.96335629308593 -0.600933578970085 0.355214230130273 0.702040423401975 0.69535875194036 0.289256564629852 -0.258782821387817 -0.597836859111657 -0.586764579078225 -0.471150043337502 -0.470952637526485 -0.349240760769233 -0.349080474753411 -0.029498864720431 -0.0285266753623949 0.185099839425492 0.293766133607676 0.563703275898877 0.640342374803474 0.599302282370912 0.699014153613839 0.730462675013498 0.781468430073177 0.718678131205111 0.618257953612479 0.375326776556773 0.330210841687561 0.463561926532162 0.51396262613776 0.675848564713228 0.663043944560405 0.722657563660188 0.703421112311951 0.641340100847942 -0.121514259828622 -0.353620980578741 -0.130672426618104 -0.123882911262454 -0.243585914837814 -0.163415931350673 NA NA NA NA NA NA NA NA NA NA NA NA NA NA NA NA
NA NA NA NA NA NA NA NA NA NA NA NA NA NA NA NA NA -0.378040763860617 -0.381641734832259 0.188274960277201 -0.100340057521779 0.522382923183742 0.686022854093276 0.746139478010594 0.53686013097411 0.0670284958103207 0.0945428763145682 0.131540155270484 0.499990610954643 0.229280157274025 0.120299655684719 0.321603054647872 0.340798781497123 0.579996940279415 0.456347832983169 0.382934192473058 0.300861156652722 -0.434984214973663 -0.760810560030728 -0.838056829542712 -0.61716374244593 -0.558907782046924 -0.750471556489348 -0.867554473177244 -0.960784809802021 -0.803532257491646 -0.191720980787976 0.317070534160551 0.53192323006273 0.391180881435218 0.27599021184938 -0.0251527307397592 -0.0962636135877452 -0.147896548650362 -0.318012833783727 -0.306729486697911 -0.358454040153184 -0.186655674555673 -0.150208810459349 0.127584994944947 0.221980953748281 0.366044523289886 0.326006367434075 0.17745759203879 0.0509652587469356 0.143180470929249 0.312678683230438 0.533788451359827 0.59552274284253 0.430380732544059 0.318317045919067 0.403560999154133 0.489919307496468 0.659390311202295 0.650378180246126 0.665740686969165 0.570466191120146 0.32553953334793 0.0183569915851228 -0.392576693734842 -0.388599161706325 -0.434157868018287 -0.462481980723937 -0.462066818546157 NA NA NA NA NA NA NA NA NA NA NA NA NA NA NA NA
NA NA NA NA NA NA NA NA NA NA NA NA NA NA NA NA NA -0.182938105795385 -0.0800598250078406 0.494747295928502 0.278018749624689 0.443169346294865 0.598889389709833 0.669629903091085 0.430188944993398 -0.162730192299649 -0.0577510920358369 0.1286526127573 0.525635330137059 0.302727862528975 0.19060038975903 0.364408735930605 0.378726156880225 0.716465144292385 0.32349570638523 0.248812129622502 0.203506724097314 -0.382560810659131 -0.78868985741613 -0.820980487438476 -0.699199414946325 -0.534428258811512 -0.66127102555948 -0.788039472144654 -0.868886646435022 -0.840118990129607 -0.633295316498897 -0.1229891220003 0.145973699957256 0.234475939137923 0.251173448920452 0.121564437214605 0.0592420909247511 -0.138211485491175 -0.439389296259794 -0.483692002275653 -0.675435529591065 -0.741375664280395 -0.788559653059735 -0.577976337704851 -0.450717337692146 -0.274688450697981 -0.355885175959114 -0.396407368388167 -0.53663763052805 -0.354654590226745 -0.0537692297040057 0.413329787746777 0.579052191936753 0.430852114251343 0.330209942751413 0.376527360556841 0.491719021263536 0.616115751335492 0.668337645263559 0.555320905228777 0.510809478961961 0.191782077414733 0.0679950636123702 -0.374780449914576 -0.493734607149652 -0.609135355019295 -0.659301420501638 -0.499233379879227 -0.539971618217386 NA NA NA NA NA NA NA NA NA NA NA NA NA NA NA
NA NA NA NA NA NA NA NA NA NA NA NA NA NA NA NA NA -0.0932504839961023 -0.154071023411732 0.346744275033785 0.302481668684106 0.4090520790267 0.483167328621152 0.490908367316623 0.527642670525098 0.375534506667418 0.491557326626802 0.488929649710217 0.613991083398927 0.328012131357686 0.222294689695207 0.534239230310331 0.524715273124993 0.704685097731303 0.393496691719464 0.284312478101129 0.302761405661732 -0.0772567305524953 -0.598742041832611 -0.864182219933135 -0.769927820875657 -0.68124174558521 -0.433478490331247 -0.57145574383239 -0.702742468364713 -0.730393570931548 -0.782365596654196 -0.594365012594464 -0.604689867585054 -0.463820102633751 -0.378847340112933 -0.211316106515544 -0.214903934069506 -0.317761030513026 -0.530749606575394 -0.478661448320118 -0.692991476966549 -0.759397875708717 -0.750252771558261 -0.61413404106531 -0.487361483714995 -0.391704106418599 -0.495598536804503 -0.532121520642604 -0.532324911497709 -0.293863262199861 0.139039718961936 0.436674644192249 0.553325664871278 0.43763212549322 0.44564215623011 0.430541854930543 0.496406266922569 0.537958675912927 0.621968168117336 0.544980417140157 0.443385485228124 0.24637270975236 0.162752787856823 -0.25389330221417 -0.391114485404018 -0.541041632601831 -0.706799052149647 -0.370115878300996 -0.426216017913186 NA NA NA NA NA NA NA NA NA NA NA NA NA NA NA
NA NA NA NA NA NA NA NA NA NA NA NA NA NA NA NA NA 0.130635245933959 0.384217221257447 0.331293202975604 0.3946215245238 0.362638279994456 0.391415084970352 0.489650231692935 0.576620339221916 0.469662403736505 0.474142734535808 0.551739907569371 0.459655561029308 0.24332441619812 0.332758177245135 0.534500158751116 0.582755094563097 0.393700665030751 0.081196358059235 0.0390350706655954 0.231227291718847 0.0127765436741059 -0.612873146825617 -0.87711165110539 -0.825488084120322 -0.595897489214511 -0.391695392004806 -0.449626364681292 -0.569438114715524 -0.593663404980834 -0.732646278665325 -0.685006640829606 -0.758800667347863 -0.717079557853017 -0.687153152665739 -0.586455829111692 -0.596401809036535 -0.637444874863633 -0.718578270276609 -0.649236038064683 -0.713031427118381 -0.789526154744818 -0.779861419593562 -0.846396061252412 -0.751298633311229 -0.651627487819062 -0.676106543060386 -0.664489204071805 -0.57145213331719 -0.337847988837368 0.18456985536357 0.380767625319249 0.569858098147121 0.541639651923876 0.671899785574881 0.636795757110952 0.656659531580079 0.57822131100656 0.53624031426806 0.537600787029041 0.342952235398281 0.188649252583468 0.134482690197849 -0.198700684321336 -0.234103029785451 -0.472538145403058 -0.49778880266564 0.020948943141947 -0.113589306556626 NA NA NA NA NA NA NA NA NA NA NA NA NA NA NA
NA NA NA NA NA NA NA NA NA NA NA NA NA NA NA NA NA 0.204811299620723 0.692302218615641 0.24568715614589 0.362878623845957 0.35375566558709 0.438597412505821 0.545050180608136 0.797483626019989 0.66744760043435 0.489850652873229 0.523319528031097 0.455705366041046 0.623149602410487 0.71547184945366 0.491458338596421 0.267917269014756 -0.0117296418064111 -0.0979916251650745 -0.13457546411248 0.287008619268878 0.190463609634538 -0.151592751854486 -0.392347111092237 -0.460933192314869 -0.320861164817964 -0.563262741730475 -0.473885309534379 -0.553700713057384 -0.55924867654709 -0.713836385302115 -0.689596832042745 -0.740284963998061 -0.735952143841556 -0.617751277424735 -0.563689523922608 -0.642899344020347 -0.699723114718228 -0.790503118837766 -0.745054210773537 -0.709657634083975 -0.77514433592688 -0.794254338249548 -0.890716903245969 -0.885946753159318 -0.745276585151738 -0.578318045614418 -0.533904933421213 -0.32825505460954 0.0342131878743166 0.389258676811335 0.415860039941067 0.565960243520706 0.593775082478992 0.682482792291864 0.654795966913537 0.671398830740499 0.609712066022875 0.555556792455369 0.537884435756423 0.332487851025036 0.33173625868416 0.185028503724808 -0.127713776725185 -0.145203199146401 -0.506401883954375 -0.424980547922147 0.25534048638108 0.67803001261615 0.437466674050121 NA NA NA NA NA NA NA NA NA NA NA NA NA NA
NA NA NA NA NA NA NA NA NA NA NA NA NA NA NA NA NA 0.249203171529191 0.715577152012799 0.193680758424426 0.264888824212444 0.185963246883833 0.288799723694095 0.713314248751311 0.944799515695878 0.777584657328599 0.52315564697987 0.51859963017019 0.648958544027136 0.868660781811093 0.936012992913724 0.748499759043419 0.353221427016716 0.0721735782462807 0.0157552858931197 -0.223319766127993 0.133928176953273 0.140562368989934 0.0273775670789696 -0.180239624347747 -0.344872826608094 -0.474358376447858 -0.684306097990982 -0.644785062510427 -0.68987348886257 -0.642302933217966 -0.667155331188926 -0.778784428951489 -0.737214302636619 -0.751316593949484 -0.64675383740071 -0.519258985234721 -0.540344811268824 -0.611482589861715 -0.711336493468174 -0.729836354755553 -0.700694376089931 -0.752027148900553 -0.776372229063069 -0.863727018606188 -0.89871821193181 -0.667926675410623 -0.330647026888286 -0.204682298713644 0.120615442480481 0.523517903997041 0.711215309173776 0.663423644905289 0.630205426371879 0.706696200409481 0.790455761786622 0.744555770246683 0.722841989133385 0.632356046909589 0.582960427279983 0.583341223565438 0.504776936592434 0.39601671165536 0.358165661671539 0.0169890917937846 -0.0909835077500906 -0.469166004019345 0.133035949537766 0.567282434260608 0.863250334637355 0.532608203934331 NA NA NA NA NA NA NA NA NA NA NA NA NA NA
NA NA NA NA NA NA NA NA NA NA NA NA NA NA NA NA 0.206176164791167 0.39391642042294 0.612267262122807 0.255450465354628 0.309492466904083 0.111245574572026 0.372315960831792 0.828606673423232 0.922872045611691 0.780722678248698 0.433090379797462 0.424551520739997 0.906665410091822 0.925799850968674 0.771945742896605 0.475239666530308 0.340109025484325 0.267007616506219 0.186461978024643 -0.00652854572193011 0.109891638207043 0.167161130546297 0.125346503784019 0.0219723277768949 -0.189448881939806 -0.221174135962158 -0.325443426281 -0.482955481151322 -0.671264088779094 -0.482109068556221 -0.495821189864074 -0.771383971718351 -0.71501378410096 -0.734208466795457 -0.730833998306803 -0.601726868951616 -0.491425009883691 -0.490465007377802 -0.542239169598046 -0.62092319140848 -0.641867700505895 -0.701154791495155 -0.790563412372517 -0.884749521291077 -0.929761051469426 -0.66710345333851 -0.144550885133984 0.116623563422188 0.392652089955851 0.576380431861788 0.658159176140985 0.657463118438211 0.578356195145554 0.614050097852789 0.659769605492873 0.707016510801414 0.708468716273336 0.593469768353943 0.533933575452758 0.546567810856119 0.646925578249249 0.516512038114898 0.536329816596957 0.18667658904648 0.0789043448935577 -0.202075399585387 0.0939443645467296 0.215104463123712 0.445829369463501 0.13048004068312 NA NA NA NA NA NA NA NA NA NA NA NA NA NA
NA NA NA NA NA NA NA NA NA NA NA NA NA NA NA NA -0.0667875633773312 0.398890638206417 0.565747583757375 0.326568960580459 0.340666696149905 0.187577653005431 0.608172741942801 0.870377752462544 0.826865033561509 0.727959158902651 0.410264972698783 0.327852118052046 0.920940044131977 0.951341383698178 0.533312857568879 0.136278871011865 -0.0251642010136647 0.240569391376267 0.431465361313083 0.170432984565191 0.215222485985132 0.264765290961523 0.228275128373745 0.110225556135225 -0.137202048256505 -0.0268669703715706 -0.12479237661242 -0.211115203636421 -0.394906413509992 -0.289970536935745 -0.311962266031218 -0.597447440454574 -0.570591472345109 -0.55679529624545 -0.771787503195801 -0.725108357951773 -0.521843451045503 -0.475130116054665 -0.461679517171777 -0.523814463615199 -0.555955577846246 -0.538874220872935 -0.62430679565849 -0.772573366294374 -0.856929905619712 -0.758926229421473 -0.058930344132325 0.254073443584601 0.449269097155449 0.549798442512999 0.530197033865852 0.512127619252353 0.519345500410612 0.573947200991028 0.588095399612859 0.508253776063726 0.587682929450581 0.494700494748352 0.379156050551008 0.435960109522448 0.475640647996809 0.324745586619278 0.45475537061559 0.427666055746981 0.412001782554986 0.199738939144914 -0.262709731393723 -0.403386455983775 -0.277940928840753 -0.305449112895112 NA NA NA NA NA NA NA NA NA NA NA NA NA NA
NA NA NA NA NA NA NA NA NA NA NA NA NA NA NA NA -0.489664209432607 -0.232201637017077 0.183362198718373 0.37378325363751 0.398261978782379 0.230168799769246 0.710765199972416 0.802256757899746 0.734136587464285 0.657422240610442 0.422589624979604 0.222362458226211 0.81845427484044 0.969255111094277 0.719430210131001 0.38468279150046 0.0379006077161336 -0.0575537145777434 0.221533196335656 0.219980563371545 0.260800866734435 0.272136703410537 0.0541985651859599 -0.0518673709762267 -0.385423750850394 -0.0824769991350111 -0.0847415645906675 -0.177175582466573 -0.339876617509665 -0.388956004987922 -0.298209402796415 -0.58832585091566 -0.595004724672053 -0.47806092437384 -0.712823219713813 -0.73313103401595 -0.541808238313987 -0.501516991477187 -0.47082538146194 -0.52219954884434 -0.618606128624481 -0.476884168853751 -0.479561603634993 -0.623270333994547 -0.589047898913529 -0.794546918148139 -0.17433903784756 0.297186445550574 0.48889353474145 0.681449324619346 0.669068482070271 0.573693581695001 0.527260517789195 0.48247087464711 0.509925454103389 0.483866082410527 0.557195968695314 0.502046000544195 0.379862962046249 0.343337864616219 0.261732570004371 -0.129620027112428 0.122683816221887 0.417400993147745 0.435099109846989 0.387962230243712 -0.164253200738107 -0.221459983275197 0.00120852203593986 NA NA NA NA NA NA NA NA NA NA NA NA NA NA NA
NA NA NA NA NA NA NA NA NA NA NA NA NA NA NA NA NA -0.41182238844869 -0.115874684436236 0.170001710713431 0.34832838548481 0.462662480103832 0.747968013798237 0.780802547749076 0.726096294594359 0.718459614084633 0.557062918796706 0.294144970584688 0.670196789470955 0.80192640224057 0.634226633430665 0.551622226350665 0.528656952858401 0.734999237034816 0.561949256379421 0.550106669123453 0.176267600565467 0.187019556071682 0.0735085244968086 -0.0577311665719858 -0.105111135152477 -0.00265003347949804 0.0795425900752963 -0.0416511995950132 -0.315939267598208 -0.491797388022979 -0.414397897706231 -0.567600230736424 -0.660292883992938 -0.559810201818868 -0.657831224729687 -0.692069980364347 -0.584670341117166 -0.576345807845839 -0.574124917518322 -0.594215885912486 -0.66779841678548 -0.44187428371877 -0.426520077038246 -0.566680823635569 -0.494961741990875 -0.683759794976778 -0.31327891720964 0.214323612132089 0.375325105600598 0.665176860162537 0.769655562118669 0.670615799552898 0.548920285601821 0.428243482231095 0.36322558197572 0.507179939996341 0.706589539926799 0.802056730811199 0.681845294895005 0.524508835902699 0.42051540210326 0.465424430902464 0.579867359027483 0.699844570498968 0.685643521737157 0.657697235630347 0.0924251279276151 -0.0458216082173302 0.318877049409816 NA NA NA NA NA NA NA NA NA NA NA NA NA NA NA
NA NA NA NA NA NA NA NA NA NA NA NA NA NA NA NA NA -0.594084489785508 -0.284055915301428 0.200392197784344 0.396145345885602 0.514026297739697 0.754033217419467 0.756713061630596 0.664077702715071 0.680772081928172 0.576852058398388 0.279042320334068 0.326543303749001 0.718364185624972 0.498488242134391 0.364670036253491 0.406843068885529 0.504526947326427 0.59073695576489 0.5097630811812 0.265830042263316 0.240843848780765 0.559503382680794 0.0792609942966259 0.18184426616203 0.196159530196132 0.369617212034456 0.245388641015219 0.0556895461165448 -0.154886277462177 -0.449463193752642 -0.544960573987504 -0.769251112397663 -0.75872438246358 -0.716611061534642 -0.735172743355623 -0.648699951214012 -0.685037981996164 -0.666514947610616 -0.58967630877672 -0.545289472835013 -0.270155422350158 -0.125081058686168 -0.202987860624281 -0.0051898145714487 -0.304892506281766 0.0356099443495158 0.572933983459608 0.645342871898507 0.771215363205276 0.827599656499902 0.631658547215988 0.499290785779891 0.471553519718164 0.400297050575118 0.55414133935913 0.804856161650471 0.923960739332693 0.777521767342594 0.715752246701765 0.695342952047894 0.813862230804056 0.778822935167851 0.94754601098962 0.86798693323894 0.780681397289975 0.146987757326003 0.0733701659971733 0.377320210466973 NA NA NA NA NA NA NA NA NA NA NA NA NA NA NA
NA NA NA NA NA NA NA NA NA NA NA NA NA NA NA NA NA NA -0.339471511151904 0.43471171800346 0.735657966365395 0.775502712032025 0.879604697626326 0.792953965679199 0.70371163972223 0.646400328123268 0.705077012805439 0.401482439019465 0.414414344753079 0.755372201723961 0.700639047011579 0.675945050525612 0.637246782920828 0.660629836263574 0.541875849780713 0.393760718177821 0.333032059218839 0.518464141229974 0.762225251127716 -0.0132361061206503 -0.185664456048162 -0.104103539959153 0.178771950980193 0.312128395224834 0.346885462801752 0.090775585732981 -0.212159227447328 -0.53112753389412 -0.764258199577921 -0.747627044916725 -0.630987593037426 -0.704145220962448 -0.626732975236666 -0.723883590083743 -0.705660945251506 -0.570791881258886 -0.604770787225124 -0.431601250111475 -0.256372296181879 -0.149359786221808 0.219820987365186 0.1138944372396 0.480340050370938 0.798157572560676 0.934394820818268 0.890035294811304 0.921806852149314 0.659752113740896 0.404270568650303 0.46061994186431 0.444171344738027 0.537272305297968 0.820059267194087 0.901659310994962 0.706589468565778 0.770389769371238 0.890279847553266 0.88419785265942 0.613174115270534 0.545682096903149 0.68328104997126 0.694416958717473 0.399566185341087 0.535911398985571 0.461511323186879 NA NA NA NA NA NA NA NA NA NA NA NA NA NA NA
NA NA NA NA NA NA NA NA NA NA NA NA NA NA NA NA NA NA 0.0819078890245845 0.518250572405817 0.861472130474472 0.853227789104253 0.850374310635739 0.807744101234582 0.829621200362645 0.614862282296101 0.818335247767447 0.677425696719889 0.536030502447141 0.72204125200217 0.744991237846163 0.809965199457893 0.853572696472728 0.791033533849535 0.626790905953997 0.361595125418649 0.344484840616428 0.468768344204084 0.632271213203385 0.210012598829507 -0.182610812228554 -0.129707963158629 0.0104701328747144 0.126167502470712 0.222814209182207 -0.0158574943821716 -0.266227489466292 -0.509835328959109 -0.708113776441054 -0.762623604538694 -0.675374015549252 -0.700500550311425 -0.6539173226862 -0.670458552600263 -0.658355857589894 -0.56616772519959 -0.631860178871558 -0.449637826178783 -0.134008098046638 0.0705743475657446 0.880290232201323 0.560113128607831 0.578489376040896 0.770727586867889 0.931377206692978 0.889586606997006 0.89086073615518 0.835444025694323 0.371100298887075 0.407099948053774 0.364089370637548 0.466309260871384 0.645837036551584 0.590919181401676 0.54019285490067 0.743177973143717 0.85581731246723 0.941056970261643 0.653336223164686 0.43974836630246 0.606505468839561 0.657705105078924 0.742477325929247 0.78651978810611 0.437929552157132 NA NA NA NA NA NA NA NA NA NA NA NA NA NA NA
NA NA NA NA NA NA NA NA NA NA NA NA NA NA NA NA NA NA 0.339284010579589 0.859572775138421 0.850933598526588 0.84398926595021 0.812733633313435 0.771294617899633 0.736033558163671 0.494543251684014 0.550491667951712 0.77088044458017 0.64742517427145 0.705387093193495 0.751431283228944 0.848517104523893 0.886289708796506 0.780603450676006 0.527171027880112 0.302273096597392 0.420280886280761 0.0480108081883936 -0.0196053850256434 -0.0759177651993368 -0.26209768986316 -0.199202020855837 -0.106964025973195 -0.0363624741069821 0.0176054602427409 -0.282827320295596 -0.457157069960644 -0.50646398551438 -0.697781829190307 -0.807179520717114 -0.732949928905299 -0.677308014570416 -0.575360177128791 -0.46783297180459 -0.520016876914682 -0.638930619810297 -0.662596984492637 -0.592273089305674 -0.424852077918712 -0.212511541341905 0.3817568646505 0.552826002622948 0.563754968271719 0.639081350857752 0.738148677757962 0.532312690925122 0.255142589375794 0.174459383697958 0.471490546565346 0.367120015287146 0.163688112475681 -0.0582763248050158 -0.0676105941126907 0.251796777720356 0.418195943247671 0.659236226429531 0.866854308104881 0.845182433110082 0.668285524634554 0.405985205541822 0.418833898053844 0.410334087793139 0.424406521994237 0.564088754452364 0.03391153131113 NA NA NA NA NA NA NA NA NA NA NA NA NA NA NA
NA NA NA NA NA NA NA NA NA NA NA NA NA NA NA NA NA NA 0.388161444682437 0.928476676804316 0.871420284790827 0.823016032461628 0.813167266559572 0.686433439584507 0.701541213606521 0.407270192567854 0.482433167768378 0.77913186860567 0.712184384558304 0.541988547009279 0.565843341890402 0.752757384203588 0.85857864343145 0.735078567921389 0.717243211107134 0.421970961533765 -0.0580301706166205 -0.466965104694299 -0.413333484433024 -0.328430673427478 -0.361979548624742 -0.394530409842458 -0.350316639657467 -0.148581450464189 -0.101560830597112 -0.363705844244241 -0.509560242593628 -0.54092755055905 -0.690876681059968 -0.782557403932323 -0.684205122762131 -0.63287262171726 -0.527267195442008 -0.462971582359161 -0.555965525464277 -0.654952448136838 -0.654697658210338 -0.606227069418636 -0.519861131719167 -0.495577648623707 -0.260381014688107 0.24187969307694 0.599037907310835 0.576702023824014 0.53996567240067 0.201430786608941 -0.122318678592062 -0.17490734869677 0.482620930437283 0.507737836156324 0.158689342874717 -0.333657766997786 -0.494633787992153 0.0993617273520923 0.592504065294829 0.80759974251363 0.881594084940537 0.0906562250445425 -0.0635416739347244 -0.174441855008439 -0.0134166053281492 -0.182522101262845 -0.0380803430126383 -0.0176918395602074 -0.410992384286781 0.0379947687960655 NA NA NA NA NA NA NA NA NA NA NA NA NA NA
NA NA NA NA NA NA NA NA NA NA NA NA NA NA NA NA NA NA 0.322442752512381 0.878347359012192 0.832508195432729 0.794255915053095 0.82104703844051 0.78070599384599 0.662285811681875 0.288295622816884 0.462016451568981 0.845952310824759 0.911109363698642 0.563062283290783 0.540528196461049 0.629803988177212 0.670540215939437 0.478570211732063 0.549016375235556 0.256907787263383 0.172479149488393 -0.203120779027571 -0.288179648167844 -0.179288603865465 -0.171252084523919 -0.454068110059164 -0.473888309697953 -0.215610630221936 -0.205634724295748 -0.358965998405635 -0.679906449178847 -0.795470013465792 -0.809669859784427 -0.860861525474622 -0.794026136715295 -0.671586339468454 -0.617399666628795 -0.704568070605445 -0.753708681550382 -0.783518440908145 -0.748262940958651 -0.635135527276896 -0.66171364833133 -0.624739733110187 -0.582890775668059 -0.171932966368235 0.419728707619882 0.435962617372007 0.268042110298228 0.00256838814973966 -0.129769983826982 -0.0476511396914031 0.556599687955551 0.478632610257465 -0.00718262305834039 -0.362611558752978 -0.395966674267766 0.408911945263817 0.764809212489603 0.832560735722144 0.559734281773291 -0.0535000221797986 -0.104351569484035 -0.220807739579066 -0.0483105127653565 -0.389448912170464 -0.200358312450592 -0.298235514133613 -0.583425339456907 -0.158352601830092 NA NA NA NA NA NA NA NA NA NA NA NA NA NA
NA NA NA NA NA NA NA NA NA NA NA NA NA NA NA NA NA 0.0342163010683992 0.590443522068816 0.718861425867289 0.712318837233624 0.75880298137674 0.839376476570129 0.792212901314464 0.426460575669057 0.00168795356907513 0.273112275964226 0.602782631843087 0.648313569575456 0.404014680925025 0.302603135053909 0.436048656962589 0.243278990659364 0.280591002365195 0.455354998145726 0.386577097758799 0.47643046540402 0.0186821828321278 -0.142749533042148 -0.0509842562309165 0.00929632391724913 -0.592790002566661 -0.603638305231889 -0.190871788450123 -0.354780157756807 -0.397167830912271 -0.694561197454265 -0.790988591918975 -0.815135500168315 -0.836416673405372 -0.786932042408742 -0.675908104980631 -0.677105743092875 -0.759770324267313 -0.796679228292444 -0.78360926852123 -0.765671212507323 -0.661385550777931 -0.703483117068167 -0.656825571553374 -0.760710551036711 -0.676800286364662 -0.018886903133939 -0.0796797283859559 -0.0614448266279155 -0.0706539140259642 0.101200126731918 0.239194882424695 0.766015608496556 0.711993280164398 0.578474312679333 0.0851567128863762 0.0452511315059741 0.761508339927992 0.82080631343228 0.445795443226863 -0.192754246700035 -0.153159506123317 -0.16421479514643 -0.253962457368311 -0.38302094594388 -0.723881802520739 -0.510286001067082 -0.613622426682562 -0.590350046246823 NA NA NA NA NA NA NA NA NA NA NA NA NA NA NA
NA NA NA NA NA NA NA NA NA NA NA NA NA NA NA NA 0.0445908975647196 0.144626780504282 0.51570521620359 0.673961023821461 0.721625298992275 0.736273390152479 0.821358940844427 0.777989337266745 0.555603943815248 0.163801003774918 0.12203726003123 0.164422135352243 0.217876419485482 0.217122353281643 0.0482508264076408 0.417090145302973 0.494890929037267 0.537703467839501 0.533243753103531 0.482105338535021 0.52302360315531 0.093803808039359 -0.0238467802115554 0.0602016532831948 -0.0152900073004503 -0.446082248705223 -0.390514599461677 -0.302497088937179 -0.476200908640702 -0.494710578192166 -0.689713336839231 -0.780278064184364 -0.830872725103283 -0.776552655102539 -0.597688594159712 -0.59306578857522 -0.766198643330002 -0.762822122519373 -0.754395414020309 -0.620019398732522 -0.595825910169196 -0.614003570643683 -0.786444442852 -0.809364320127658 -0.827174581143244 -0.702788636178185 -0.302448137695438 -0.133840165120781 0.110276436401054 0.241056731772264 0.504739289814575 0.382603778055533 0.544423302350256 0.41571687415618 0.451029449884834 0.0878836656468856 0.350771904104112 0.729491073220956 0.787143136763452 0.346545104546199 -0.194500705035907 -0.0503549758207667 -0.261521793049888 -0.330901075201614 -0.657599734617387 -0.868726602265174 -0.563264948832547 -0.545070306625573 -0.254557301945457 NA NA NA NA NA NA NA NA NA NA NA NA NA NA NA
NA NA NA NA NA NA NA NA NA NA NA NA NA NA NA NA 0.0548194768956342 -0.445933972645336 0.441000279867922 0.636241138477928 0.688468090304865 0.72053226438785 0.785221689520118 0.784305370556209 0.505221165141322 0.0755472682606408 0.00985354448332889 0.0246388807797204 0.087950026092523 0.356050649675144 0.395159519760684 0.640698718086052 0.631288118204476 0.548067206586663 0.647646059815551 0.503555320995202 0.520857583067634 0.105269186670951 0.0450298415489555 0.268967354468526 0.256807180816623 0.0308854663469143 -0.127729501703684 -0.372933309144997 -0.517402449763475 -0.496071002205819 -0.636322786196974 -0.77101796158242 -0.842616787611199 -0.784104370655002 -0.523565427538692 -0.580676908191906 -0.802619390873892 -0.781168826756576 -0.758665665417965 -0.624163662947107 -0.607983178996974 -0.647212162033495 -0.794488888758918 -0.745800525097005 -0.64144058532369 -0.485097641727133 -0.29178810609744 0.0489630524714307 0.347496329647097 0.478288107390063 0.67262054912815 0.596765897864416 0.602164153329959 0.456799253995675 0.293079151335071 -0.0120636201315792 0.424359036863141 0.273454089205418 0.468466683500108 0.206804541443972 0.0840791857165311 0.220452546478082 -0.159692340024362 -0.174468214989814 -0.558904399221357 -0.543768680465342 -0.186269809526242 0.0395862640799491 NA NA NA NA NA NA NA NA NA NA NA NA NA NA NA NA
NA NA NA NA NA NA NA NA NA NA NA NA NA NA NA NA -0.290501944014288 -0.693953160109854 0.539656014796765 0.761654716112305 0.730961861053942 0.694517471757949 0.73992751342043 0.792061576790999 0.564599960147601 0.0287184691592633 0.023507455203446 -0.00446703215252901 0.0643023699679482 0.459555225850092 0.517943733376828 0.51045687266544 0.461431694973613 0.499537822014866 0.59444220382191 0.367190304833632 0.350306796856704 0.0118712027570044 0.045797333636653 0.29854503161954 0.393680184630318 0.0364789011088604 -0.163929794733062 -0.391832301818694 -0.407024094559582 -0.401922904952677 -0.633463944299134 -0.629483840559803 -0.724972953154239 -0.73321422811613 -0.552649873079133 -0.615088127471029 -0.757562787154114 -0.719716754579295 -0.727439695640395 -0.693622016579234 -0.708257811658877 -0.815758839351245 -0.770558633766681 -0.673124913982404 -0.57565801370892 -0.467173643106334 -0.325582268921721 -0.0217776452743453 0.217403624740075 0.283405716558597 0.527996083935518 0.548784227019889 0.511562669801178 0.210809660157526 -0.224858905854578 -0.187894218261526 0.286782362401728 0.232442534911941 0.303755470866704 0.248291815202157 0.273972405243299 0.360397750787372 -0.0665366551528263 -0.0532055791938564 -0.419375523208382 -0.374475440507722 -0.145014146687755 0.0719733563857752 NA NA NA NA NA NA NA NA NA NA NA NA NA NA NA NA
NA NA NA NA NA NA NA NA NA NA NA NA NA NA NA NA NA -0.610707853428837 0.56914900953997 0.852353655033099 0.779479540314202 0.59547509217692 0.511643237661467 0.631809045621477 0.505785150779915 0.0750612045502665 0.0183751944334263 0.0330161383181361 0.160964052880937 0.407507729537769 0.519488496694292 0.50286285034394 0.35139903133634 0.575972712964442 0.502905580635064 0.557371061568134 0.59777148007625 0.0848100061870861 0.226443157372211 0.369502232784279 0.248624994024537 -0.251658333580975 -0.387369658340817 -0.513209405396023 -0.414371864626529 -0.477796711039931 -0.618561744544518 -0.669446487424224 -0.739368792769486 -0.760966582845205 -0.603348680464181 -0.678833286035261 -0.750595577756816 -0.61352275102509 -0.648146927613207 -0.572970833960226 -0.61476792780566 -0.839439076230369 -0.801931928610744 -0.748877047504959 -0.71552140438489 -0.69318543834923 -0.530340781468923 -0.17746348366693 0.0537655515777219 0.0951214337689158 0.511832667528772 0.551600254960373 0.432587237262499 0.121105905222803 -0.317231158931176 -0.154222171942104 0.0665503191016474 0.263183378597918 0.31381412444732 0.332468005560251 0.141796569056469 0.101134215788363 0.0305102876020717 -0.147822548788754 -0.423077482358619 -0.146900779632933 -0.0846627749647065 -0.0290321935975172 NA NA NA NA NA NA NA NA NA NA NA NA NA NA NA NA
NA NA NA NA NA NA NA NA NA NA NA NA NA NA NA NA NA -0.444121903632892 0.606987261604854 0.88850625965568 0.77526917460875 0.527163433365404 0.387863461987097 0.445125338555038 0.482931428013313 0.379904160862956 0.150574479189492 0.246362175872442 0.41508890812255 0.49556916567711 0.585398227940293 0.552351373302278 0.446151843518566 0.580123781686713 0.599095037244489 0.704072057640584 0.706834326800884 0.264186965032877 0.443386895459256 0.340418771787736 0.0262003644651316 -0.463172225048216 -0.512271326440175 -0.47512694766971 -0.435386131720642 -0.539949804410882 -0.644033796947726 -0.715101910706128 -0.720010555125225 -0.776802120955548 -0.748384691114188 -0.836873455920546 -0.844207950907099 -0.746220439538645 -0.731566578588896 -0.625197152226942 -0.668228854505929 -0.848870584192869 -0.867397951714574 -0.810093885744112 -0.772562734582502 -0.780197282370817 -0.602016589005556 -0.250302587625592 0.115106796532497 0.179202550418517 0.536121666265972 0.501263660642172 0.314730455263409 0.0858937316343285 -0.183517340669564 -0.0697325903609467 0.0496741629459841 0.155646642979785 0.317934656718022 0.282291380491811 0.0954066892800785 -0.195996878124388 0.185821284071416 0.178560471126411 -0.371155031093124 -0.190197097948752 -0.323277102344505 -0.596632175341999 NA NA NA NA NA NA NA NA NA NA NA NA NA NA NA NA
NA NA NA NA NA NA NA NA NA NA NA NA NA NA NA NA NA -0.359046018769274 0.655433630628502 0.915720384917901 0.867969162990654 0.535349584768639 0.334241982088695 0.201571827393197 0.154984575511891 0.221070553282084 0.20631358883671 0.430067387784024 0.484477052870732 0.483261055642559 0.616631231316413 0.479160005857973 0.430974662216574 0.491365543977635 0.547745031476764 0.533463390671383 0.553705623902467 0.31030129118855 0.648228624121412 0.487128243594397 -0.00755636523736554 -0.543892321448535 -0.332136797854439 -0.306259574936294 -0.28623143624942 -0.438995680739919 -0.506544362007573 -0.563164888496881 -0.53164967992095 -0.720142957027151 -0.791882680922169 -0.793442290726767 -0.770542155095568 -0.711806297323844 -0.655479975205049 -0.592455312820646 -0.647397707269379 -0.809594771164373 -0.830806009586533 -0.780738102195338 -0.747622724988885 -0.679448599515814 -0.440375283777387 -0.0845229158213042 0.195497220439068 0.230046737966422 0.407116594519717 0.303220135394445 0.0664711257612194 -0.0469217368206653 -0.0939331831902699 0.0773354862342703 0.168487310791014 0.214339944561364 0.373161021978143 0.269424170922189 0.052985444613173 -0.306240922400138 0.514532016261451 0.44673880900474 -0.416249088309494 -0.566918362154892 -0.733333420641857 -0.664051950465442 NA NA NA NA NA NA NA NA NA NA NA NA NA NA NA NA
NA NA NA NA NA NA NA NA NA NA NA NA NA NA NA NA NA -0.379055915343789 0.685770399701018 0.930756222230222 0.849968314144179 0.553731835064503 0.334161668110051 0.0268923412025843 -0.0775331436513546 -0.0191886671905827 0.109288307297562 0.266974798627488 0.221347166359922 0.288047344448618 0.535713734845232 0.343293800857226 0.309958785418583 0.544344254948776 0.811512513042578 0.653060569196454 0.448206875545997 0.309020384917146 0.384964253504815 0.442321856166749 -0.478896923146232 -0.598181300696602 -0.526484710908939 -0.55861689086029 -0.523727721205868 -0.562336589943655 -0.468635809234605 -0.455431741561241 -0.539669731969457 -0.773631814297402 -0.85035010100515 -0.799774735452713 -0.776131097380293 -0.74720665639882 -0.661637541890543 -0.545163442349428 -0.553002907204275 -0.665906109025768 -0.793262487869039 -0.795378332653069 -0.790531814649454 -0.681182075587576 -0.469430082927754 -0.244911780580335 0.0776014851711808 0.186835666227219 0.342783060234002 0.18293862674791 -0.0410487186164124 0.00872931107963328 0.0693759838643159 0.188864248803157 0.234403528601409 0.197459854853625 0.151012728049717 0.109171106524902 0.00619225379252909 -0.121338489307869 0.545801632900795 0.382800298006214 -0.782521756938274 -0.731350478866622 -0.66613177748504 -0.621646991771028 NA NA NA NA NA NA NA NA NA NA NA NA NA NA NA NA
NA NA NA NA NA NA NA NA NA NA NA NA NA NA NA NA NA NA NA 0.829692618161477 0.743120099763002 0.587065418868048 0.330873316413755 0.0635628195858774 -0.049995080556225 -0.146219203895232 -0.128397712794042 -0.222707872379036 0.106599275602635 0.336613085286576 0.604544141519389 0.449615211595297 0.40531217117983 0.597867546982025 0.810016639052816 0.52130270069947 0.257002473299579 0.141528980064465 0.0877159101787771 0.315478105107715 -0.686544555288571 -0.359870669524493 -0.390889321186849 -0.567162182690179 -0.559916986036698 -0.539032858744791 -0.411186560719356 -0.318551252828794 -0.481562176904585 -0.744797191305118 -0.805707604538309 -0.824661698910471 -0.821174806389686 -0.83950696138415 -0.739352817278357 -0.613960133614052 -0.67073198949843 -0.741191735338627 -0.770196123313442 -0.774800361672608 -0.719049613209119 -0.519010905598409 -0.30147194845605 -0.0395048375599032 0.0508309297248047 0.0991721488718925 0.262634548432679 -0.000346004398008226 -0.0689354950171835 0.138599332470438 0.361713077718177 0.380798171957106 0.0501683665914726 -0.19745583156458 -0.148934491040291 -0.0875930031737914 -0.0958520195738573 -0.095114126473182 0.487717993063672 0.172894542252849 -0.637895054170254 -0.636324848298156 -0.609712326934475 -0.569537454736168 NA NA NA NA NA NA NA NA NA NA NA NA NA NA NA NA
NA NA NA NA NA NA NA NA NA NA NA NA NA NA NA NA NA NA NA 0.654413332780932 0.66649946536299 0.910885236880633 0.493466616976799 0.71050291624139 0.406690702825048 -0.048090967465498 -0.13102211045032 -0.226099162567493 -0.345767092339222 0.105196580083645 0.2023718879484 0.124635243838204 0.130448149463523 0.285043617970351 0.512892424990129 0.31985492888471 0.12013549580479 0.0564534173215444 -0.117855862813302 -0.207127481313849 -0.402052442775208 -0.0982560398400791 -0.234792272379928 -0.227738882506868 -0.145890288195148 -0.303275841771849 -0.108869498980342 -0.0391531442113009 -0.0187523310274231 -0.200927205921113 -0.435037112901325 -0.640078110813339 -0.702403759514264 -0.852098771003236 -0.811433181428108 -0.653572326662255 -0.50812698028917 -0.49990670383026 -0.486828295977917 -0.562532427930367 -0.46269122678067 -0.308142584398568 -0.204035010458758 -0.00678199470771131 -0.00629805240547632 0.102441507573291 0.29772470992527 0.245500303983248 0.0795689297730038 0.229070601418692 0.480449936701003 0.396068496089728 -0.0647863826573255 -0.269723008788668 -0.160946308386096 -0.0012805885975908 0.109549118849754 0.00554031405014651 0.128874796910372 -0.324096025353477 -0.508061332402769 -0.626420775107215 -0.505117394890299 NA NA NA NA NA NA NA NA NA NA NA NA NA NA NA NA NA
NA NA NA NA NA NA NA NA NA NA NA NA NA NA NA NA NA NA NA NA 0.332068945104803 0.937669181445351 0.710231376608135 0.399420233027907 0.497226417495652 -0.0300727453114228 -0.144198565464951 -0.302246825112906 -0.408109562701073 -0.137321716790469 -0.0990113000519719 -0.0406445031008479 0.019955860345574 0.0184383353234114 0.326324255589835 0.274213407562418 0.0882046628395488 -0.0195361077557092 -0.216921512584736 -0.40554699909916 -0.511561532058212 -0.179100147629857 -0.226271198242659 -0.180257016319705 -0.0634530642787106 -0.27759814850078 -0.175810770347888 -0.132476086677731 -0.0481440225487036 0.0460270592795906 -0.325561055145664 -0.459124982382762 -0.563667676848272 -0.658441821914137 -0.72999328612832 -0.575848523899418 -0.358645946353296 -0.276260564752921 -0.0664628372019933 0.0227883224807948 0.17789034560061 0.266240455742944 0.141836376449501 -0.00689033020560817 -0.0702409847868094 0.134805853848963 0.367917979070604 0.469194792807889 0.501319311963435 0.444952287547042 0.462556708852011 0.355048498302785 -0.0114856338757503 0.0205444355441068 0.0708424667635643 0.169029395976235 0.180772345090922 -0.0518419783387952 -0.374637821975403 -0.433759857271705 -0.43600849774231 -0.6799287870062 NA NA NA NA NA NA NA NA NA NA NA NA NA NA NA NA NA NA
NA NA NA NA NA NA NA NA NA NA NA NA NA NA NA NA NA NA NA NA 0.311775908280498 0.852258910884762 0.629317646833532 0.460453926574472 0.469147728885866 0.0972467758596774 -0.142646194174539 -0.127676495708783 -0.0230732042202352 -0.18322019857967 -0.314370232128936 -0.184998572080917 0.0620633807874172 0.162682873422032 0.0800284981445569 0.081272444760406 -0.0724224682157806 -0.106819505632995 -0.312258946690482 -0.368957772515037 -0.457755273693631 0.0224108986063833 0.0530073962484698 -0.00418845622656899 -0.0197607021243523 -0.144366980058626 -0.0623254763792325 -0.291624864552766 -0.113717763651294 0.0132862460931568 -0.25325693848595 -0.213703259501924 -0.172218713506875 -0.0966260300116557 -0.43527015626461 -0.46969695887878 -0.26674532011551 -0.118261360087505 0.0881689700591575 0.287958248335645 0.167399919969304 0.28835912334493 0.293663094080657 0.295312983733398 0.296629240318211 0.506821424731928 0.542756182379109 0.533568305329321 0.546492062720618 0.501928678798741 0.504942677944973 0.440896469477191 0.0194867670600081 0.123492685972648 0.34499174631496 0.326813252333396 0.157253733604934 -0.138991887713741 -0.472982662237035 -0.501570798968642 -0.553222820759426 NA NA NA NA NA NA NA NA NA NA NA NA NA NA NA NA NA NA NA
NA NA NA NA NA NA NA NA NA NA NA NA NA NA NA NA NA NA NA NA 0.190503536081191 0.604018153088482 0.446760776954244 0.416125059567186 0.585294761298805 0.0455011559882937 0.0241026336173002 0.46492966457093 0.261784785321498 0.0178224512352949 -0.203682270543847 -0.142208510353343 0.0140963274895146 0.211346756004117 0.0144125809567624 0.0510547761386747 -0.0767012476189864 -0.10758816839018 -0.31736086948289 -0.295008770597733 -0.170500083516038 0.191075794986778 0.155278628336937 0.0407357681848387 -0.0701596072311079 -0.240085086520455 -0.116689029933726 -0.562960132800377 -0.139275712270138 -0.0343183203268396 -0.308818972441886 -0.125140388464596 -0.118366584296526 -0.00358302095486871 -0.213967799879133 -0.386128098913851 -0.227366280076224 -0.048858552255501 0.108709942987544 0.326514494026071 0.197500459128676 0.190840806756595 0.279658310594706 0.346748685525783 0.35796909248068 0.521075422589125 0.479310396377707 0.549457009755576 0.748559841343237 0.656626153374218 0.512192975258915 0.474334039282682 0.362215512479941 0.423961697471025 0.552119560294564 0.454201412094485 0.304549547717529 0.174656001765 -0.387475576990565 -0.47104718673033 -0.458843288703721 NA NA NA NA NA NA NA NA NA NA NA NA NA NA NA NA NA NA NA
NA NA NA NA NA NA NA NA NA NA NA NA NA NA NA NA NA NA NA NA 0.0790222182582086 0.491145639599731 0.542540061868747 0.236106358796403 0.189520325423852 0.264295825840806 0.4094183346296 0.778557707131886 0.495796397377055 0.344862908453011 0.315624633645601 0.305250495493452 0.192035045532353 0.149139228692295 -0.126163999751961 -0.0469029025433759 0.0213579406479016 -0.0487999650751724 -0.307781457924557 -0.278381844772309 -0.0409349315726955 0.154096704929532 0.0151650085163108 -0.128697523936214 -0.215539282293647 -0.451701168356953 -0.493374913333784 -0.796600748653604 -0.514147052532923 -0.399568938640549 -0.620975511372952 -0.324238145334911 -0.124073966579947 0.231388887162316 0.362479247431022 0.100182143191395 -0.184308998015174 0.0873329926648276 0.197943565165335 0.352544937517462 0.122252691726091 -0.0169240144758951 0.280054018628493 0.409248078120297 0.510215245517708 0.363258173550312 0.36431203834157 0.493621254096202 0.548479618963258 0.429474363163203 0.54301582753319 0.4758241884632 0.562177456555425 0.642589675812636 0.544095842998673 0.366578393055933 0.378432612119688 0.306503873121083 0.0760505475295053 -0.238702530392954 NA NA NA NA NA NA NA NA NA NA NA NA NA NA NA NA NA NA NA NA
NA NA NA NA NA NA NA NA NA NA NA NA NA NA NA NA NA NA NA NA 0.114358732585011 0.575260733097581 0.585147957503617 0.283929997411931 0.286257097690773 0.257726217734399 0.450205984321642 0.543171398056552 0.586996362449361 0.564032556585784 0.423694817655708 0.316082975650789 0.228174969782474 0.0727209290666389 -0.0597045949302019 -0.0175303435246838 0.0438177505555034 -0.0235453718160962 -0.306873479062572 -0.325859842392427 -0.0524533587608284 0.134959979563333 -0.0821027868291885 -0.235532677600622 -0.281898098661807 -0.517797676606242 -0.565153584753755 -0.767070358065926 -0.553861775047982 -0.449348973177188 -0.565591386603785 -0.255248611987215 -0.0500885599541515 0.320604812329116 0.526131086610805 0.123286233612041 -0.262954548532015 0.026267700580741 0.185142652052554 0.342759866754726 0.069674354539368 -0.333496143038055 0.223474907066155 0.391607916676898 0.521300413415755 0.075878775540856 -0.165786228541896 -0.211732175120245 0.358622362108336 0.381580351542016 0.619004763512611 0.46765066874762 0.540400607346694 0.616286421115828 0.306165135975142 0.19652643863314 0.30201305646006 0.173828473519617 0.0751524705497556 -0.399747239436836 NA NA NA NA NA NA NA NA NA NA NA NA NA NA NA NA NA NA NA NA
NA NA NA NA NA NA NA NA NA NA NA NA NA NA NA NA NA NA NA NA NA 0.424687191752103 0.51013768223438 0.54145172098339 0.598868365990074 0.480225031370229 0.455353321840651 0.0780584150563946 0.394238653740463 0.43549543138844 0.408162976429254 0.252463667014968 0.200093668402763 -0.00496857702247092 -0.0197471085171215 0.0593601893240327 0.183466721488751 0.13724763432507 -0.279260766283589 -0.321126423687091 -0.164826206495722 0.0789984073830695 -0.140825465672889 -0.3144941792745 -0.320110843095171 -0.437281610065479 -0.372981390327912 -0.581772432065573 -0.368180994388976 -0.315969108719221 -0.470119868677867 -0.432907484454838 -0.289013271478112 0.238316580019157 0.471490361212477 0.150012224462158 -0.174027792063687 0.134178795172268 0.321573648109874 0.377365654033611 0.292783452338878 -0.337210865291957 0.147531517590901 0.296836466428355 0.51855901166167 -0.0815265351852944 -0.643493233780626 -0.513170561195199 0.267015997039343 0.375274756216672 0.3431052483856 0.453913779394522 0.558124230726627 0.553198910237675 0.0586487245592285 -0.168123081932996 0.0102284266942063 -0.00716034283390328 -0.199927089905942 NA NA NA NA NA NA NA NA NA NA NA NA NA NA NA NA NA NA NA NA NA
NA NA NA NA NA NA NA NA NA NA NA NA NA NA NA NA NA NA NA NA NA NA 0.438427459411696 0.693328351188706 0.715768603349481 0.748057482426364 0.581783834523064 -0.290736936921088 -0.153842516294364 -0.109553515653564 0.120031168672184 0.147755719308114 0.1335457857166 0.0817650828228846 0.0848584875725474 0.10856598274119 0.261544908349085 0.339781806072405 -0.240146756374499 -0.231245582938238 -0.180832294790558 0.0330494183555612 -0.21424461062338 -0.328176686391934 -0.338163743849688 -0.489296621535541 -0.42354300690186 -0.24824741633808 -0.114402249530084 -0.132760236638175 -0.374809359639613 -0.608226862287424 -0.551285465783332 0.207999495670295 0.416478678206106 0.0960493077409343 -0.156553282228751 -0.0147589280922122 0.12457580542795 0.263665660395141 0.322670142267028 -0.068669833748464 0.130672970645623 0.352731237249478 0.685549594374269 0.168295341329793 -0.810777101286094 -0.233133025971078 -0.0404499044684696 0.196961629938886 0.108347327657057 0.386600010369274 0.487481919213084 0.41615783891345 0.0347511389895194 -0.320170196166782 -0.243960586763427 -0.144614544025982 NA NA NA NA NA NA NA NA NA NA NA NA NA NA NA NA NA NA NA NA NA NA
NA NA NA NA NA NA NA NA NA NA NA NA NA NA NA NA NA NA NA NA NA NA -0.0816717669576847 0.510368099068954 0.659643972296125 0.715382501473087 0.576500506854305 -0.103680206900583 -0.221322527814895 -0.226468600522147 -0.0265462807279298 0.0373452741248336 0.035190277589942 0.179170017346202 0.0417878357327877 0.0748355045218939 0.22408663086613 0.660920463499544 0.428627796980448 0.61220153640368 0.443089071312953 0.425671811154654 0.0565999240755095 -0.277871369356507 -0.119795656786774 -0.38569355713545 -0.492892174280541 -0.305497088305403 -0.170594283472442 -0.143917544340122 -0.506252169757636 -0.68063358990449 -0.455870850947935 0.135978057798293 0.276379503345772 -0.0721529807732277 -0.191131897129304 -0.249139844179904 -0.216293274765171 0.116018551007484 0.353955754452666 0.0310547627903897 0.259548907684012 0.391499767699383 0.590853727451219 0.178609095401209 -0.463244089620317 -0.169072355336796 -0.114409405660101 0.210239951912733 0.24832799834278 0.32584842325441 0.415374692687286 0.058113319541369 -0.14500825162234 -0.465072571213326 -0.438819141627498 NA NA NA NA NA NA NA NA NA NA NA NA NA NA NA NA NA NA NA NA NA NA NA
NA NA NA NA NA NA NA NA NA NA NA NA NA NA NA NA NA NA NA NA NA NA NA 0.00862276860392164 0.561289228466185 0.597563250311781 0.605290014340848 0.639726077845116 0.212413289712025 -0.311725547288608 -0.267748166278307 -0.258571532008934 -0.261003513129907 -0.0113037927879722 -0.178595203614004 0.0589890565067878 0.266460488403582 0.685720660442459 0.492275352931918 0.784165888940725 0.721522994444489 0.49995015616679 0.309194913281186 -0.0993701665789608 -0.0601477145928196 -0.19859087493204 -0.325117808253373 -0.010885110376429 -0.13428767474115 -0.013358648175325 -0.346511242680199 -0.58576443050176 -0.389727334930803 0.234076948788457 0.266505359282405 0.0420477011482151 -0.116348864522119 -0.31555439968435 -0.394283740178872 0.0553476890686397 0.500016180668711 0.20344142503224 0.410793904922212 0.377034619447143 0.549792338477275 0.32911034402327 -0.0289580700596765 0.0424196629986464 -0.188762853210358 0.44849304141303 0.677194038989646 0.35612738699044 0.601523357454022 0.0684816931065408 -0.320837228896154 -0.542788960306407 NA NA NA NA NA NA NA NA NA NA NA NA NA NA NA NA NA NA NA NA NA NA NA NA
NA NA NA NA NA NA NA NA NA NA NA NA NA NA NA NA NA NA NA NA NA NA NA NA 0.276316198890906 0.571777256507093 0.60346388111697 0.382435439121306 0.0867461484101308 -0.263141052897455 -0.314351985599095 -0.10883919207462 -0.0909077330378831 -0.197081696199568 -0.354997950917072 -0.0398735887260663 0.254717610576118 0.45609852363078 0.16863403692064 0.473193257505042 0.555202767274096 0.507118664229366 0.424919147727037 0.200144839847743 0.120584740278353 -0.229439580359796 -0.418448996106826 -0.00626315978321712 -0.0488224886180584 0.0254951673018707 -0.242238743269684 -0.429451332460364 -0.404388837191932 0.0418747639932255 0.0291011423872753 0.102008506974589 0.0916189161080398 -0.185120507141135 -0.448265500374397 -0.101745437410019 0.58102030790331 0.431741705008016 0.541042155830767 0.334302016899423 0.388925844670434 0.283754701873719 0.0433209875713797 0.452001170185091 -0.28522738657203 0.171710646291465 0.343128027891631 0.271278540784029 0.519317608757269 -0.0415696022857492 -0.575559334460161 NA NA NA NA NA NA NA NA NA NA NA NA NA NA NA NA NA NA NA NA NA NA NA NA NA
NA NA NA NA NA NA NA NA NA NA NA NA NA NA NA NA NA NA NA NA NA NA NA NA NA -0.0607160996921945 0.0145947302399194 0.352769368015408 0.0951249858858952 0.0525984428455382 0.0610659415063202 0.173257384384617 0.258789709350161 -0.232799359508219 -0.380516553897033 -0.0189482713662625 0.362005441208711 0.381034362094685 0.12223284594589 0.320406392808072 0.48868575198308 0.470227065652276 0.351982476128948 0.242874057800734 0.112674982736873 -0.241145796965275 -0.503993988432033 -0.138189206874259 -0.211452819008839 -0.115090866692318 -0.0764394536949618 -0.347132416893107 -0.596240094597941 0.0784630878291732 0.168361499247306 0.566244937901191 0.26319537787828 -0.0751053280898113 -0.389699009084606 -0.0812999650673848 0.734876170536134 0.650388559976489 0.762476348908771 0.294491738059358 0.334684192412551 0.318519657134821 0.134781849947428 0.701747043539884 -0.199098781006814 -0.286981685825956 -0.141539310516857 -0.21591397537534 -0.314880586377934 -0.296103048299881 NA NA NA NA NA NA NA NA NA NA NA NA NA NA NA NA NA NA NA NA NA NA NA NA NA NA
NA NA NA NA NA NA NA NA NA NA NA NA NA NA NA NA NA NA NA NA NA NA NA NA NA NA -0.0932933167663026 0.48727043340504 0.249173268875621 0.241818146345978 0.437628093831406 0.335163551423589 0.37172131030907 -0.285747408614799 -0.372811798140642 -0.0474076368256678 0.385673864317377 -0.0755284507995881 -0.151856265511826 0.122786006154661 0.316957725848737 0.369594100478914 0.286514811872451 0.0128414969299926 -0.188982209457348 -0.466835025409705 -0.56083483685216 -0.189831186364571 -0.219270451803363 -0.1094154191875 0.0999493797298218 -0.0302735114226516 0.0584859822156389 -0.0292242043140111 0.077777596763357 0.679256297018747 0.354128021644492 0.140551145502119 0.0513711089366527 0.164589816991472 0.680324501427458 0.550197968851558 0.783801803100622 0.226594480334914 0.127088613721365 0.201567543497742 0.217591008466595 0.85627646848957 -0.029808158008293 -0.241165392684769 -0.244885257751103 -0.0140112995660087 NA NA NA NA NA NA NA NA NA NA NA NA NA NA NA NA NA NA NA NA NA NA NA NA NA NA NA NA
NA NA NA NA NA NA NA NA NA NA NA NA NA NA NA NA NA NA NA NA NA NA NA NA NA NA NA 0.0882954549766571 0.0191394476434007 0.0485216402683481 0.16829157008424 0.205784340672713 0.252539031675579 -0.307387410435282 -0.422891584091519 -0.0761983787511376 0.401305334159942 -0.217004600841593 -0.196179049062568 0.103059848210614 0.433674117993996 0.352068108157735 0.203857133151801 0.0526792770204068 -0.254764643362645 -0.554931546585007 -0.450313241827644 -0.304238860143558 -0.162906826667812 0.0858597756913496 0.213226076667954 0.495491214785696 0.375219367669304 -0.330054137012121 -0.36187363894937 -0.0313714038891086 0.132817241275452 0.134809248625704 0.14838313434671 0.0672971626718988 0.387329765340092 0.424545825575985 0.760430521254629 0.224886983974817 0.0798577342213326 0.155911258315456 0.262865894613981 0.437665097493719 -0.18668122104877 -0.582581264751848 -0.632302843175633 NA NA NA NA NA NA NA NA NA NA NA NA NA NA NA NA NA NA NA NA NA NA NA NA NA NA NA NA NA
NA NA NA NA NA NA NA NA NA NA NA NA NA NA NA NA NA NA NA NA NA NA NA NA NA NA NA NA NA 0.04335310697365 0.392168788968707 0.547385410678378 0.436021084495272 0.22032682063636 -0.12300096965597 -0.30704266719371 0.231149416389237 -0.222378980877741 -0.230132579804966 0.143834210591794 0.463554150554054 0.438539252297002 0.214337108054971 -0.0607745765372056 -0.26727882586138 -0.420241226069453 -0.504237115623088 -0.382205410295841 -0.210420223661461 0.0389019448560961 0.105428767196369 0.409012661549433 0.162072733956319 -0.369954027907018 -0.478988720538916 -0.514548762560539 -0.0319026838645044 0.19205358733668 0.229650572043275 0.199224514980037 0.550681119653369 0.367864324639705 0.61336036650314 -0.113844972116859 0.170107880064907 0.160895778443311 0.0472632475643936 0.00752224957888637 -0.430907205793747 NA NA NA NA NA NA NA NA NA NA NA NA NA NA NA NA NA NA NA NA NA NA NA NA NA NA NA NA NA NA NA
NA NA NA NA NA NA NA NA NA NA NA NA NA NA NA NA NA NA NA NA NA NA NA NA NA NA NA NA NA -0.10177074519406 0.286873285763376 0.414197387587773 0.327693490131916 0.238951794999066 0.338582354388701 0.662524484741559 0.566441836467734 0.236165060308306 -0.073574945753692 0.196278345723617 0.100871334158512 0.329507722958742 0.134414178441464 -0.151531341981853 -0.221213130296902 -0.47182910261436 -0.757148180003008 -0.450789495769173 -0.275044022902198 -0.155548022901092 -0.882100662990164 -0.53680275943552 -0.677107439746918 -0.759257301082113 -0.663190839007963 -0.718461524396403 -0.500767100960892 0.0711109099711225 0.12537895350523 0.179891988428818 0.356104222558367 0.0943754957805298 0.426369064809647 0.792701143716954 0.336584651962483 NA NA NA NA NA NA NA NA NA NA NA NA NA NA NA NA NA NA NA NA NA NA NA NA NA NA NA NA NA NA NA NA NA NA NA
NA NA NA NA NA NA NA NA NA NA NA NA NA NA NA NA NA NA NA NA NA NA NA NA NA NA NA NA NA NA NA NA -0.0585321366588472 0.069832738190969 0.339741050319253 0.779684336205499 0.646040524622368 0.367091012806353 0.205217443225277 0.50641325660245 0.553945806525672 0.331570581293381 0.0671330106724207 -0.206527343582281 -0.344880295322531 -0.375774828195526 -0.582727397310616 -0.324807750074332 -0.257652234556226 -0.244591570803703 -0.893636754882943 -0.37588096536069 -0.504895645730522 -0.568199107740708 -0.517557485712274 -0.791045933410871 -0.676295779524423 0.0526218154774296 0.127993313603233 0.199037634823424 0.326387441293107 0.439720654657976 0.767881847351485 0.765255127611537 NA NA NA NA NA NA NA NA NA NA NA NA NA NA NA NA NA NA NA NA NA NA NA NA NA NA NA NA NA NA NA NA NA NA NA NA
NA NA NA NA NA NA NA NA NA NA NA NA NA NA NA NA NA NA NA NA NA NA NA NA NA NA NA NA NA NA NA NA -0.315789496405383 -0.0345405717197975 0.125264748311224 0.5408057996356 0.682302847458286 0.600718390314578 0.528267381053614 0.675696188007497 0.782503891331069 0.680687062029809 0.212578207175597 0.173235316834415 -0.0365142135559728 -0.319635138852456 -0.619649246309671 -0.320533358128569 -0.131376558256386 -0.00214496984207565 0.057938508189718 0.144628929381354 0.0298366393276423 -0.240582292004566 -0.160747326882657 -0.393746241288189 -0.494081559794681 0.152356177352034 0.1487676372418 0.349964955767398 0.352568374125469 0.478862973994963 0.7135506086731 0.572714177008249 NA NA NA NA NA NA NA NA NA NA NA NA NA NA NA NA NA NA NA NA NA NA NA NA NA NA NA NA NA NA NA NA NA NA NA NA
NA NA NA NA NA NA NA NA NA NA NA NA NA NA NA NA NA NA NA NA NA NA NA NA NA NA NA NA NA NA NA NA NA -0.407073221934034 -0.0835257132980053 0.453957825398952 0.529674664124804 0.586105681284844 0.580555464033145 0.731015199635184 0.824193448668116 0.797493757012807 0.516137528195864 0.277980165368987 0.108773998860013 0.199873959147871 0.0077054232654021 0.501437267759747 0.309489746452828 0.289252570883093 0.385201818857666 0.205583716768287 -0.0252624739135393 -0.309015658385685 -0.15291038511236 -0.0913232054222007 -0.442325178678924 0.0726090744837157 -0.571659593669827 -0.62908293527836 -0.748996692998074 -0.409759951265295 NA NA NA NA NA NA NA NA NA NA NA NA NA NA NA NA NA NA NA NA NA NA NA NA NA NA NA NA NA NA NA NA NA NA NA NA NA NA
NA NA NA NA NA NA NA NA NA NA NA NA NA NA NA NA NA NA NA NA NA NA NA NA NA NA NA NA NA NA NA NA NA NA NA -0.322784565841435 -0.0732921798872783 0.197291202747802 0.237925820833134 0.324524017935716 0.266285319261394 0.140296249581162 0.104489817521099 0.127133295866812 0.152655352476127 0.0377026376844299 0.0203291722556597 0.460251257555398 0.586280841781492 0.498926595323124 0.392193861972195 0.0930849065541608 -0.0310070926950712 -0.296107824505303 -0.0529643991325167 0.139279283587248 -0.0161975795955667 NA NA NA NA NA NA NA NA NA NA NA NA NA NA NA NA NA NA NA NA NA NA NA NA NA NA NA NA NA NA NA NA NA NA NA NA NA NA NA NA NA NA NA
NA NA NA NA NA NA NA NA NA NA NA NA NA NA NA NA NA NA NA NA NA NA NA NA NA NA NA NA NA NA NA NA NA NA NA NA NA NA 0.0726887935743903 0.228104561367773 0.0797351318834916 -0.0616925273409653 0.175122451285174 0.013644148311041 -0.0358721344094936 -0.162848053476956 -0.132892334295123 -0.118912329621914 -0.0286430931370808 0.168385482869233 0.0570078953313527 -0.242916679991534 -0.0934783115763073 -0.345501997099094 0.0953615687360677 0.447950956319874 NA NA NA NA NA NA NA NA NA NA NA NA NA NA NA NA NA NA NA NA NA NA NA NA NA NA NA NA NA NA NA NA NA NA NA NA NA NA NA NA NA NA NA NA
NA NA NA NA NA NA NA NA NA NA NA NA NA NA NA NA NA NA NA NA NA NA NA NA NA NA NA NA NA NA NA NA NA NA NA NA NA NA NA NA NA NA -0.509943587368392 -0.682166206861954 -0.68652962053189 -0.620455740405263 -0.500779599649078 -0.331103900132744 -0.306802461366649 -0.105215342798825 NA NA NA NA NA NA NA NA NA NA NA NA NA NA NA NA NA NA NA NA NA NA NA NA NA NA NA NA NA NA NA NA NA NA NA NA NA NA NA NA NA NA NA NA NA NA NA NA NA NA
NA NA NA NA NA NA NA NA NA NA NA NA NA NA NA NA NA NA NA NA NA NA NA NA NA NA NA NA NA NA NA NA NA NA NA NA NA NA NA NA NA NA NA NA NA NA NA NA NA NA NA NA NA NA NA NA NA NA NA NA NA NA NA NA NA NA NA NA NA NA NA NA NA NA NA NA NA NA NA NA NA NA NA NA NA NA NA NA NA NA NA NA NA NA NA NA NA NA NA NA
NA NA NA NA NA NA NA NA NA NA NA NA NA NA NA NA NA NA NA NA NA NA NA NA NA NA NA NA NA NA NA NA NA NA NA NA NA NA NA NA NA NA NA NA NA NA NA NA NA NA NA NA NA NA NA NA NA NA NA NA NA NA NA NA NA NA NA NA NA NA NA NA NA NA NA NA NA NA NA NA NA NA NA NA NA NA NA NA NA NA NA NA NA NA NA NA NA NA NA NA
NA NA NA NA NA NA NA NA NA NA NA NA NA NA NA NA NA NA NA NA NA NA NA NA NA NA NA NA NA NA NA NA NA NA NA NA NA NA NA NA NA NA NA NA NA NA NA NA NA NA NA NA NA NA NA NA NA NA NA NA NA NA NA NA NA NA NA NA NA NA NA NA NA NA NA NA NA NA NA NA NA NA NA NA NA NA NA NA NA NA NA NA NA NA NA NA NA NA NA NA
NA NA NA NA NA NA NA NA NA NA NA NA NA NA NA NA NA NA NA NA NA NA NA NA NA NA NA NA NA NA NA NA NA NA NA NA NA NA NA NA NA NA NA NA NA NA NA NA NA NA NA NA NA NA NA NA NA NA NA NA NA NA NA NA NA NA NA NA NA NA NA NA NA NA NA NA NA NA NA NA NA NA NA NA NA NA NA NA NA NA NA NA NA NA NA NA NA NA NA NA
NA NA NA NA NA NA NA NA NA NA NA NA NA NA NA NA NA NA NA NA NA NA NA NA NA NA NA NA NA NA NA NA NA NA NA NA NA NA NA NA NA NA NA NA NA NA NA NA NA NA NA NA NA NA NA NA NA NA NA NA NA NA NA NA NA NA NA NA NA NA NA NA NA NA NA NA NA NA NA NA NA NA NA NA NA NA NA NA NA NA NA NA NA NA NA NA NA NA NA NA
NA NA NA NA NA NA NA NA NA NA NA NA NA NA NA NA NA NA NA NA NA NA NA NA NA NA NA NA NA NA NA NA NA NA NA NA NA NA NA NA NA NA NA NA NA NA NA NA NA NA NA NA NA NA NA NA NA NA NA NA NA NA NA NA NA NA NA NA NA NA NA NA NA NA NA NA NA NA NA NA NA NA NA NA NA NA NA NA NA NA NA NA NA NA NA NA NA NA NA NA
NA NA NA NA NA NA NA NA NA NA NA NA NA NA NA NA NA NA NA NA NA NA NA NA NA NA NA NA NA NA NA NA NA NA NA NA NA NA NA NA NA NA NA NA NA NA NA NA NA NA NA NA NA NA NA NA NA NA NA NA NA NA NA NA NA NA NA NA NA NA NA NA NA NA NA NA NA NA NA NA NA NA NA NA NA NA NA NA NA NA NA NA NA NA NA NA NA NA NA NA
NA NA NA NA NA NA NA NA NA NA NA NA NA NA NA NA NA NA NA NA NA NA NA NA NA NA NA NA NA NA NA NA NA NA NA NA NA NA NA NA NA NA NA NA NA NA NA NA NA NA NA NA NA NA NA NA NA NA NA NA NA NA NA NA NA NA NA NA NA NA NA NA NA NA NA NA NA NA NA NA NA NA NA NA NA NA NA NA NA NA NA NA NA NA NA NA NA NA NA NA
NA NA NA NA NA NA NA NA NA NA NA NA NA NA NA NA NA NA NA NA NA NA NA NA NA NA NA NA NA NA NA NA NA NA NA NA NA NA NA NA NA NA NA NA NA NA NA NA NA NA NA NA NA NA NA NA NA NA NA NA NA NA NA NA NA NA NA NA NA NA NA NA NA NA NA NA NA NA NA NA NA NA NA NA NA NA NA NA NA NA NA NA NA NA NA NA NA NA NA NA
NA NA NA NA NA NA NA NA NA NA NA NA NA NA NA NA NA NA NA NA NA NA NA NA NA NA NA NA NA NA NA NA NA NA NA NA NA NA NA NA NA NA NA NA NA NA NA NA NA NA NA NA NA NA NA NA NA NA NA NA NA NA NA NA NA NA NA NA NA NA NA NA NA NA NA NA NA NA NA NA NA NA NA NA NA NA NA NA NA NA NA NA NA NA NA NA NA NA NA NA
NA NA NA NA NA NA NA NA NA NA NA NA NA NA NA NA NA NA NA NA NA NA NA NA NA NA NA NA NA NA NA NA NA NA NA NA NA NA NA NA NA NA NA NA NA NA NA NA NA NA NA NA NA NA NA NA NA NA NA NA NA NA NA NA NA NA NA NA NA NA NA NA NA NA NA NA NA NA NA NA NA NA NA NA NA NA NA NA NA NA NA NA NA NA NA NA NA NA NA NA
NA NA NA NA NA NA NA NA NA NA NA NA NA NA NA NA NA NA NA NA NA NA NA NA NA NA NA NA NA NA NA NA NA NA NA NA NA NA NA NA NA NA NA NA NA NA NA NA NA NA NA NA NA NA NA NA NA NA NA NA NA NA NA NA NA NA NA NA NA NA NA NA NA NA NA NA NA NA NA NA NA NA NA NA NA NA NA NA NA NA NA NA NA NA NA NA NA NA NA NA
NA NA NA NA NA NA NA NA NA NA NA NA NA NA NA NA NA NA NA NA NA NA NA NA NA NA NA NA NA NA NA NA NA NA NA NA NA NA NA NA NA NA NA NA NA NA NA NA NA NA NA NA NA NA NA NA NA NA NA NA NA NA NA NA NA NA NA NA NA NA NA NA NA NA NA NA NA NA NA NA NA NA NA NA NA NA NA NA NA NA NA NA NA NA NA NA NA NA NA NA
NA NA NA NA NA NA NA NA NA NA NA NA NA NA NA NA NA NA NA NA NA NA NA NA NA NA NA NA NA NA NA NA NA NA NA NA NA NA NA NA NA NA NA NA NA NA NA NA NA NA NA NA NA NA NA NA NA NA NA NA NA NA NA NA NA NA NA NA NA NA NA NA NA NA NA NA NA NA NA NA NA NA NA NA NA NA NA NA NA NA NA NA NA NA NA NA NA NA NA NA
