0 0 0 0 0 0 0 0 0 0 0 0 0 0 0 0 0 0 0 0 0 0 0 0 0 0 0 0 0 0 0 0 0 0 0 0 0 0 0 0 0 0 0 0 0 0 0 0 0 0 0 0 0 0 0 0 0 0 0 0 0 0 0 0 0 0 0 0 0 0 0 0 0 0 0 0 0 0 0 0 0 0 0 0 0 0 0 0 0 0 0 0 0 0 0 0 0 0 0 0
0 0 0 0 0 0 0 0 0 0 0 0 0 0 0 0 0 0 0 0 0 0 0 0 0 0 0 0 0 0 0 0 0 0 0 0 0 0 0 0 0 0 0 0 0 0 0 0 0 0 0 0 0 0 0 0 0 0 0 0 0 0 0 0 0 0 0 0 0 0 0 0 0 0 0 0 0 0 0 0 0 0 0 0 0 0 0 0 0 0 0 0 0 0 0 0 0 0 0 0
0 0 0 0 0 0 0 0 0 0 0 0 0 0 0 0 0 0 0 0 0 0 0 0 0 0 0 0 0 0 0 0 0 0 0 0 0 0 0 0 0 0 0 0 0 0 0 0 0 0 0 0 0 0 0 0 0 0 0 0 0 0 0 0 0 0 0 0 0 0 0 0 0 0 0 0 0 0 0 0 0 0 0 0 0 0 0 0 0 0 0 0 0 0 0 0 0 0 0 0
0 0 0 0 0 0 0 0 0 0 0 0 0 0 0 0 0 0 0 0 0 0 0 0 0 0 0 0 0 0 0 0 0 0 0 0 0 0 0 0 0 0 0 0 0 0 0 0 0 0 0 0 0 0 0 0 0 0 0 0 0 0 0 0 0 0 0 0 0 0 0 0 0 0 0 0 0 0 0 0 0 0 0 0 0 0 0 0 0 0 0 0 0 0 0 0 0 0 0 0
0 0 0 0 0 0 0 0 0 0 0 0 0 0 0 0 0 0 0 0 0 0 0 0 0 0 0 0 0 0 0 0 0 0 0 0 0 0 0 0 0 0 0 0 0 0 0 0 0 0 0 0 0 0 0 0 0 0 0 0 0 0 0 0 0 0 0 0 0 0 0 0 0 0 0 0 0 0 0 0 0 0 0 0 0 0 0 0 0 0 0 0 0 0 0 0 0 0 0 0
0 0 0 0 0 0 0 0 0 0 0 0 0 0 0 0 0 0 0 0 0 0 0 0 0 0 0 0 0 0 0 0 0 0 0 0 0 0 0 0 0 0 0 0 0 0 0 0 0 0 0 0 0 0 0 0 0 0 0 0 0 0 0 0 0 0 0 0 0 0 0 0 0 0 0 0 0 0 0 0 0 0 0 0 0 0 0 0 0 0 0 0 0 0 0 0 0 0 0 0
0 0 0 0 0 0 0 0 0 0 0 0 0 0 0 0 0 0 0 0 0 0 0 0 0 0 0 0 0 0 0 0 0 0 0 0 0 0 0 0 0 0 0 0 0 0 0 0 0 0 0 0 0 0 0 0 0 0 0 0 0 0 0 0 0 0 0 0 0 0 0 0 0 0 0 0 0 0 0 0 0 0 0 0 0 0 0 0 0 0 0 0 0 0 0 0 0 0 0 0
0 0 0 0 0 0 0 0 0 0 0 0 0 0 0 0 0 0 0 0 0 0 0 0 0 0 0 0 0 0 0 0 0 0 0 0 0 0 0 0 0 0 0 0 0 0 0 0 0 0 0 0 0 0 0 0 0 0 0 0 0 0 0 0 0 0 0 0 0 0 0 0 0 0 0 0 0 0 0 0 0 0 0 0 0 0 0 0 0 0 0 0 0 0 0 0 0 0 0 0
0 0 0 0 0 0 0 0 0 0 0 0 0 0 0 0 0 0 0 0 0 0 0 0 0 0 0 0 0 0 0 0 0 0 0 0 0 0 0 0 0 0 0 0 0 0 0 0 0 0 0 0 0 0 0 0 0 0 0 0 0 0 0 0 0 0 0 0 0 0 0 0 0 0 0 0 0 0 0 0 0 0 0 0 0 0 0 0 0 0 0 0 0 0 0 0 0 0 0 0
0 0 0 0 0 0 0 0 0 0 0 0 0 0 0 0 0 0 0 0 0 0 0 0 0 0 0 0 0 0 0 0 0 0 0 0 0 0 0 0 0 0 0 0 0 0 0 0 0 0 0 0 0 0 0 0 0 0 0 0 0 0 0 0 0 0 0 0 0 0 0 0 0 0 0 0 0 0 0 0 0 0 0 0 0 0 0 0 0 0 0 0 0 0 0 0 0 0 0 0
0 0 0 0 0 0 0 0 0 0 0 0 0 0 0 0 0 0 0 0 0 0 0 0 0 0 0 0 0 0 0 0 0 0 0 0 0 0 0 0 0 0 0 0 0 0 0 0 0 0 0 0 0 0 0 0 0 0 0 0 0 0 0 0 0 0 0 0 0 0 0 0 0 0 0 0 0 0 0 0 0 0 0 0 0 0 0 0 0 0 0 0 0 0 0 0 0 0 0 0
0 0 0 0 0 0 0 0 0 0 0 0 0 0 0 0 0 0 0 0 0 0 0 0 0 0 0 0 0 0 0 0 0 0 0 0 0 0 0 0 0 0 0 0 0 0 0 0 0 0 0 0 0 0 0 0 0 0 0 0 0 0 0 0 0 0 0 0 0 0 0 0 0 0 0 0 0 0 0 0 0 0 0 0 0 0 0 0 0 0 0 0 0 0 0 0 0 0 0 0
0 0 0 0 0 0 0 0 0 0 0 0 0 0 0 0 0 0 0 0 0 0 0 0 0 0 0 0 0 0 0 0 0 0 0 0 0 0 0 0 0 0 0 0 0 0 0 0 0 0 0 0 0 0 0 0 0 0 0 0 0 0 0 0 0 0 0 0 0 0 0 0 0 0 0 0 0 0 0 0 0 0 0 0 0 0 0 0 0 0 0 0 0 0 0 0 0 0 0 0
0 0 0 0 0 0 0 0 0 0 0 0 0 0 0 0 0 0 0 0 0 0 0 0 0 0 0 0 0 0 0 0 0 0 0 0 0 0 0 0 0 0.00559638544807912 0 0 0 0 0 0 0 0 0 0 0 0 0 0 0 0 0 0 0 0 0 0 0 0 0 0 0 0 0 0 0 0 0 0 0 0 0 0 0 0 0 0 0 0 0 0 0 0 0 0 0 0 0 0 0 0 0 0
0 0 0 0 0 0 0 0 0 0 0 0 0 0 0 0 0 0 0 0 0 0 0 0 0 0 0 0 0 0 0 0 0 0 0 0 0.00875675639367102 0.0170861657972616 0.00826431651116664 0.00830540636064939 0.00785029521211337 0.0122087772111301 0.0164192815541564 0.0162832903436465 0.0161797174710902 0.0173184318130728 0.0166684368861 0.0172383293954444 0.0170893670694319 0.016146724002478 0.0176422036702813 0.0180918570489316 0.0183498985573094 0.000728016786240728 0.000505971666437301 0 0 0 0 0 0 0 0 0 0 0 0 0 0 0 0 0 0 0 0 0 0 0 0 0 0 0 0 0 0 0 0 0 0 0 0 0 0 0 0 0 0 0 0 0
0 0 0 0 0 0 0 0 0 0 0 0 0 0 0 0 0 0 0 0 0 0 0 0 0 0 0 0 0 0 0 0 0 0 0.0155957054258426 0.0168036810887793 0.0174919405118652 0.0178039742772768 0.0184546164227565 0.0182009223239844 0.0176156784063154 0.016488960907296 0.0164524103719154 0.0171387844452813 0.0166533896528826 0.0179394718884319 0.0178075818021766 0.0163809165105658 0.0152296876488343 0.0174047349441085 0.0192593326534307 0.0193594570479802 0.0191661479679125 0.0175258725769068 0.0151889702009872 0.00859140549445368 0.00781565374491076 0.00764011953033519 0.000622942198535881 0.000152620838641294 0 0 0 0 0 0 0 0 0 0 0 0 0 0 0 0 0 0 0 0 0 0 0 0 0 0 0 0 0 0 0 0 0 0 0 0 0 0 0 0
0 0 0 0 0 0 0 0 0 0 0 0 0 0 0 0 0 0 0 0 0 0 0 0 0 0 0 0 0 0 0 0.00285209751975228 0.0139945921821307 0.0168785623477263 0.0160871570569576 0.0179831600469331 0.0199525045089731 0.0195247344278988 0.018724718826113 0.0182679756265507 0.0189347961753268 0.0192740550862225 0.019103568511342 0.0188678984862741 0.0181223527659248 0.0185813941633938 0.0181810345018868 0.017768914209928 0.0174235210552959 0.0176458289890016 0.0192896273614416 0.0199378690888657 0.0193444676929093 0.0200361195408566 0.0206098525607968 0.0193069616629857 0.0194441367355257 0.0183887887752299 0.00564459021426796 0.00560853027842367 0.0154468749672583 0.00426773025522261 0.00205992646144646 0 0 0 0 0 0 0 0 0 0 0 0 0 0 0 0 0 0 0 0 0 0 0 0 0 0 0 0 0 0 0 0 0 0 0 0 0
0 0 0 0 0 0 0 0 0 0 0 0 0 0 0 0 0 0 0 0 0 0 0 0 0 0 0 0 0 0 0.00712457805181864 0.0145171060615263 0.0140737265769743 0.0154646918836991 0.0155768779275359 0.0183535741586324 0.0194379558467225 0.0186455021823247 0.0182907359525768 0.0184642432614136 0.0203024713200853 0.0215380328954766 0.0219162443659128 0.0216300613491832 0.0210995488075122 0.0207998070840876 0.0196151615046477 0.0211222430732904 0.0211359853436928 0.020734710183492 0.0222803789216752 0.0221803591140277 0.0222202360030139 0.021752501630865 0.0210409759610501 0.0197021821352557 0.0199057083329059 0.0182156392808879 0.00165198760393194 0.00173088304515386 0.0154340489071411 0.0134731773559022 0.0169442741326964 0.0047153588112332 0.00427054655392127 0 0 0 0 0 0 0 0 0 0 0 0 0 0 0 0 0 0 0 0 0 0 0 0 0 0 0 0 0 0 0 0 0 0 0
0 0 0 0 0 0 0 0 0 0 0 0 0 0 0 0 0 0 0 0 0 0 0 0 0 0 0 0 0.00293267643820806 0.0141669836708144 0.0165465079912437 0.0168482319111549 0.015831421752154 0.0169575265479571 0.0180681608418963 0.020266845732758 0.0213578767477169 0.0220376632441161 0.0214020676932337 0.0223910651122934 0.0240017440643953 0.0247753292829898 0.0250702847950117 0.0255246701431923 0.0255423344080164 0.0250718231453192 0.022140615972352 0.041171543264647 0.0562298083980945 0.0215683763608788 0.0230999511613724 0.0237724207097121 0.0243954238791407 0.0237859963219296 0.0217306199890941 0.0210383559172942 0.0213148595036614 0.0191006367697189 0.0141195630278633 0.0147246647670887 0.019336011911897 0.023699384508876 0.0201840029915973 0.0193915388808351 0.0187587617560819 0.0151027812374609 0.012766378993261 0.00341592916602682 0.00321368961588993 0 0 0 0 0 0 0 0 0 0 0 0 0 0 0 0 0 0 0 0 0 0 0 0 0 0 0 0 0 0 0
0 0 0 0 0 0 0 0 0 0 0 0 0 0 0 0 0 0 0 0 0 0 0 0 0 0 0.00238176755930367 0.0103520912831746 0.0136288285658063 0.00758249763370073 0.0140765758493562 0.0149237803136795 0.0163974895894325 0.017423812815356 0.0193698012296539 0.0217441409486807 0.0228769473452224 0.0238388633470536 0.0221366631605196 0.0246999089922231 0.0269342258396634 0.0261429317296109 0.0258372888787275 0.026340356237673 0.0256579794963323 0.0249821381728449 0.0233627819802922 0.0780660397026081 0.0701128997598739 0.0231112489835269 0.0254470127242051 0.0237898457100113 0.0190425287500947 0.0214302672190246 0.0211840980527251 0.0224099233825343 0.0228242787620353 0.0212674777904163 0.020473513658724 0.0204621567582433 0.0207642251046898 0.0253083652482341 0.0212184581835696 0.0207775543959523 0.0202993101199322 0.017565457208385 0.0155487263224523 0.0177817897496859 0.0169750949159631 0.0186793009171488 0.00313778046506277 0 0 0 0 0 0 0 0 0 0 0 0 0 0 0 0 0 0 0 0 0 0 0 0 0 0 0 0 0
0 0 0 0 0 0 0 0 0 0 0 0 0 0 0 0 0 0 0 0 0 0 0 0 0 0.00108313025961851 0.0177445749501198 0.0166391184540261 0.0152886782569521 0.0148574860398505 0.0198180170452879 0.0221635089385264 0.0203311087726465 0.0192264470081947 0.02094020636716 0.0224907881540882 0.0239073846466795 0.0247920227724427 0.0253472351578017 0.0267875790624315 0.0263565071913139 0.0254213923899448 0.0241948185064183 0.0223541863061373 0.018908447759352 0.00351514702809838 0.0238565311354453 0.0626327617351305 0.034828778509955 0.0196823479667452 0.0273937567638845 0.0250136628745415 0.0136029288348372 0.0151658703461127 0.0209726445417635 0.0234215418599649 0.0209879568046308 0.0206914214696262 0.0218537415703731 0.0222500802277721 0.0241277649993854 0.0208986973684752 0.0245424591822279 0.0238254013435974 0.0196744467367905 0.0181969995592275 0.0171393845748387 0.0188790000002797 0.0210391877012372 0.022319152572175 0.0199441819058759 0.015863686835768 0.000478862775655654 0 0 0 0 0 0 0 0 0 0 0 0 0 0 0 0 0 0 0 0 0 0 0 0 0 0 0
0 0 0 0 0 0 0 0 0 0 0 0 0 0 0 0 0 0 0 0 0 0 0 0 0.0117477945022108 0.0186994490027146 0.0191884715813757 0.0149396547817318 0.018184107285429 0.0177939021161809 0.0202408573980865 0.025069629068788 0.0234276138270749 0.0219006060300363 0.0238533557753361 0.0238104247145327 0.0234943235603136 0.0230679933380906 0.0253617360334253 0.0261417584632887 0.0246869835308747 0.0199189147927589 0.0157980267965799 0.014596213744352 0.0133957195413138 0.00150106553864067 0.0236726824520749 0.0241549488673629 0.019909719822708 0.0185932935622137 0.0248106074845247 0.0237523683694693 0.0163940401136917 0.0172722120328459 0.0208652981537259 0.0220951213831218 0.019797803738641 0.0191498499352881 0.0207789892116966 0.0216903025257268 0.0254937600175223 0.0229102845601714 0.0239324256691493 0.0226208308498551 0.0188053423393113 0.0176330480401143 0.0139528909977717 0.0146331574746522 0.0199634925124358 0.0220908120414242 0.0221603653690506 0.0176505466396146 0.0161730142263752 0.00333948223786711 0 0 0 0 0 0 0 0 0 0 0 0 0 0 0 0 0 0 0 0 0 0 0 0 0 0
0 0 0 0 0 0 0 0 0 0 0 0 0 0 0 0 0 0 0 0 0 0 0 0.0141743627257877 0.0114885935797489 0.0177428931840626 0.0223819656032987 0.0188499354326022 0.0210417587998494 0.0219960635069912 0.0242000355259036 0.0229549499012769 0.0229300511726797 0.0215406807338357 0.0232164743720853 0.0226744299047742 0.0228610579192758 0.0234967456493581 0.025568714490461 0.0267803779417163 0.0266249452817956 0.0210856724984292 0.0164814443513731 0.0153897573891654 0.0151365483080603 0.00150106553864067 0.022060994068909 0.0222364233181955 0.0210541476460476 0.0218724566623728 0.0240871200954155 0.0239880785606166 0.0202002278571332 0.0201854868916272 0.0222752474223145 0.0225520476702831 0.0218073516834432 0.0218386678492584 0.021337590731844 0.021670693022979 0.0232604066472802 0.0226632860208223 0.0203430867360121 0.0200015043977001 0.0203331548810448 0.0238759238865197 0.0239518431311711 0.0182742040992794 0.0194616791423245 0.0214722379808732 0.0225785788051527 0.0208770932192672 0.0198901627091835 0.0236223318060658 0.0253172253569892 0 0 0 0 0 0 0 0 0 0 0 0 0 0 0 0 0 0 0 0 0 0 0 0 0
0 0 0 0 0 0 0 0 0 0 0 0 0 0 0 0 0 0 0 0 0 0 0.0143263444317628 0.0158963429238811 0.0120988050899022 0.0186364794656057 0.0220025595306856 0.0215174608804377 0.0234132048279935 0.0234139228432118 0.0241326286694145 0.0210106129130449 0.02288952551652 0.0214111785404548 0.0200297308696516 0.0227096904723224 0.0242799357715053 0.0247856202299244 0.024998478263095 0.0255689758094487 0.0269670787320744 0.0227835610913684 0.0206415275826771 0.0200841903428849 0.0196115772987039 0.00150106553864067 0.0205459052837761 0.0213140964937123 0.0211359925421972 0.0219429857306651 0.0245206441560853 0.0242258008576361 0.0226239329402635 0.0238812641219111 0.0233626532745429 0.0237398988695966 0.0234585199802264 0.0221118538145131 0.0204787557848429 0.0208905376816382 0.0214405249360855 0.0205967418175931 0.0193150519532952 0.0200015880884199 0.0222424914286217 0.0247309867298728 0.0277131985657381 0.0237645123462326 0.0200919478139961 0.0205800545294603 0.0221918804649629 0.0225709459444526 0.0200919561867048 0.0208353203639104 0.0278388415225728 0.0229455222603531 0.0154689382987686 0 0 0 0 0 0 0 0 0 0 0 0 0 0 0 0 0 0 0 0 0 0 0
0 0 0 0 0 0 0 0 0 0 0 0 0 0 0 0 0 0 0 0 0 0.0173405989135447 0.0166249860909836 0.0194232903250035 0.0142000713693874 0.0153448512585523 0.0209324895471904 0.0224947991287789 0.024025162364201 0.0247289888699388 0.0216762163266991 0.021460345195641 0.0222515126829408 0.0218396619533737 0.0201995877317759 0.022117654288091 0.0247708001266103 0.0253193089470062 0.0247195064711866 0.0226232692163768 0.0224028323050849 0.023474055029268 0.0243910519611595 0.0220536171068955 0.0208273217700624 0.014620086449299 0.0200449482111665 0.0211730134908369 0.0214366520819362 0.0217817948220961 0.0201042630251251 0.00507999093204033 0.00858479235189766 0.0238587181732627 0.0234697745305217 0.0233831874767933 0.0233826273271558 0.0213148649871132 0.0199503462324247 0.020561113147122 0.0214474572448398 0.0207632764710453 0.0204537464968386 0.0210764291991878 0.0214551316448074 0.0225818333688411 0.024459235968837 0.023896915701952 0.0213666479648166 0.0211623071031469 0.0215602080318776 0.0207830196723726 0.0194441377395151 0.0204989903739216 0.0228895152137589 0.0218752573764193 0.0260458095857889 0.0219651656346712 0 0 0 0 0 0 0 0 0 0 0 0 0 0 0 0 0 0 0 0 0 0
0 0 0 0 0 0 0 0 0 0 0 0 0 0 0 0 0 0 0 0 0.0152950303964252 0.0152461724211766 0.0176397734964372 0.0201212722507003 0.0160653234639876 0.0182190463751152 0.0239789450518205 0.0229137214433636 0.0206113333609266 0.0220742287939131 0.0221625850017312 0.0214136454275229 0.0217093202238791 0.0220997144484395 0.0217994373590681 0.0223583828526461 0.023547244497028 0.0240327323527301 0.0240557943785431 0.0227946550711105 0.0226341563403293 0.0236953400569806 0.0248924667128286 0.0229026327124942 0.0222314036168197 0.0226736416850222 0.0201073030371497 0.0219154540851644 0.0218788823105985 0.0213649163700525 0.0185028366269012 0.00150106553864067 0.00677291543519572 0.0235412156808855 0.0217659393679005 0.0225181893066996 0.0238656944273158 0.0217952980509859 0.0202644961201491 0.0211707541692498 0.0225546105676475 0.0218565813411987 0.0210908756434833 0.0209735822234358 0.0196571392910575 0.0202225831518626 0.0208478873692235 0.0211883520256721 0.0219261688710813 0.0223545926128974 0.0214084276163712 0.0198631473447187 0.0204454119554461 0.0270386886044598 0.0190819378104584 0.0200599771570291 0.0223762749546778 0.0203944945141222 0.0168697154995603 0.0157994652701609 0 0 0 0 0 0 0 0 0 0 0 0 0 0 0 0 0 0 0 0
0 0 0 0 0 0 0 0 0 0 0 0 0 0 0 0 0 0 0 0.0116617972970213 0.0178182875448763 0.0174067965171155 0.0216587015606239 0.0221913629882493 0.0212089755851971 0.0214632918913916 0.0229443375215469 0.0215213382051957 0.0192581473481439 0.0196340073952833 0.0223059776595904 0.0229910570013987 0.0240212075046225 0.0242276796976372 0.0236623139617972 0.0233427238322427 0.0240771554800919 0.0238324046206464 0.0237105623045241 0.0237868129752634 0.0231842025641501 0.0226079430610059 0.023957483677294 0.0231277914539057 0.0225770050538713 0.0228758322606718 0.0215577136446125 0.0224336232690685 0.0222423730462136 0.0223868440165376 0.0207332228891313 0.00925610055230676 0.0136041483837857 0.0224764920890176 0.0225892584869847 0.0245034329716954 0.0257128562724496 0.0235964191461989 0.0216102233213128 0.0219065101234137 0.0231944734968072 0.0226023747299616 0.0218758876500432 0.0211533467489834 0.0189418690469146 0.0196985889803121 0.0209963822575801 0.0218448857680697 0.0219844809966641 0.0230280583409662 0.0211419612269351 0.0203974985093585 0.0227014867400569 0.024360176770798 0.00402270375730811 0.0109705738469192 0.0192420237696797 0.0174222134508954 0.0147364840142843 0.0221759429515559 0.0178717089503957 0 0 0 0 0 0 0 0 0 0 0 0 0 0 0 0 0 0 0
0 0 0 0 0 0 0 0 0 0 0 0 0 0 0 0 0 0 0.00929683555085144 0.0179964175238106 0.0172472659570885 0.0187376344096984 0.0211018634636962 0.0240991415714846 0.025190837351797 0.0255228479440226 0.0222959274602166 0.0201441552006616 0.0193907387809319 0.0203294745693967 0.0226191745086539 0.0224864560036105 0.023827894034188 0.0240476045033348 0.0238076014860726 0.0238514560667944 0.0246724700783102 0.0236850944677491 0.023721842837481 0.0238171650894956 0.023338971533524 0.022285441244524 0.0233122540959249 0.0227404650804897 0.0225995631765629 0.0219836953453851 0.0224240377718173 0.022629738478553 0.0227036130328911 0.0238856389870994 0.0237136258341703 0.0233908895622879 0.0223928200047349 0.0221682618529741 0.0234142997656731 0.0250106950294574 0.0255941358322715 0.0241993659191604 0.0230697605322027 0.0221375398332475 0.0238029415200329 0.0231622266585396 0.0221978403989747 0.0223629171541635 0.0202133925911093 0.0215321183195804 0.021841056461786 0.022307547229555 0.0225916397566625 0.0227714466159225 0.0218573432820087 0.0225819874184046 0.0243182759847726 0.0207157385944321 0.00150106553864067 0.00995392044516853 0.0200546507261714 0.0184531081898746 0.016502257809041 0.0186524140939537 0.0208009270555338 0.0195473153244207 0 0 0 0 0 0 0 0 0 0 0 0 0 0 0 0 0 0
0 0 0 0 0 0 0 0 0 0 0 0 0 0 0 0 0 0 0.0191161088956215 0.0162838995550288 0.0153833628160533 0.0232150275353977 0.0193244378873919 0.0191678065543155 0.0237922409601242 0.0254492852912325 0.0209421155384952 0.0195809867112424 0.0190730542510602 0.0199740971073844 0.0222357725298006 0.0209340645978725 0.0221987848301644 0.0229961612489877 0.0235295442226667 0.0237761179860621 0.0246404792888861 0.0247053815444843 0.0246649541834363 0.0244513414120849 0.0240878128939004 0.0214097630153943 0.0216234411757079 0.0218919883334786 0.021353879108714 0.0205575493457751 0.023138475274637 0.0227382610254337 0.02239508355869 0.0233203436500942 0.0234674586950437 0.0237863064270204 0.0232108012200666 0.0239932825790028 0.0260049101687042 0.0239424210214384 0.0240735480931994 0.0237877830316019 0.0230487866262441 0.0225574943237371 0.0239892093983642 0.0223230200618861 0.0218728785743441 0.0240578505345005 0.0219132935453645 0.0235906868521104 0.0230734006856612 0.021153201517609 0.0206729598458921 0.0224039196025215 0.0227775488097852 0.0241552876743413 0.0254078872182548 0.022717874306074 0.0121156452131035 0.0155811535608464 0.0171949805448209 0.0168443987142684 0.0177280402024334 0.0191061513049961 0.0203606445405379 0.0195319031010037 0.0156581292639439 0 0 0 0 0 0 0 0 0 0 0 0 0 0 0 0 0
0 0 0 0 0 0 0 0 0 0 0 0 0 0 0 0 0 0.0111369736642718 0.0169066370830315 0.0150384820517733 0.0175295226691858 0.0248357553977596 0.0125100827547691 0.00150106553864067 0.0166297636899058 0.0226878159308294 0.0200823540319034 0.0202272275601217 0.0193639941318881 0.0203544925847722 0.0217775620292196 0.0222082525734218 0.022399831142518 0.0233307528455312 0.023048466373994 0.0213934029582815 0.024463096222732 0.0256831221503008 0.0252544100080174 0.0250039568254604 0.0250575629680434 0.0218269623118796 0.0211289259335106 0.0213341984144734 0.0207534129861953 0.0211196192290123 0.0240188198882687 0.0232737813329213 0.0220936332533475 0.0224827506092678 0.0230484919550556 0.0237002901349186 0.0239352089404783 0.0243451674535543 0.0255701417964214 0.0230452094530289 0.0231479494500438 0.0228920591735196 0.0220065114210541 0.0222374283588349 0.0232056706376503 0.021869793643947 0.0227604155398725 0.0239469686880217 0.0218935591994231 0.0237298343644703 0.0236095433010256 0.0223241540056399 0.022367213109692 0.0233694444326812 0.0230267261305509 0.0242973421642008 0.0233827736212111 0.0232885224254615 0.0221681565589995 0.0192503442524849 0.0167489599666742 0.0174579094544618 0.0195528057933429 0.0217460523073561 0.0214877235402708 0.0207563415586336 0.0202166263681804 0.0100006629626673 0 0 0 0 0 0 0 0 0 0 0 0 0 0 0 0
0 0 0 0 0 0 0 0 0 0 0 0 0 0 0 0 0.00179814823390158 0.017151745619354 0.0136047779296019 0.0132710319234811 0.00596631265371358 0.0228081787326241 0.0162416162833377 0.0030524078299184 0.0164028098321702 0.0210467742107127 0.0192027334151665 0.0203020026979838 0.0203132266203517 0.0220374332696925 0.0222385551374775 0.0236986654857513 0.024466482245099 0.0241847176653767 0.0243790946430039 0.0217904240785446 0.0241931182375872 0.0255646249321806 0.0250018749755506 0.0254694341276887 0.0260987320244631 0.0237102559016298 0.0225175402035753 0.0196573419596603 0.0200773836047273 0.0223220244431397 0.0244848381921143 0.0238483379688355 0.0219105552415384 0.0219294464570593 0.0227369910927589 0.0235409078077757 0.0239051059063665 0.0239169141002904 0.024255569502993 0.021810743162711 0.0217039338478064 0.0227053996288162 0.0222844146845998 0.0213886974831005 0.0213780625901344 0.0235401979922897 0.0234127537929685 0.022243690929226 0.0221604384753816 0.0236326695749518 0.0239336738623441 0.0236618956646231 0.0246356115048431 0.0236069634026633 0.0229393714784445 0.0216804692285287 0.0215791219756947 0.0231028451023352 0.0235407066514137 0.0205380327051695 0.017233915949829 0.0200458714883219 0.0223715419300602 0.022059374759343 0.0207778579092017 0.0136010182594231 0.0134902802377132 0.0157844998806055 0 0 0 0 0 0 0 0 0 0 0 0 0 0 0 0
0 0 0 0 0 0 0 0 0 0 0 0 0 0 0 0 0.00758412189601561 0.0141422398537861 0.0102337136944182 0.0130429737236637 0.00304784412115061 0.022266598337666 0.024899395337155 0.0176769297502231 0.0189920912515939 0.0184756518245031 0.0178905426616567 0.0198677433643328 0.0215537164189444 0.0233603124972772 0.0226984222842979 0.0243244370654493 0.0246534698133472 0.0237244693490387 0.0254923231543023 0.0242064213781211 0.0249255731522542 0.0257150901735946 0.025511703695599 0.0258382542764938 0.0266461414879187 0.02580994911482 0.0243396769195375 0.0194839649672843 0.020486472247741 0.0231403426684107 0.0245539817370433 0.0235836113552191 0.0226236931057869 0.0225653552523946 0.0231171916339164 0.0237998199723191 0.0226758029499915 0.022480120890922 0.0232097357740788 0.0221627719982773 0.0219947346121224 0.0231503359064017 0.0230365027144776 0.0215582686528397 0.0213637775296143 0.0237884630296035 0.0219450175993779 0.0221004686294297 0.0234969894886363 0.0244183917474141 0.0244970182449666 0.0240713531782643 0.0243156684318842 0.0239495698731205 0.0244150586570178 0.0235800565968262 0.0219734323527399 0.0236286900672044 0.0262606449324873 0.0230533759504644 0.0190282806065473 0.0190192627912768 0.0226753819557903 0.0220795482144 0.019583628495279 0.00532236555859302 0.00150106553864067 0.0145566330919873 0 0 0 0 0 0 0 0 0 0 0 0 0 0 0 0
0 0 0 0 0 0 0 0 0 0 0 0 0 0 0 0 0.0138950118813395 0.0145713221696625 0.0145070262292165 0.0140475983826269 0.0104715882574513 0.0188321265939469 0.0198870041724895 0.0194306150397718 0.0212731521190618 0.0184169663057036 0.017614988060743 0.0195830792761002 0.021328038864706 0.0225946059580775 0.0229887302734091 0.0239526046067734 0.025312330831484 0.024389126256045 0.0240979369807076 0.0234522193509652 0.023269725137658 0.0252566881190022 0.025603960294962 0.0257982179815364 0.0265638459151631 0.0258830088552835 0.0250383886837637 0.0224359802655774 0.0230842271297433 0.0243287052626907 0.0235691673202477 0.0220645124174713 0.0223739833623815 0.0227979969423134 0.0232706123245619 0.0236181592129019 0.0227659523304162 0.0228142415807149 0.0228170630520356 0.023155403171793 0.02359405812228 0.0240170584268465 0.0238146237784477 0.0230463884172937 0.0230560800310868 0.0235456631477563 0.023025641835759 0.023619255488707 0.0256663270273196 0.0259349977044372 0.0242925932073422 0.0244689207281619 0.0251669871611227 0.0263842057505817 0.0274449961562608 0.0253605055446296 0.0230276058672702 0.0244279885601662 0.0262128814187659 0.0246953701400462 0.0230857848350702 0.0224953424143011 0.0237222351467451 0.0212860584279409 0.0200161513158937 0.0175601310847849 0.0139692637204966 0.0188454965064385 0.0201618144426348 0 0 0 0 0 0 0 0 0 0 0 0 0 0 0
0 0 0 0 0 0 0 0 0 0 0 0 0 0 0 0.0152631475023302 0.013316923810114 0.0112998803086565 0.0178715820854959 0.0213499275628678 0.0224633316898181 0.0101460306415439 0.00310957569820127 0.0165955512088737 0.0199832716795988 0.0199040631603415 0.0186421212464348 0.0190947609889055 0.0200373090302851 0.0207365725920455 0.0226101395275947 0.0251768073918119 0.02500935011298 0.0252868558184672 0.0240272650399609 0.0232988682447736 0.0227287295757356 0.0242230636853653 0.024832500307392 0.0257995227870646 0.0256590351277592 0.0252556706937604 0.024690301896531 0.0233879083150284 0.0236951128939895 0.0238935963715039 0.0230043134733763 0.0226050474933244 0.0230917205516905 0.0236549510624881 0.0239557170104956 0.0240552578017822 0.0241076898631431 0.0237380738447736 0.0231725485794707 0.0233868184309976 0.0240981334881556 0.0244748667924569 0.0246486659504348 0.0237484432870682 0.0234427531466256 0.0237427680063937 0.0244542976616199 0.0245067491810974 0.0257791261535944 0.0262456215365838 0.024101900854635 0.0245948467435584 0.0254093692688489 0.0262997627893028 0.0269849702528201 0.0253886793640172 0.0260657975549728 0.0269153987745699 0.0252871151936858 0.025752090480741 0.0254693822811689 0.025530665497418 0.0222985908343874 0.0191910475669231 0.0196122052941448 0.0199017049630726 0.0194668039606838 0.0197425644952232 0.0197662490294376 0.0169285284620297 0 0 0 0 0 0 0 0 0 0 0 0 0 0
0 0 0 0 0 0 0 0 0 0 0 0 0 0 0.000984857376692746 0.0145963127521152 0.0125294035167819 0.0145351900862115 0.0163242605092453 0.0225432842258248 0.0218023830444072 0.00698100879664786 0.00205398553313116 0.0113316318811809 0.0156088889734215 0.0192163804450015 0.0192223600746684 0.0199014538001176 0.0197329739860845 0.0215676370685693 0.0222685008833538 0.0248988108633423 0.0256432419583948 0.025015102436536 0.0238980838618324 0.0218692314198642 0.0213244437862515 0.0217824914174777 0.0220685072140038 0.0235431900655647 0.0249453651079358 0.0250761983748401 0.0251247585399421 0.0244612578817541 0.0242281112710814 0.0231658810926899 0.022779988540518 0.0229569437585465 0.0233003545472554 0.0238266557142847 0.0239125989544234 0.0238551771172782 0.0240541072848611 0.0237966406547005 0.0234571089991042 0.0239126321629413 0.0245810795237399 0.0248683029551506 0.0254430541974352 0.0248805956812001 0.0242564508768289 0.0247736155431274 0.0251297136823081 0.024473196515482 0.0250966521998377 0.0264814255245444 0.025623376948135 0.0248468668947115 0.0240136453165036 0.024314827300186 0.0246708950105403 0.0251144464691361 0.0278998738142152 0.0270621158576293 0.0243288221851843 0.025267807002606 0.0248990660930061 0.0234332079531132 0.0196094925594958 0.019375754327802 0.0193334623220597 0.0179938738326186 0.0195573035302896 0.0202769824777166 0.0202110113571263 0.0211701989704252 0.006794190352641 0 0 0 0 0 0 0 0 0 0 0 0 0
0 0 0 0 0 0 0 0 0 0 0 0 0 0 0.0112746130707768 0.0120133076575902 0.0138788408124614 0.012682336889429 0.0167886781765451 0.0210982001841146 0.0186398380314884 0.011264165616317 0.00442723266461004 0.00714685958152172 0.0155265560438349 0.0172330122345533 0.0183467343050078 0.021180044172069 0.0212043694161857 0.022822498139139 0.022819322720841 0.0241886452020516 0.0241052071515307 0.0243723785071745 0.0233139906429603 0.0169796364351827 0.0206362680990111 0.0212188419648035 0.0212381715340788 0.0216537136649726 0.0225485531900887 0.0234667724027131 0.0239327792561826 0.0246314006046313 0.0246265582680354 0.0236615911242251 0.0231888868483297 0.0233875581611856 0.0237331335766289 0.023043339858211 0.022611318562673 0.0220323947488067 0.0225550733400024 0.023567516621664 0.0242090062460626 0.0248296016150104 0.0248291089849373 0.0249154211915216 0.0257224422073333 0.0254665803062338 0.0252788511990703 0.0260215142145889 0.0260058662609637 0.0247157657603326 0.0249979750305442 0.0267190146004889 0.0261596304275835 0.0247758232176475 0.0228816352481248 0.0228737524110224 0.0225891382623379 0.0241154777703082 0.0267811520797655 0.0258984704696007 0.023564240830301 0.0240316302401515 0.0220029834095751 0.01997033770058 0.0165465517070853 0.0180368095532719 0.0193801808068939 0.0186086356530916 0.0271411298447734 0.0266740630460227 0.0195289072914419 0.0181642380468794 0.012985452570617 0 0 0 0 0 0 0 0 0 0 0 0 0
0 0 0 0 0 0 0 0 0 0 0 0 0 0 0.0154194731117855 0.0122305153806519 0.0181569378723539 0.0173275923070718 0.0202983994224344 0.00200030249743614 0.00154522398549408 0.0125381839094304 0.0166834314896679 0.0201856942957278 0.0198741193993371 0.0171055771792578 0.0173076881897502 0.0215114835013795 0.0223846272171053 0.0232121670257185 0.0229563950183013 0.0242515595190232 0.0241952117431343 0.0247556476954563 0.0226162211509393 0.0174508020708479 0.0221583805205491 0.0217829931533983 0.0220219144125336 0.0219771368658626 0.0207944795339718 0.0211249831596451 0.0236590175873144 0.0252176808985759 0.025007185884064 0.0239595398731447 0.0228339566446075 0.0231176242163308 0.0234203108054223 0.022376373224431 0.022200072550628 0.0219072674844169 0.0223935356805625 0.0235462327757036 0.0243951193696396 0.0250233232168094 0.0250550376299764 0.0247000870896782 0.0251404109031711 0.0251661658238117 0.0250608907930535 0.0252504823977057 0.0252279920017056 0.0248333396262424 0.0249937928271418 0.025054446968744 0.0246582742837598 0.0235822999102752 0.0228874021539537 0.0232543230560424 0.0229148726265669 0.024097457936233 0.0260382114591962 0.0243280402776452 0.0232833778921511 0.0191138203600616 0.0184202981275549 0.0213579095799412 0.021378221099128 0.0208545852526848 0.0226313610017911 0.0221642709687764 0.0264163053373984 0.0255829855192547 0.0176323220538737 0.0176949259559919 0.0170903129646107 0 0 0 0 0 0 0 0 0 0 0 0 0
0 0 0 0 0 0 0 0 0 0 0 0 0 0.00573183889722087 0.0166187132618881 0.0122292101805907 0.0217185622622891 0.0212331742220108 0.0254840070657976 0.01362813180056 0.00877929171880892 0.0126926290494442 0.0173912337093202 0.0182452120659497 0.0190816874242831 0.019732206039911 0.0197340086633102 0.0212649653274861 0.0236999232897485 0.0247918333854893 0.0236500457970872 0.0212876470865343 0.022100471232103 0.0247724150371665 0.0243422904412357 0.0214442172696551 0.0215639355561608 0.0219460213260485 0.0231176093103178 0.0226061083419835 0.0212696414392708 0.0204289440506976 0.0229370149073644 0.0255377269585532 0.0251972932994967 0.0195708122849432 0.0230856079061331 0.0236099244367598 0.025030291634328 0.0241104685589071 0.0231910507474871 0.0228072228649094 0.0227351774781788 0.0229589413688493 0.0235371814976623 0.0239003491102357 0.0241195460938609 0.0248863655763151 0.0244514270867056 0.0249119724840495 0.0251798706379586 0.0254048349043706 0.0257371624042556 0.0245974356243292 0.0245193545739767 0.0240727486232696 0.023810625714625 0.0228517047375822 0.0247590568164889 0.0253959780730713 0.0244862853458957 0.024830108550306 0.025729198738347 0.0224203773228192 0.0214364526509324 0.01880425378118 0.0196976476978697 0.0220483213496331 0.0211996967725439 0.0200285870831888 0.0193776413390271 0.0181298485169573 0.022513341029238 0.0207763226909927 0.0173252429478927 0.0173263069657822 0.0182605410912852 0.00226264625252887 0 0 0 0 0 0 0 0 0 0 0 0
0 0 0 0 0 0 0 0 0 0 0 0 0 0.0130594709764106 0.0172990297876229 0.0156208237749753 0.0232918906586184 0.0253738649032237 0.0268262949301741 0.023021456489956 0.0140508591144057 0.0131874991055698 0.0173862669140861 0.0171976575987551 0.018523654102981 0.0205273870258154 0.0216083248404136 0.0223689747358632 0.0243394786109009 0.0241201836564805 0.0237915496062582 0.0208210156272114 0.0219854568396174 0.0253841784234453 0.0247682369587299 0.021638034705098 0.0214324099553374 0.0214130965720802 0.0219398178093171 0.0212526893365896 0.021399165111361 0.0197121919565913 0.0191839855416005 0.0207206677641296 0.0213377035313878 0.0198655051919897 0.0221538519678255 0.0242999764661434 0.025725108125425 0.0250260978314616 0.0241911325857442 0.0236376204339302 0.0234464480583885 0.0235553809160612 0.0238029982707863 0.0238651289526221 0.0237533329471235 0.024508194919884 0.0242722479195908 0.0246770603564329 0.02498380717456 0.0254472850016791 0.0258722851957491 0.0251975602059039 0.0249504191898642 0.0248156917197111 0.024787805683145 0.0244540359784386 0.026061467921206 0.0268002157363332 0.0254295856272368 0.0253112887586252 0.0251099225519787 0.0239160728266095 0.023944016553977 0.0227069195477396 0.0195520569819399 0.0222556429494339 0.0219857001632767 0.0208607103840914 0.017561742699802 0.0162993768557935 0.0203263846236677 0.0197374277493591 0.0177393174615893 0.0175958862964643 0.0186261095659467 0.00233606070479932 0 0 0 0 0 0 0 0 0 0 0 0
0 0 0 0 0 0 0 0 0 0 0 0 0 0.0142790271326829 0.0157531738969437 0.0167074810727529 0.026338100419735 0.0270146567040351 0.0284212388517347 0.0200469584321907 0.0110138225234754 0.0163070096331177 0.018926328243282 0.0175992545274867 0.018479090257834 0.0204373085926236 0.0218801996238832 0.0222473407797936 0.0226129223121476 0.0233941966942825 0.0253271660721595 0.0249617499719315 0.0234628242682283 0.0247356967150537 0.0244866978207947 0.0221087956142467 0.0210556943904654 0.0206173019798021 0.0210326394977533 0.0205185626813211 0.0194279548394429 0.0156020083996221 0.0131128605122942 0.0187814339768287 0.0208682508728841 0.0231746292872006 0.0236512339001086 0.0249411395976265 0.0262209566960218 0.0258227064886421 0.0246857864980491 0.0237975838695751 0.023661822382002 0.0237322708232419 0.0239664012183447 0.0239384736053476 0.0236373224255422 0.0234486065015172 0.0236565262913934 0.0239916092167674 0.024248847036206 0.0242807661003166 0.0245147335384691 0.0244484784297407 0.0247817427770902 0.0255423258143975 0.0261361359223582 0.0263242203879543 0.0274266423119568 0.027261889760161 0.0259767173110109 0.0257609818788715 0.0254368479132234 0.0240235582286327 0.0230757839725008 0.0242898684788075 0.0210935141431859 0.0225312457401961 0.0236143829513718 0.0228872439007725 0.0197057018313788 0.0189645292848415 0.0204605035397023 0.0206938466993385 0.0205349771321915 0.0199321619293133 0.0197626021524333 0.0054502118930186 0 0 0 0 0 0 0 0 0 0 0 0
0 0 0 0 0 0 0 0 0 0 0 0 0.00169908518092091 0.0125305516659631 0.0162492899030887 0.0181058290233542 0.0264656734546674 0.0264508665998478 0.0282698736634635 0.0191170464833125 0.0108641728325449 0.0147778299752474 0.0191686617273168 0.0187672235462485 0.0189483558881129 0.0200925350220693 0.0208413762823768 0.0209517029539404 0.0220353504451083 0.022393117375505 0.023686504053618 0.0241719994836261 0.0227736401919627 0.0235696845564273 0.0231431005285193 0.0227947819393114 0.020442372585588 0.0197892303685862 0.0209740220933445 0.0203764808912634 0.0193869808616447 0.0158440103826161 0.0142687590780813 0.020325318792453 0.0229003624730036 0.024425779940443 0.0243916048252191 0.0247599165162425 0.0258794786286223 0.0256541165193448 0.0245312979496767 0.0237990767319151 0.0237918780522081 0.0235069017212584 0.0234232748073052 0.0229771952669786 0.0227390454706115 0.0229652361324911 0.0231459699679776 0.0231606497373901 0.023373103246293 0.0229820906657123 0.0230317793937816 0.023062960009337 0.0234962495999277 0.0241158514155603 0.0248417573001524 0.0267899131364113 0.0275613365675062 0.0258123273933634 0.0244687529517346 0.0255346136136757 0.026221585530423 0.0236719367408663 0.0213132453296387 0.0236513118814843 0.0236235351639428 0.0237875747244092 0.0234765330206286 0.0236033489298434 0.0215150085434837 0.0208565861843053 0.0210837639444965 0.0207674945865647 0.0203725838204703 0.0206157758847235 0.0213941813066499 0.0120933370461376 0 0 0 0 0 0 0 0 0 0 0 0
0 0 0 0 0 0 0 0 0 0 0 0 0.00186364962139594 0.0144403363076968 0.0179030040270709 0.0202397916540505 0.023098061724834 0.0257777291659593 0.0257790982977517 0.0217195124461212 0.0117045411722512 0.0130142788347357 0.0175366443515897 0.0185157498488205 0.0199845038302213 0.0200201657934263 0.019643009080418 0.0193965366478814 0.0203928557265724 0.0195486841434668 0.0198482383725656 0.0216554153056079 0.0215237465640076 0.0207328238116901 0.0213053360288728 0.0217144137372175 0.0198132204921232 0.0193583513601497 0.0204261134928195 0.0201860331260997 0.0208558928693483 0.0195664005024407 0.0198005263540066 0.0223803564363996 0.0241883018675612 0.0243650183255077 0.0239465042593116 0.0238306972116633 0.0246911658790832 0.0252745215454462 0.0248670107948975 0.024398462129642 0.0244223243504192 0.0235051040949049 0.0232063415169724 0.0230790572753237 0.02320509937289 0.0228922462896997 0.0229269494541552 0.0230665043064901 0.0237906784236182 0.0235553621223698 0.0232126467486644 0.0225962242918756 0.0230705606258336 0.0236038569874827 0.0238952401331661 0.0259111161522689 0.0274197284020734 0.024651602789453 0.0225762711128907 0.0251291733007706 0.0262677282185294 0.0244902626131715 0.021926890604766 0.0233700304540858 0.0240965727700572 0.0237691730054343 0.0230956980196542 0.0232792821831712 0.0213922954227765 0.0212259170885744 0.0211811781700037 0.0203705949805733 0.0196565246229507 0.020390678414931 0.021291592871859 0.0201483518802883 0.00961933623814278 0 0 0 0 0 0 0 0 0 0 0
0 0 0 0 0 0 0 0 0 0 0 0 0.0135180652273642 0.0156568939714125 0.0200173662881332 0.0222029630036642 0.0221320330275512 0.0267345141502675 0.0245730782583184 0.0257007455513437 0.0180137320602448 0.0141709390127969 0.0162004350952896 0.018416928894823 0.0208639901928233 0.0201054098427326 0.019480622471383 0.0198707488322296 0.0196341258793685 0.0185406909801531 0.017801798798966 0.0203263905557218 0.021016966078341 0.0211927706800603 0.0224427518242247 0.0199610075573797 0.0181858455361819 0.0188966093338146 0.0196991266429405 0.0212304000255996 0.0216476092936551 0.0206332636246538 0.0210718491485272 0.0221308780398176 0.0224109348679802 0.0231932424191295 0.0245410798943078 0.0236309739281211 0.024643425776872 0.025333937348249 0.024954976239256 0.0245095784672729 0.0241724247646827 0.0232413039872505 0.0232037498595916 0.0231994493910214 0.0234590453617242 0.022500910910014 0.0224913355055196 0.0228176626037483 0.0235755537951326 0.0235496467023215 0.022878460329006 0.0220487799344428 0.0231958425420922 0.024360144634911 0.0247389751698044 0.0259701668656662 0.0268335929566107 0.0231368991811587 0.0222435002045609 0.0247775957788715 0.0256263993242641 0.025755721751549 0.0241729633808478 0.0233207225827415 0.0237357152779022 0.023369253630897 0.0240886876916882 0.0242884739818919 0.0228160178329313 0.0222845038937951 0.0218304176516155 0.0205216639662871 0.0186154264267686 0.0188885864523127 0.0199745837183675 0.0178767292451793 0.0143397825851482 0 0 0 0 0 0 0 0 0 0 0
0 0 0 0 0 0 0 0 0 0 0 0 0.0112552668694816 0.0149987028261275 0.0211278980749923 0.0258701815872201 0.0223003602406166 0.0266102334328543 0.025838401175367 0.023966776994435 0.0220158791193037 0.0189175935218086 0.0168833853220965 0.0189626246876594 0.0216084317970938 0.0195584160363126 0.0199694583432931 0.0207156887193928 0.0189720345531055 0.0179683195238647 0.0171236043044324 0.0207626575827746 0.0200519273028042 0.0208293699699155 0.0224346337385686 0.0189796655650518 0.0183056783839875 0.0206349349096186 0.0204193117344613 0.0217516164778619 0.0214893724288959 0.0218549229229016 0.0220208596986681 0.0219375427093272 0.0208937397287087 0.0225537022260276 0.0250112015031827 0.0241717651534027 0.024323753648498 0.0244386494532667 0.0239508133968518 0.0236756088053769 0.0234994782612515 0.0230743669806878 0.0231951354919336 0.0229913736850028 0.0232258813431429 0.0226356974959184 0.0220605777395398 0.0217187959355603 0.0224985033522814 0.022765342623698 0.0224319796611057 0.0224966243996067 0.0241178474018194 0.0256133917923178 0.026729598045742 0.0275678582695398 0.025751146958166 0.0227208441347272 0.0231460792794325 0.0244577695491549 0.025039839521541 0.0256667862880916 0.0249840613737908 0.0238341052629252 0.0241999988376013 0.0236559563281033 0.024990110292438 0.0246618396707297 0.023830708473674 0.0232336321537964 0.0219197556011964 0.0202890432489819 0.0186045770450786 0.0184653069450422 0.0191914832853767 0.0169768115190084 0.0135089067636059 0 0 0 0 0 0 0 0 0 0 0
0 0 0 0 0 0 0 0 0 0 0 0 0.0101001955884203 0.0140730237463823 0.0225737687005044 0.0269289195709541 0.0223691534663517 0.0245045842766558 0.0245122596664223 0.018081990338295 0.0190045563524928 0.0203568565488338 0.0178237490993541 0.0196470647309715 0.0217073538455834 0.019008812946434 0.0201338247466949 0.0207587837819414 0.0186581324009221 0.0172452138653957 0.00739224919791801 0.0212261242260035 0.0221836878074539 0.0193656056433474 0.0201922692779214 0.0183070727963698 0.0202230853054638 0.0216139403924062 0.0213230038467295 0.0205510210876155 0.0216916086982875 0.0242873035954157 0.0224297674685902 0.021774295501584 0.0216245458821881 0.0225775164489906 0.0238162766303783 0.0244933418759568 0.0239194301834559 0.0236383142834515 0.0234896080851699 0.0236691609162845 0.0241564258293833 0.0236181263640765 0.0230857286964715 0.0229274911040669 0.0229976412000601 0.0222952582805374 0.0217340297310036 0.0209362002843598 0.0219166800843329 0.0227817650181895 0.0232050102746621 0.023498177189698 0.0250182413520074 0.0258766306321114 0.0271751629821799 0.0273842804856233 0.0254911691012127 0.0247297774558153 0.0242074436052939 0.0250871230589035 0.0247247851091056 0.0248288232326623 0.0248190638532737 0.0237719089150588 0.024312695543281 0.0243971475140256 0.0232822543136673 0.023828934439695 0.0238374601363624 0.0230452049461338 0.0218442071740235 0.0204993908779854 0.0196544508380842 0.0171522981703993 0.017454944167193 0.0176417846382289 0.0157127841542775 0 0 0 0 0 0 0 0 0 0 0
0 0 0 0 0 0 0 0 0 0 0 0 0.0131544492732305 0.0191525480965592 0.0219906875090729 0.0257863828568875 0.0249581985817166 0.0217359116605037 0.0184143905430438 0.0226515070610454 0.0192062940858634 0.019197666349535 0.0183048109316383 0.0192674438558544 0.0195724471691594 0.0189457783684953 0.0191961951013156 0.0162841855164072 0.0153005915004128 0.0181364671737639 0.00411478540344047 0.0155671580539791 0.0208700544411511 0.0190719610658305 0.0193199202533013 0.0194338631587908 0.0214234692297821 0.0210849845553092 0.0201590628540394 0.0201446995255253 0.0215087673835464 0.023076931286215 0.0220851901806969 0.0232225785941186 0.0230611820741165 0.022804147209008 0.023597121680487 0.0242785647822569 0.0234725895432583 0.0229319577631387 0.0229770062415548 0.0231350242773861 0.0237915634046521 0.0235224778617893 0.022716679294546 0.0227445931952856 0.0226932582389887 0.0219303111338384 0.0217914088592408 0.0208439421001413 0.0217448311247994 0.0231188235150477 0.0235334318762741 0.0237024112182818 0.0242973356509375 0.0253968194276133 0.0272184667803187 0.026299689842432 0.0246802362512501 0.0248084494820567 0.0243369864969969 0.0247794199144704 0.0244142105319037 0.0240904632429001 0.024160208131869 0.02206189592096 0.0214159926497152 0.0263137490482636 0.017028620488537 0.0209124145977676 0.023200590801956 0.0230462717602587 0.0217622175131196 0.020678627432404 0.0194778643369862 0.0156526852322585 0.0139544152650164 0.0145941649790837 0.0154673434037548 0 0 0 0 0 0 0 0 0 0 0
0 0 0 0 0 0 0 0 0 0 0 0 0.00213114975027858 0.0175493777364979 0.0177627381524005 0.0221490497610505 0.0287531683730881 0.0214809489642974 0.0178952062220356 0.0208851639913788 0.0128797951359707 0.0100811200113153 0.0190412271434264 0.0187844715937939 0.0176130087430797 0.0190464760633118 0.0186950842661753 0.0119045352918563 0.0119083969896638 0.0193057603064973 0.0193374838061875 0.0161440064256601 0.0178178927448176 0.0195635967677732 0.0206640083038143 0.0209333277168033 0.021921240151892 0.0200625280147699 0.016497625807794 0.019575101015656 0.0209269657326086 0.0209093773369395 0.0212018692200043 0.0249484889490115 0.0242173350565361 0.0238112714848828 0.0241275725839108 0.0236019424407401 0.0222165384482458 0.0214508591761604 0.0224498799118862 0.02228860473187 0.0230033720270502 0.0232018695955944 0.0223689401490326 0.0221908459685972 0.0220013247912587 0.0217582908161354 0.0213591856318246 0.0202377285594863 0.0214201843016444 0.0229548421167573 0.0230493958121842 0.0234298923726931 0.0243788243935911 0.0247547405886531 0.0260322100368389 0.0256158974265313 0.0243727686756745 0.0251568376261985 0.0255159719492623 0.0255810304891123 0.0260167266131017 0.0250226529563103 0.0243721415616575 0.0219604190430028 0.0206587940194819 0.0248556896679627 0.017384667362724 0.0189591820308939 0.0202062855310564 0.0199012627423836 0.0169446152230318 0.0194672923221525 0.0184844537097663 0.0187210596367332 0.014556096849812 0.0142385425051215 0.0116663313699812 0 0 0 0 0 0 0 0 0 0 0
0 0 0 0 0 0 0 0 0 0 0 0 0.00175995470421361 0.0176651875604816 0.0177961653619829 0.0194392296824222 0.024543586457184 0.0209063107008669 0.017561764222482 0.0168739804963514 0.00815076531996584 0.00311463720828995 0.019783295652354 0.0159140312212326 0.0150556114170479 0.0187646832467759 0.0191169103999989 0.0150238251395773 0.0143892085305815 0.0188507224988538 0.0122887437861437 0.00150106553864067 0.0164231252530623 0.0186475942392656 0.0193033539294047 0.0200966324504315 0.021411785696822 0.0193490469171961 0.0168713114650424 0.0199393831728257 0.0210012744694214 0.0198999398721282 0.0212499913691065 0.0252683718654153 0.025015045417985 0.0249328230306346 0.0240965438024579 0.0230694413604359 0.0214286854511828 0.0209996610947987 0.0225027679797532 0.0229173897680871 0.0231481218139056 0.0228587126692282 0.0217786907433597 0.0215543996568033 0.0210454956835124 0.0209546887073009 0.0202428145321057 0.0199554302245982 0.0216704340045455 0.0222151387132548 0.0229520224935556 0.0240326022026732 0.0236618289550744 0.0184576562388981 0.0107763936326055 0.0213773370254783 0.0239315112409227 0.0262072423852697 0.0270657127592913 0.0262318491449013 0.0251925833040424 0.0206433748693066 0.0208874648899867 0.0190477715087507 0.0197641486032154 0.0227152157120192 0.0192999589717255 0.0184187389244689 0.018100592978236 0.0194513295029205 0.00150106553864067 0.0189534301024144 0.0192965980597773 0.0223178021915828 0.0135353757077762 0.0135996008648904 0 0 0 0 0 0 0 0 0 0 0 0
0 0 0 0 0 0 0 0 0 0 0 0 0 0.00643635190523301 0.018873068855055 0.017588147284837 0.0193488261591315 0.018947204492154 0.0173567535708157 0.0185401111185394 0.0127185321288016 0.00858443452685707 0.0189780908404555 0.015739799168861 0.0171172064336312 0.0192260798953552 0.018837673056104 0.0188913194558228 0.0178649151698757 0.0170389688092353 0.00150106553864067 0.00150106553864067 0.0181530759323279 0.0174781437830263 0.0154264094855601 0.0168389196784705 0.0188130108503421 0.0186658138733479 0.0183037393581205 0.0200073372782963 0.0189183882772612 0.0208675906149683 0.0226229227286388 0.0246421509795249 0.025299245886131 0.0250382045769153 0.0230497731306637 0.0222546616719017 0.021711531578814 0.0224402837683641 0.0230059006038156 0.0235933478207581 0.0229518453930091 0.0218802555773546 0.0212787241243567 0.0211170116380191 0.020817656780128 0.0208274288636778 0.0203089898031638 0.0205661727972276 0.0218536534709494 0.0222423611511378 0.0236993850217028 0.0243430704174846 0.0233133990085545 0.0174096276507177 0.00978869796543856 0.0214003949256715 0.0228820351842448 0.0247193024898737 0.0256593622817967 0.0233191187173008 0.0213406818791509 0.012728112293762 0.00715597125633265 0.0116988014177123 0.0193245259503871 0.0200609536666799 0.0226119842864083 0.0203468099072818 0.0168023934226977 0.0139241741461724 0.00150106553864067 0.0181050737199339 0.0185759259291082 0.0221670238053702 0.0140378415070731 0.0134452764207439 0 0 0 0 0 0 0 0 0 0 0 0
0 0 0 0 0 0 0 0 0 0 0 0 0 0 0.0177001167190259 0.0167145599372417 0.0170126236717666 0.0196437464532342 0.0200904780329921 0.0182946117183495 0.0171087919407279 0.0180890252149154 0.0189861425760596 0.0179257720856918 0.0191272361558243 0.0195338910578893 0.0190217197058571 0.0185394433698773 0.0170074533131281 0.0152762013155078 0.00150106553864067 0.00155649336068538 0.0188327300782046 0.0174398360849862 0.0175481174562325 0.0161293684502857 0.0162843795240852 0.0194114249364837 0.0189670854451859 0.0197730097990168 0.0179844953366842 0.0243431422774075 0.0260985080132501 0.0244998446010313 0.025711146868777 0.0242914947646188 0.021821525965143 0.0214684471296155 0.021650174421 0.0231704069573503 0.022717716242508 0.0235842377857963 0.0229298440430386 0.0215947584340051 0.021116792562628 0.0212171365474684 0.0210192285338909 0.0209220429717751 0.0209676903534019 0.0213144944681918 0.0209930591054397 0.0212332676869271 0.0236337635698267 0.0240020183859615 0.0237394555177057 0.0221358309180719 0.0184517625177439 0.0230183749714254 0.0225637257790591 0.0238186639701556 0.0240652437717741 0.0210369786218565 0.0184662165297251 0.00593293544336342 0.00528835265954968 0.00875199304261084 0.013141699889263 0.0234418352313704 0.0313696011526315 0.0282462887987846 0.0169665708247278 0.00891727854194788 0.00157552401648333 0.00324601515212735 0.0059147559791676 0.0216243630799789 0.0174910972214023 0.0149831903366181 0 0 0 0 0 0 0 0 0 0 0 0
0 0 0 0 0 0 0 0 0 0 0 0 0 0 0.000612117075612715 0.017291103493373 0.0187509711921213 0.020810123943184 0.0226545331209429 0.0136111034017289 0.00179123718551232 0.00845609695669059 0.0187809343361269 0.0189873388021904 0.0193234952197751 0.0216057212458759 0.0224435638367579 0.0198953449562886 0.0181073327264548 0.0181246498099093 0.0131320362490542 0.0124291138465129 0.0172920852000067 0.0179486187424891 0.0190056605531105 0.0166734919922709 0.0171475476337479 0.0182963853820329 0.0183946154624336 0.020381077912839 0.0205114377748879 0.0239929393838803 0.0246028553639688 0.0272825068440931 0.0278366078868826 0.0226086761900528 0.0216760608746616 0.0217515801848798 0.0214734273466034 0.0229041765560681 0.0227678009211583 0.0232156406098005 0.0229682809203045 0.022940999269408 0.0220212134610194 0.0217500617669518 0.0206995595804897 0.0207403893120913 0.0207296633211169 0.0210963162448396 0.0207389267078611 0.0206324931447654 0.0229271705654282 0.0230649761634111 0.0231263926898502 0.0238039397525602 0.0243567835288584 0.0243450276543763 0.0229991667693075 0.0238618521072234 0.0230937166721583 0.0207873434605171 0.0164658035628705 0.0113862435812373 0.0163402810788431 0.00901272579966294 0.0128899654568114 0.0252776055400265 0.0302477970001146 0.0280078174062275 0.0197134116055105 0.0180974608733814 0.0154017062191264 0.0045111090622603 0.00210806298475082 0.0212058290738708 0.0169643097177222 0.0104198665548465 0 0 0 0 0 0 0 0 0 0 0 0
0 0 0 0 0 0 0 0 0 0 0 0 0 0 0 0.0170809713170966 0.0177513458694048 0.0205185686693611 0.0220865077407664 0.0142178577781759 0.00150106553864067 0.0117009036007801 0.018450091906388 0.0183886030964117 0.0182526886457432 0.0215421547871483 0.0227879220164719 0.0195956528049305 0.0195683529967746 0.0201222691294568 0.0189826699750201 0.0161632027536138 0.0158356436237168 0.0183262816968946 0.0199905060881151 0.024376053736323 0.0229518059308329 0.0176134602607559 0.0178503344351919 0.0193434326824862 0.0204437418497161 0.0226683284197034 0.0231672945665451 0.0261603384982437 0.0277562763670201 0.0227320750169291 0.0225489027986446 0.0220882652922844 0.0213977865771418 0.0225002357785856 0.0224814189336024 0.0230863769472244 0.0237583967751797 0.0235025268312366 0.0225697622419716 0.0214362030932565 0.0207630565692323 0.0205169801810447 0.0210744009655779 0.0214615923011821 0.0220879986987785 0.0214026824952219 0.0213307144271851 0.0212111655332893 0.023077918267612 0.023969796701654 0.0240088577440919 0.0238847634121024 0.0252429159533017 0.0235808184392909 0.0221879973802279 0.021667571024803 0.0216572613586971 0.0223715688929111 0.0201066526513864 0.0150223392770736 0.0176728878224851 0.022583278369823 0.0225465402262549 0.0228820140267191 0.0186574937425915 0.0192329731761342 0.0192931448437659 0.00933701934756579 0.0151229778359053 0.0270670889135565 0.0174453036469688 0.0116018234468332 0 0 0 0 0 0 0 0 0 0 0 0
0 0 0 0 0 0 0 0 0 0 0 0 0 0 0 0.0178282559185459 0.0175210510728732 0.0211057018005016 0.0246967318505838 0.0175633704640365 0.00150106553864067 0.0130886913710503 0.0177759655233029 0.0181370954851715 0.0188914231885708 0.0189058010155045 0.0196262209342928 0.0194345754254939 0.019579414151459 0.0205608398672721 0.0202891663424409 0.0184586611515992 0.0160036868460296 0.0179553284571516 0.0202581162537262 0.0248130420462288 0.0237591165643474 0.0195752748921294 0.0190096604508832 0.0201712794164918 0.0214605039067235 0.0232895406369867 0.0242547805313423 0.0254760177989838 0.0258204402949024 0.0223376744931184 0.0219621163527438 0.0220671597396929 0.0211881782010609 0.0216736613313792 0.0217567902669806 0.0222443085035059 0.0236907274888627 0.0240282479318848 0.0234915856981667 0.0223373997070313 0.0216230212467442 0.0213567950617255 0.021899528404827 0.0221339586164219 0.0228441268683005 0.02279666742795 0.0214008128692161 0.0207583022519606 0.0240065599865695 0.0256560024628528 0.0248097122679977 0.0234484846399281 0.0245043601386979 0.0231679075722126 0.0218036529135966 0.0213622310667353 0.0219883350665959 0.0213701051766969 0.0195959699225423 0.019571170847768 0.0196737053510879 0.0189094878438599 0.0188380740362885 0.019141789894955 0.019403402327721 0.0187762998220917 0.0290518615910356 0.029702855237376 0.0283725353165539 0.030566421418236 0.0207041508753902 0.0177951397527502 0.0103868530634033 0 0 0 0 0 0 0 0 0 0 0
0 0 0 0 0 0 0 0 0 0 0 0 0 0 0.00970961147402913 0.0171882728234484 0.0195832153643337 0.0240775034099229 0.0254827298873109 0.0197653644400519 0.015212500062156 0.00511188763864713 0.0044791501053347 0.0141099146073396 0.0198696526903474 0.0170164182770776 0.0187004674307873 0.0199242948533329 0.020460441232256 0.0228831301298683 0.0220112440626934 0.0194707692322174 0.0161590778971066 0.0183446036617036 0.0211230830001728 0.0216017673744904 0.0219802956631609 0.0212070849043221 0.0202531679282304 0.0216923837772336 0.0222061058909801 0.0238236101719889 0.0248367565242352 0.0239544893100463 0.0235367350298224 0.0230851342964912 0.0222135490614426 0.0222646304318203 0.022003635219664 0.0221042660046739 0.0216400814886593 0.0221727374023006 0.0239747374941347 0.0244135343547948 0.0237235287085165 0.0225646903402059 0.0217907341908501 0.0214941217248985 0.0218909430171226 0.0218091386029285 0.0223467776155556 0.0229313049342142 0.0224536842292766 0.0220768659652224 0.0241352443642709 0.0254038350699452 0.0252532664265883 0.022022941994723 0.0218209950036213 0.0257498318695273 0.0261292383713035 0.0249634448355965 0.0233415448768922 0.022491234462831 0.0206174309056519 0.0238004261558403 0.0233239083031406 0.0127070514937403 0.0176854639335006 0.0190182449955999 0.0197412981654641 0.018642265885788 0.0371686276328772 0.037112369125491 0.0264299648757285 0.0282191870102739 0.0212614325943853 0.0194500207301576 0.015723607102553 0 0 0 0 0 0 0 0 0 0 0
0 0 0 0 0 0 0 0 0 0 0 0 0 0 0.0129297672779915 0.01711506427891 0.0173329005229677 0.0182899984662063 0.0226850727930153 0.0199749751031884 0.0194056371488249 0.00458675375754848 0.00150106553864067 0.0135624325823825 0.021142884813299 0.0197896921348222 0.0194048782876128 0.0202477172689549 0.0207901429620272 0.0225481327005362 0.0208110512476307 0.0199362759209296 0.0192787763642554 0.019667563651973 0.0215797804851621 0.0218478729794826 0.0226238985208201 0.0219594809453192 0.0202585842334073 0.0211622113033572 0.0218693640134326 0.0247244178945454 0.0257238276701921 0.0243431076407304 0.023288642234515 0.0229212051304916 0.0235393480737324 0.0232354909493399 0.0225212932514509 0.0226305334783022 0.0225973771956974 0.0235786948305721 0.0238388361020481 0.0241395422821726 0.0230847632730863 0.0222594470838758 0.0215322985604379 0.0215937175132475 0.0216552525922765 0.020732622356214 0.0211508092633461 0.0223402032450024 0.0239098376099463 0.0247218910311834 0.0259795682432021 0.0255867685222419 0.0265404293131768 0.0226818506535806 0.0221541519095837 0.0259711484098936 0.0269257095899309 0.0250871450675509 0.0245641702807592 0.0226988099706681 0.0212664012176254 0.0235267786488935 0.0236435286074314 0.0140043188821621 0.0173837555300131 0.0195465050990759 0.0203314937265325 0.0197067919008695 0.021143745244971 0.0205935213644423 0.0195502424143794 0.0229958558526395 0.0191089333937065 0.0184302445903755 0.0184828097383009 0 0 0 0 0 0 0 0 0 0 0
0 0 0 0 0 0 0 0 0 0 0 0 0 0 0.016556883275255 0.0189697646325335 0.0121089523178315 0.005857703248716 0.0139190043783261 0.0200276290275967 0.0237448322885382 0.0123137839676617 0.0054635166169223 0.017741644398495 0.021527174377135 0.0215262765250235 0.0196102236377728 0.0192765487976981 0.0195358251742451 0.0202175380091387 0.0196149061542244 0.0203367472844008 0.0199740855526155 0.0192013458951063 0.0216579898616068 0.0218733808082021 0.0232018226492517 0.0224932971751392 0.0201248768134894 0.0199656646563171 0.0217583602017302 0.0253707631721205 0.0247589616704261 0.023553589563337 0.0242322721494725 0.0242487932375208 0.0241237584762329 0.0235862536318837 0.022805542952974 0.0232102290344857 0.0232829934004686 0.0239303039266421 0.0230153774016779 0.0230249517510334 0.0224446936659566 0.0221677029952809 0.021825552775773 0.02212625100408 0.0217455056863603 0.0205396731742873 0.020705310579438 0.0219921333544711 0.0237285771774402 0.0244690539667019 0.0251074214473733 0.0256275243965751 0.026336111258534 0.0243009739537801 0.0243800294892151 0.0239159300781377 0.022049621270474 0.0226240092417204 0.0252314992174306 0.0235771378183784 0.0214677795167071 0.0227643188868872 0.023336180196607 0.0202378273272983 0.0193248596536256 0.0201416627884438 0.0206624465683098 0.0206365744720282 0.0194298473976707 0.0184123900828191 0.0187438087184394 0.0217233974900429 0.0192722403643393 0.0194980295725312 0.0156323797600004 0 0 0 0 0 0 0 0 0 0 0
0 0 0 0 0 0 0 0 0 0 0 0 0 0.0103625596957958 0.0161451742678643 0.0220889421836297 0.0178509601474323 0.00150106553864067 0.00150106553864067 0.02014510088888 0.0240606346208495 0.0226693123103264 0.0217162408282083 0.0209876165503169 0.0211229472130239 0.0206809780499991 0.0194165239717517 0.0194517419359556 0.0188539495074439 0.0200392467436768 0.0213088936465329 0.0197309792823745 0.0181911576076037 0.018323503283283 0.0212074469373702 0.021844830700771 0.0231540473140595 0.0231145745606676 0.0206532643061401 0.0201389283087753 0.0215575780563645 0.0226224032428955 0.0228419265409102 0.02314472994267 0.0229519736448634 0.0241117988827733 0.0247665437899489 0.0245541634856899 0.0234950474579179 0.0237758464131624 0.0233178523282684 0.0227547779441452 0.0218738733762805 0.0219160207992359 0.0218331609774435 0.0217845526824685 0.0218075434189496 0.0221301561397647 0.0219047876993755 0.0210082396656531 0.0209979657949468 0.0218757047661986 0.0227237535227768 0.0230604399101065 0.0240876332004831 0.02491378414827 0.0252712055705656 0.024103179306946 0.0243483912338084 0.0240068764478797 0.0219769300655606 0.021639804858645 0.0214027524520588 0.0242011390478784 0.022997669856269 0.0214194404737509 0.0207349535247248 0.0210020255716573 0.0210030378373264 0.022763551604771 0.0348865338148276 0.0370565850356051 0.0202657860159262 0.0184888315347318 0.017860611689746 0.0204476180707638 0.020169017106649 0.0206826829197673 0.0145011081261446 0 0 0 0 0 0 0 0 0 0 0
0 0 0 0 0 0 0 0 0 0 0 0 0 0.0139554681999455 0.0136059148475955 0.0222291508542914 0.0213303092200695 0.00149699498130886 0.00150106553864067 0.019490354126562 0.0218159908102582 0.0224933139649798 0.0199859061336163 0.0199620681909771 0.0203591631918817 0.020200130653676 0.0195234395098585 0.0211780976724577 0.0240958883579655 0.024310814505304 0.0221695221279346 0.0208011174309507 0.0183910577976245 0.0198982088745945 0.0215801629750069 0.0225426517893439 0.0233753756424038 0.0233464815025901 0.0214705911744481 0.0208803096585099 0.0216466014555028 0.0206101315337096 0.0217912101672154 0.0225368989959621 0.0219400486370271 0.0230908195799083 0.0242533932761997 0.0242654314727394 0.0234788431474831 0.0234410164106107 0.0230282862772737 0.0225762973337721 0.0221706211670493 0.0222842907550476 0.0223099493816305 0.0221355530112166 0.021995225328673 0.0223364194513674 0.0224753848856541 0.0220298028033679 0.0222200495606113 0.022461409258613 0.0222441103333488 0.0223383836873885 0.0231515151489278 0.024247745990386 0.0250848405949984 0.0233583286372167 0.0243718261490668 0.0260010972195287 0.0233371063801464 0.0226301452214029 0.0220165599414015 0.0239058717208887 0.0239422813919767 0.0229494694140982 0.02149564258002 0.0215255595227767 0.0225982813703617 0.0350178513619377 0.0481486418941504 0.0455936665265448 0.0208727279482786 0.019165478314069 0.0177153312321303 0.0202205159615829 0.0207592057384808 0.019618294472489 0 0 0 0 0 0 0 0 0 0 0 0
0 0 0 0 0 0 0 0 0 0 0 0 0 0.00873179245617218 0.0136373547791854 0.0202495123884941 0.0210706196369988 0.00560576522049466 0.00149136177858498 0.0214416512431489 0.0225733283479119 0.0224057302621735 0.0209343818564946 0.0194467547325052 0.0193795866464718 0.0190928350869414 0.018794552585046 0.0206374765957688 0.026847779647487 0.0270636082501152 0.0215177413815643 0.0223487855135364 0.0220774899421507 0.022170121450947 0.0216830548129438 0.0222149506272211 0.0224197701488114 0.0217670468223133 0.0214623630318947 0.020945823063333 0.0206850872150765 0.0204345875477487 0.0212581229981232 0.021281395059691 0.019293329908129 0.0224831087466146 0.0243791454935201 0.0243906455012618 0.0231027649619577 0.0227113976421646 0.0225000722028457 0.0224995155616543 0.02272504114591 0.0231124336399108 0.0236674549094302 0.0232014013622149 0.0228031198461947 0.02273969921382 0.0227047499393326 0.0224097732977209 0.0227736818695782 0.022886975831448 0.0220582469321046 0.0219872269110331 0.0222877361581907 0.0236814919672474 0.0249754454116834 0.0248118969568583 0.0253113870729691 0.0268800566468219 0.0251117763374558 0.0243365440983055 0.0232549385724399 0.0241156534744898 0.0247600365334655 0.02497807877159 0.0238286006538179 0.0224927406691106 0.0247495183735229 0.0444014102215177 0.0526888683413735 0.036389129304373 0.0203064383653847 0.0196432034976529 0.0184676234872928 0.0186009516144837 0.0199176065254279 0.0196025798541716 0 0 0 0 0 0 0 0 0 0 0 0
0 0 0 0 0 0 0 0 0 0 0 0 0 0 0.0187276515344111 0.0227889844813264 0.0276677244470846 0.0093978026738456 0.0016276475251713 0.0213688059036827 0.0217999030630719 0.0207070382178941 0.0238752677870537 0.0221584323478438 0.0189861131644151 0.0188413828906334 0.0188913863394189 0.020033677549316 0.0225113887477325 0.0227499439766661 0.0209974913429899 0.0216226683438744 0.0221673412317233 0.0223240059898554 0.0219363093341459 0.0219597831492391 0.0212843032053421 0.0197870423979487 0.0200904448759035 0.0201404894508173 0.0203381805951862 0.0215636818121931 0.0211153452189449 0.0202525890466067 0.0184867205203063 0.0223832727244804 0.0238540785239003 0.0241246510278986 0.0228705220101056 0.0224963224340391 0.0220254267968514 0.0223002215380551 0.0227330351350847 0.023621018193665 0.0243717224081274 0.0236305935068934 0.0233535725049762 0.0225531058187259 0.0226081895129617 0.0227336738878527 0.0234265207171801 0.0236111282860738 0.0224045634529066 0.0224047456176269 0.0227291041089665 0.0237677847109277 0.0253691609030772 0.0269910297510707 0.0264780704730604 0.0266868263865024 0.0268667755485404 0.0263070258810497 0.0243087677782189 0.023838637005085 0.0242339732697338 0.0246638734926479 0.0241543619769782 0.0225245677347765 0.0236299873236208 0.0259522572118531 0.0155697326345591 0.0133539427758211 0.0197339308310513 0.0196313154155309 0.0189056981218145 0.0187976676351982 0.0193978578066946 0.0201053834537222 0 0 0 0 0 0 0 0 0 0 0 0
0 0 0 0 0 0 0 0 0 0 0 0 0 0 0.0190028575122523 0.0216546801236313 0.0276995480922913 0.0180195586475424 0.013555008683774 0.0220706201744336 0.0209256524923775 0.0199136779334645 0.0187267909326681 0.0225245553765798 0.0213617529937176 0.0208148544050975 0.0210831554972828 0.0210753242030068 0.0199473440882581 0.0190716689930624 0.0203404634765339 0.0204279852961275 0.0212988118797122 0.0228857845977373 0.0230864334876709 0.0220417542916362 0.0199304776359981 0.0200247921296897 0.0202994834935126 0.0200004724773278 0.0201645764456445 0.0214589796178041 0.0215197396687197 0.0205268302249385 0.0207544698880584 0.0232215865864095 0.0226621085985168 0.0229933259693435 0.0226119631040879 0.0228798690718075 0.0226519878025849 0.0229926923254638 0.0233103222733514 0.0243161879540118 0.0243680705918728 0.0232347068088545 0.0229918665416695 0.0224237537282285 0.0230369203825034 0.02320066487272 0.0235784608846563 0.0234453354638702 0.0226523123797677 0.0230375923282947 0.0235456901377241 0.0243526390021744 0.0255099392378867 0.0264969167160364 0.0259668108563703 0.0263223860832247 0.0271953223289343 0.0267873123864197 0.0243351089844937 0.0238552130379984 0.0240298025538618 0.0245486032860345 0.0234408591418696 0.0210574192824481 0.0194282566185405 0.00628109003638423 0.00288440374984552 0.0128797867721155 0.0202948179255664 0.0207852437728575 0.0219047281763414 0.0195416193754685 0.0179816521941935 0.0187937387998779 0 0 0 0 0 0 0 0 0 0 0 0
0 0 0 0 0 0 0 0 0 0 0 0 0 0.00506107194232211 0.0177277299213603 0.0201763925626117 0.0257321739327204 0.019180915965001 0.0124143820597024 0.0171747076149177 0.0227621659228476 0.0196398483108769 0.01860754353907 0.0190224522116448 0.0147888350397018 0.0194327654144009 0.021935947803427 0.0217763140344136 0.0208093910607381 0.0203153170071224 0.0207308527939069 0.0204329652124088 0.0213881832767032 0.0222048758045308 0.0219990392982252 0.0224641180786189 0.0225639340482844 0.0218422421879117 0.0216149602079268 0.0204754471941419 0.0202277650621264 0.0205849851162161 0.0209265549308837 0.0205167783613882 0.0213521332990445 0.0227796289972689 0.0202971079101842 0.0202776888380428 0.0205132849503808 0.0218407423042925 0.0231292619363445 0.0237491365500187 0.0240847822584269 0.0245621236295549 0.0240934189207476 0.023005012372438 0.0229497935406431 0.0230318267893248 0.0236845274004698 0.0236342921543605 0.0235443791274847 0.0233154892489788 0.0231477321795585 0.0234186128140905 0.0237111729973674 0.0245171687972905 0.0254999166465003 0.0263285051729627 0.0261281182877079 0.0265230987023283 0.0272506994463254 0.0261426179660473 0.0246194910501683 0.0246170211458544 0.0240945118009267 0.0249843212839514 0.0230868503125291 0.0185725047655708 0.0186621060183255 0.00692176143575277 0.00612729074884106 0.0167436918339156 0.0199883597292421 0.0205995624641313 0.0223326795482631 0.0204222551949772 0.0194393581061057 0.0188950867880998 0 0 0 0 0 0 0 0 0 0 0 0
0 0 0 0 0 0 0 0 0 0 0 0 0 0 0.01642048796874 0.0185914491815203 0.0231577540040105 0.0195954900345623 0.0133998117483623 0.0179270643188353 0.0230150905872487 0.0237980436198351 0.0202470999124739 0.0177103010669257 0.00784339854588663 0.0143602087839645 0.0217437247285034 0.0218160302226614 0.0225567952289791 0.021837197150371 0.0217582617453935 0.0222886942016671 0.0227891668447972 0.0219252517122659 0.0216907288934653 0.0225868449936004 0.0237684814676481 0.0233779779002488 0.0208557794095381 0.0200200932355302 0.0195719125677438 0.0192715482465937 0.0208661110983981 0.022610303610403 0.0222231750201437 0.0216389540376352 0.0200816421227861 0.020558454094575 0.0213134531632286 0.0226888250242745 0.0230775389427937 0.0234953160786565 0.0234720466155449 0.0236936519340414 0.0234666526535885 0.0233728576081617 0.0234507649417286 0.0237423825408401 0.0239980712938247 0.023999414996586 0.0240164226194775 0.0244085694756578 0.024692635769057 0.0249405853810092 0.0251940321365577 0.0259428115273456 0.0268413485445524 0.02720979761748 0.0265329296231828 0.0267833936027401 0.0251380329988577 0.0239508818652697 0.0247063274713927 0.0246593862015049 0.0241210501231985 0.0253149005391752 0.0240303895728388 0.0220475756842505 0.0219575612349842 0.0204208317579648 0.0188589979652286 0.0183243592439598 0.0183507398334503 0.0216529949476105 0.0221943272496195 0.0208174052447992 0.0193510021304558 0.0189214337948333 0 0 0 0 0 0 0 0 0 0 0 0
0 0 0 0 0 0 0 0 0 0 0 0 0 0 0.0112348566779588 0.0177721845939641 0.0210929088803373 0.0228433581654536 0.0185768239351638 0.0225414543216432 0.0220131972765881 0.0152738759607888 0.0141043076248066 0.016501387698996 0.0118652813271157 0.0156161665372514 0.0235645246984741 0.0226127537869526 0.0237791951312725 0.0222627180829534 0.0229218610852433 0.0252600097239106 0.0235899143766682 0.0224187472109515 0.0221912160352185 0.0227760407002673 0.0242671575221142 0.0241447805914408 0.0210996457216334 0.0203330814986247 0.020041643062786 0.0196081444879733 0.0210662048339796 0.0229955869045889 0.0223004684123949 0.0200913833852213 0.0238880435209857 0.0245673339816618 0.0251953080003958 0.0251726174335239 0.0235401791604932 0.0227168138215736 0.0223088375210725 0.0225616553276206 0.0233754839558828 0.0244560464156452 0.0240530972759534 0.0241762503685392 0.0240817559010731 0.0243024193452362 0.0244263267374403 0.0251591546964551 0.0252329083934901 0.025207731810009 0.0258241223268719 0.0261887061957867 0.0262842976303536 0.0267159252651505 0.0267865083700064 0.0266292027421914 0.0236745191398924 0.0220946222836632 0.0226926411089825 0.0245985072624128 0.025064051075456 0.0254755092899532 0.0232516543018687 0.0225736509263007 0.0221945531583891 0.0215371764095274 0.0202589657988873 0.0190547567383417 0.0170684633068739 0.0208950485010279 0.0216459223965837 0.0199789997481252 0.0197570059771068 0.0025394897195528 0 0 0 0 0 0 0 0 0 0 0 0
0 0 0 0 0 0 0 0 0 0 0 0 0 0 0.000150496199034581 0.0180864050271734 0.0196146342678303 0.0239105220970992 0.0210639835336334 0.0241068918404764 0.0200864785398011 0.0023970373319485 0.0126502647813096 0.021039314666125 0.0213513016872887 0.0216635069165405 0.0233068615830181 0.0234673483137329 0.0250417915438445 0.0245169451733332 0.0238013448073394 0.0247008678059955 0.0248397770407972 0.0244790368882391 0.024450232743479 0.0246553578370376 0.0239659625170701 0.0216593430739813 0.0206718420787183 0.0211330011645699 0.0225729849059531 0.0233125549699788 0.0230105550681137 0.0229447783683824 0.0226640307467164 0.0210169787703357 0.0225455087255433 0.0242060326548175 0.0246980512933453 0.0249113042624547 0.0242887785750226 0.0238879237351927 0.0235701177108571 0.0232729371302415 0.0243507016666935 0.0250741942585733 0.0248671310698704 0.0250504708888542 0.0249313722687097 0.0251209257048845 0.0252930931309986 0.0256564672388825 0.0254305526863699 0.0253788140148817 0.0262589642886948 0.0258862446871468 0.0223875496550074 0.0251969803020264 0.0260389476784693 0.024449724201671 0.02153434115166 0.0211033560204097 0.0231299203323805 0.0262270374363175 0.0251559862836837 0.0241239067902891 0.0226385310347975 0.0226748505884015 0.0217330120615238 0.022362669070543 0.0227968577175171 0.0199245439567657 0.0130759886025972 0.0104903875336594 0.0180277436371113 0.0174729768486995 0.0218663696813933 4.2659986440303e-05 0 0 0 0 0 0 0 0 0 0 0 0
0 0 0 0 0 0 0 0 0 0 0 0 0 0 0 0.0156960353524699 0.0194557245572556 0.0223813533419078 0.0262201537817907 0.0262280148713412 0.0216755995203437 0.0113178058206288 0.0159984423534531 0.0207395301250569 0.019274042519877 0.0196105824830226 0.0221534876023282 0.0244542949490402 0.0238560706295003 0.0230111406794081 0.0237377603797852 0.0254827335642381 0.0260988854230336 0.0254462276401264 0.025468048219807 0.023870223183439 0.0232860598311924 0.0203765974691975 0.0205061106719485 0.0221115456758392 0.0217778051570045 0.0216609752918103 0.0227689128550127 0.0233841278359635 0.0233892282466518 0.0227299002912207 0.0230643464877553 0.0238242749454282 0.0244483780175253 0.0248268109451112 0.0239183823704731 0.0241690185390101 0.0238242854359361 0.0233377152592898 0.024269280040174 0.0249335198041119 0.0254819657593753 0.0254141840397687 0.0254823110972548 0.0256981510205573 0.0253854602866009 0.0255132303533992 0.0251260273131726 0.0253730261147956 0.0247777254782503 0.0247282783408294 0.0236136636316706 0.0261646633535703 0.0250485373052084 0.0232959416114151 0.0202154431025598 0.0179269586773214 0.0223339869250587 0.0259664669642663 0.0249563292798319 0.0230513799319677 0.0227887189967452 0.0229547749844421 0.0211517804193063 0.0213607564426498 0.021493674370184 0.0201284967891649 0.00983199617456811 0.0121711995708427 0.0184070258283034 0.018859838173517 0.00992576431837793 0 0 0 0 0 0 0 0 0 0 0 0 0
0 0 0 0 0 0 0 0 0 0 0 0 0 0 0 0 0.017563995654986 0.0188013008335866 0.0225914126243477 0.02174392114828 0.0238317950994481 0.0228684173002716 0.022238197240076 0.0205111467734407 0.0181496511244467 0.0182731938758621 0.0211040589106275 0.0226787466119345 0.0206491431113178 0.0220437537069498 0.0248390524547867 0.0255695079103779 0.0253990660195296 0.0255208308598709 0.0257719088363121 0.0232822247516743 0.0233894068076349 0.0216507252134613 0.021937210486064 0.0235722933530874 0.0221085767841701 0.0219807160081691 0.024329641644207 0.0236148529210878 0.0235923912525629 0.0248229062245219 0.025231810208022 0.0251947671609513 0.0244696026806606 0.0242365335570591 0.0241894980446952 0.0245550599060379 0.0242815901107753 0.02416745156534 0.0247706276012181 0.0253179236385722 0.0256439322066426 0.0251623448899911 0.0254525288516873 0.0258597397412184 0.025095884214619 0.024818196444988 0.0249840681584945 0.0249732877065624 0.0218025717791716 0.0227613400553088 0.0256223263287089 0.0262123855010625 0.0254945015492354 0.0239494741338252 0.0217915806680699 0.0184524110637403 0.0214441420262077 0.0238455922330443 0.0210322138207282 0.0215740471797985 0.0224387899675371 0.0216173398584785 0.0210619159053113 0.0215136607572214 0.0206617379438135 0.0252802250357644 0.0183136282549697 0.0198733877846376 0.0201873965468998 0.00285423166357972 0 0 0 0 0 0 0 0 0 0 0 0 0 0
0 0 0 0 0 0 0 0 0 0 0 0 0 0 0 0 0.00430269929751779 0.0143270841838577 0.0194669439718638 0.0173345234751931 0.0226913251278671 0.0251445001309013 0.0241345575355582 0.0200804762681165 0.0204452484386144 0.0189882855945032 0.0200196466117188 0.0210453469298707 0.0200893127621476 0.022882119746122 0.0245958732458064 0.0238019392050613 0.0243188628142258 0.0258285961829804 0.0263873128810648 0.024378446699224 0.0241211325722202 0.0227203974813086 0.0237669676220029 0.025802946615339 0.0251790783090912 0.0244589353413968 0.0255974567576804 0.0233163889096822 0.0227849395854138 0.0248476964474461 0.0251932914683514 0.02547483037905 0.0246494604725744 0.0243015788663215 0.0241316490016002 0.0238226780572403 0.0243776808782174 0.0252723618352665 0.0250682826295264 0.0255003433783788 0.025473046047894 0.0255704215311579 0.025698714300225 0.0246183646262391 0.0238303626192979 0.0238551987603666 0.0247988785200789 0.0248521271034251 0.0210971752645625 0.022102198167393 0.0247466275907541 0.0258519431799497 0.0248868556163832 0.0237018774193367 0.022161372666844 0.0204698291163003 0.0225780918383797 0.0233121378788351 0.0201187752832757 0.0215287323584667 0.0219882025471105 0.0151578371048223 0.0218577366854844 0.0215050542898442 0.0211285280163779 0.0260470983472713 0.0208006079630264 0.0213479100377442 0.0148681948470863 0 0 0 0 0 0 0 0 0 0 0 0 0 0 0
0 0 0 0 0 0 0 0 0 0 0 0 0 0 0 0 0 0.00906533172809216 0.0188698522926331 0.0210550472463198 0.0179676358643802 0.0225265157466276 0.0231796116797136 0.0201441591453063 0.021096416882311 0.0210825258997832 0.0203165046764849 0.0206416931835623 0.01961486571235 0.0214978772702966 0.0225099800663341 0.0223236048214165 0.0235831664672904 0.0254555393434555 0.0261655445566997 0.02573586776761 0.0252495852196391 0.0236412633947307 0.0241931458180072 0.0260411834564943 0.0258356916948048 0.0254112579332181 0.0250496509782852 0.00631026951246834 0.00751051208033314 0.0222987123500969 0.0241099465614352 0.0250083953997553 0.024837278571671 0.0243892140969354 0.0233078790909059 0.0225628717713215 0.0228209883791661 0.024502607458755 0.0247708370253136 0.0247683591952754 0.0246260444927548 0.0256989673679779 0.0257278436779633 0.0240011354635872 0.023027643503488 0.0236752952530222 0.0243381556590985 0.0243746573382019 0.023168537384144 0.0230868125979372 0.0239286596890796 0.0251029557323839 0.0250779499592601 0.0250757574687679 0.0238983394073857 0.0229247550888322 0.0242728101724715 0.0236438552436968 0.0224945535537811 0.0245030754589293 0.0231725810430767 0.0227493991464659 0.0226011604011238 0.0219619265683203 0.0224845725288971 0.0242962877173 0.0227101032683125 0.0179460079760624 0 0 0 0 0 0 0 0 0 0 0 0 0 0 0 0
0 0 0 0 0 0 0 0 0 0 0 0 0 0 0 0 0 0.00341981782922654 0.0183703685090452 0.0233933079987965 0.0196288419969064 0.019594651658121 0.0224096174784829 0.0196439571698015 0.019477883365357 0.0220567409382522 0.0212779239496347 0.0201804617221068 0.0185795267105263 0.0199513323856711 0.020485152796272 0.0219257004744805 0.0243339490933377 0.0246190531183231 0.024897675335776 0.0258675697612545 0.0261250395814371 0.0259350722882741 0.0249196145292328 0.0256851877488297 0.0261817042769412 0.0265485448705551 0.0219568878870901 0.00201920545255397 0.00636848901875513 0.0216795215843199 0.0249815247939383 0.0255102489189339 0.0249194372551923 0.0233084091411371 0.0227267751993153 0.0224241878165801 0.0226722734869436 0.0243864440500099 0.0247328559989719 0.0244201999938114 0.0240900255151159 0.0251317255838175 0.024586741209348 0.0228486348872351 0.022751399239012 0.0238595947169036 0.0239145779615434 0.0239083709535625 0.0238015994646959 0.0233700219005437 0.0236691465592043 0.025330557199702 0.0253336828793703 0.0263699504311099 0.0262300182799615 0.0242060215225942 0.0235121926583261 0.0227133254231358 0.0223971465358134 0.022670324856212 0.0223010828375298 0.0229327367888762 0.0229335191379114 0.0214814746145823 0.0214125392116549 0.0239047035503492 0.0234902962671583 0.0161992698304054 0 0 0 0 0 0 0 0 0 0 0 0 0 0 0 0
0 0 0 0 0 0 0 0 0 0 0 0 0 0 0 0 0 0 0.00534365766234241 0.0182724696788096 0.0188385480104436 0.0188011457885019 0.0207449872290429 0.0201570234012435 0.0172922189270257 0.0183415513231326 0.0219292237037925 0.021070647848931 0.0199643686223632 0.02084952162736 0.0210914159308782 0.0233719539823656 0.0245581212454912 0.02484491423595 0.0252686207767839 0.0250322815848353 0.0254652473263336 0.0260213258428624 0.0243870930148203 0.0243730536267081 0.025156422113598 0.025878811445471 0.0211757173499817 0.0122649840696455 0.017393144556654 0.0219605983660028 0.024532233912854 0.0246711437941962 0.0244301485445568 0.0226357115212655 0.0230982820994195 0.0239823818733696 0.0239904950295965 0.0242216498546081 0.0245029717452334 0.0241047468876966 0.0240646489628432 0.0244606765629121 0.0231068090570415 0.0211729542020419 0.0226984413438222 0.0242496898398899 0.0237086459122282 0.0235423899096469 0.0229921418913401 0.0217029239280337 0.021780080313393 0.024096738281573 0.0235881865521702 0.0245024628071674 0.0252795033314917 0.0237229889573218 0.0225283306393052 0.0207968915833037 0.0192660742063367 0.0172640292777514 0.0176875375371805 0.0206736825353334 0.024909399567299 0.0217631475627846 0.0192930526374157 0.0252702648687714 0.0201580251099769 0.00940709377866546 0 0 0 0 0 0 0 0 0 0 0 0 0 0 0 0
0 0 0 0 0 0 0 0 0 0 0 0 0 0 0 0 0 0 0 0.0171519904068242 0.0174725300828015 0.021894184261222 0.0244011461817349 0.0216323111498523 0.00645259620928416 0.00514552180967109 0.0211852256164078 0.0217397773617745 0.0216085676134068 0.0222853663612577 0.0217811467844417 0.0233040354979703 0.0237486706899339 0.0251077985525036 0.0254039327466362 0.0267691361472645 0.0258983205107467 0.0255215093589237 0.0243184952421504 0.0241098608307939 0.0247620471085624 0.0251241178856289 0.0233381863385464 0.0221868303194569 0.022339769544985 0.0224196404316359 0.023780173938306 0.0235242063819675 0.0241015739233305 0.0228126762623004 0.0233882539184156 0.0242515057410573 0.0233961018165439 0.0235066638537627 0.024346071735359 0.0241692714850717 0.0248752827401365 0.0242921763332179 0.0224485324279266 0.0178622235875969 0.017950027955408 0.0233402202140099 0.0225521052517959 0.0229001289542189 0.0215898689715717 0.0183853817311148 0.0185309571593292 0.0229475886082248 0.0221488931580426 0.0232451801606534 0.0242159930345477 0.0241103611977648 0.0232909394633216 0.0203156288045612 0.0181704185312369 0.0170250508527122 0.0176867433756138 0.0198353438891567 0.0203399617247922 0.0195253761017479 0.0192073595526171 0.0201586157408936 0.0132135263344273 0 0 0 0 0 0 0 0 0 0 0 0 0 0 0 0 0
0 0 0 0 0 0 0 0 0 0 0 0 0 0 0 0 0 0 0 0 0.0145133167308342 0.0189853859431761 0.023898838992063 0.0256836238125344 0.00941930572703768 0.00150106553864067 0.017179094001649 0.0207808608266896 0.0216496382746009 0.0221003483566695 0.0215977458492181 0.0226589919934054 0.0250424522155534 0.0253228564302835 0.0257271615748819 0.0272495753593747 0.0259509192556905 0.0243021468350298 0.0219757609834295 0.0245907234688314 0.0246357189452905 0.0230876347082795 0.0219764994599743 0.022072554565954 0.0217366666959596 0.0219686390022573 0.0110571963447899 0.010685739631054 0.0206351555077183 0.0223017367612311 0.0215787169083104 0.0217575675660276 0.0220727423262731 0.0184464647732184 0.0210912486781331 0.0241147169915105 0.0265964447259867 0.0252553349318335 0.0215283922820717 0.010913037228164 0.0160471963800136 0.0234039915938036 0.0208526810743495 0.0213885612402824 0.023046271798842 0.0212445763474834 0.0212417823964971 0.0225613100171271 0.0221451521883699 0.0229340356368775 0.022276191790358 0.0216507288925718 0.0215686445570867 0.0202978125271512 0.0185890326892749 0.0186003108844783 0.0182101336297794 0.0174968820860807 0.0174458449073818 0.0169443989544523 0.00406664905551566 0.00188652539247501 0 0 0 0 0 0 0 0 0 0 0 0 0 0 0 0 0 0
0 0 0 0 0 0 0 0 0 0 0 0 0 0 0 0 0 0 0 0 0.00450613172372436 0.0165181916426927 0.0200752058364486 0.0260484492275606 0.0273878497848943 0.011330894769114 0.0173624656589265 0.0219141400810818 0.0181201156095617 0.0220526775996057 0.0218947123518494 0.0227129446629074 0.025207454883413 0.0250183390950652 0.0253800205528142 0.024453696813584 0.0246366595329081 0.0221128012977847 0.0209750029215209 0.0237344224728215 0.0239418693638966 0.023033467385311 0.0217796977900828 0.0221610687076953 0.0213732054830232 0.0192222088521122 0.00273027782013297 0.00273053752998715 0.0187356097632434 0.022438554809564 0.0206618165418873 0.0208731565016976 0.0210307453030564 0.0153817312949369 0.0148267773402867 0.0237430403532373 0.0266720312586682 0.0259343637617467 0.0224531247709122 0.0171584894868045 0.0295248566897051 0.0307721193070398 0.0178986986670672 0.0186413290789624 0.0234033237773314 0.0222352859831875 0.0226416136667081 0.0223771554717684 0.0213892612718746 0.0213896038591248 0.019893020691334 0.0193843111741196 0.0195930098491466 0.0186824591130939 0.017956382854463 0.0192703208010597 0.0189212012007868 0.0181675012225249 0.0174842150411116 0.0105694596175055 0.000968187272423203 0 0 0 0 0 0 0 0 0 0 0 0 0 0 0 0 0 0 0
0 0 0 0 0 0 0 0 0 0 0 0 0 0 0 0 0 0 0 0 0 0.00868269329833886 0.0176047343930043 0.0217765868859674 0.0251251904231512 0.021627038210227 0.020244328071436 0.0242342445394304 0.00868058135804076 0.021552356013293 0.0210042470832094 0.0225578961471064 0.0243568850562402 0.0232141214001543 0.0236778186152901 0.0232758978444501 0.0240838775320809 0.0225713274689744 0.0220972225191667 0.0236544672837891 0.0225941261135464 0.0222804043997184 0.0231123784902533 0.0238543611932725 0.0232651389344107 0.0214096098512886 0.018707724998534 0.01742554160438 0.0208396817467604 0.0238298669121478 0.0222885394723323 0.0205856468215864 0.0207826508030573 0.0212506258805554 0.0201876736790449 0.0235029398514667 0.0259097875724807 0.0242386020914747 0.0219752490173399 0.0195861304236455 0.04216332727841 0.0534724956968729 0.0255720245667407 0.0180302420713277 0.0218658791750468 0.019371326392343 0.020271882025317 0.0204610968611016 0.0180075839181046 0.0176911947572152 0.016185005430563 0.0171079213159595 0.00867119013464102 0.00984952628901151 0.0150847593576441 0.0172182602619537 0.019099716330953 0.0163601908162935 0.0152961193544602 0.00371531670095782 0 0 0 0 0 0 0 0 0 0 0 0 0 0 0 0 0 0 0 0
0 0 0 0 0 0 0 0 0 0 0 0 0 0 0 0 0 0 0 0 0 0 0.000390183368173193 0.0173889819764593 0.016390581644653 0.019209459191131 0.0234380121706619 0.0230793872214992 0.0248130489548366 0.0185984493821503 0.0211128100573281 0.0224410400110409 0.02379135985644 0.0225317910820151 0.0233569015485661 0.0235240183327638 0.0230763680996038 0.023910258817244 0.023258172735623 0.0243572429141914 0.0218569954873447 0.022716037528438 0.0245871496106949 0.0244812432653586 0.0240623382500235 0.0226323724380555 0.0230374753959321 0.0214670864206911 0.021238926985804 0.0230531083585855 0.0210126323480038 0.0201228815108465 0.0209053504130752 0.0219682051489391 0.0226277875031857 0.0238495808037603 0.0234859952714792 0.0213090889337806 0.0212033392404029 0.0204490239457216 0.0288505780107818 0.0319242169936784 0.0241343398661059 0.0195081337163447 0.0213130164371828 0.0189957926247167 0.0200159757643495 0.0200678480735314 0.0183575414235912 0.0177742832813581 0.0111954433676754 0.0196891245536109 0.00827772983999746 0.00499567799199016 0.015091482325693 0.0175165640157634 0.0115007648595038 0.00148717028769441 0.0100138462406566 0 0 0 0 0 0 0 0 0 0 0 0 0 0 0 0 0 0 0 0 0
0 0 0 0 0 0 0 0 0 0 0 0 0 0 0 0 0 0 0 0 0 0 0 0.00500485566289147 0.0156501307552222 0.0165134316040813 0.0239740071354227 0.0228513683321549 0.0253891610909384 0.0190082298389411 0.0239871596160726 0.0259009396974409 0.0225984383019316 0.0209872032749609 0.0230279563085223 0.0221563989306442 0.0219549955268252 0.0222461496734917 0.0224309410363639 0.0230753362369085 0.0201822041838825 0.0200882540554815 0.0244102857779078 0.0232503046074165 0.0227350710177316 0.0228538520986651 0.0235343129910578 0.0232800038514758 0.0226072961348227 0.0190316769082135 0.0183890263468968 0.0190734069886955 0.0211889180437068 0.0222056521979704 0.0219384359460378 0.023125748667403 0.020746113701977 0.0166837969639672 0.0214193317656801 0.0226370870584877 0.0197726851450595 0.0180818336045281 0.0184011624661467 0.0191034197689344 0.0211823529668192 0.0196737317974302 0.0193886804987226 0.0203508565168855 0.0199020706400818 0.0214526289587081 0.0229662147076506 0.0227949566255098 0.0193963615346084 0.0188526014099395 0.0215901778353594 0.0205094366165451 0.00135197220401517 3.20852758884512e-05 0 0 0 0 0 0 0 0 0 0 0 0 0 0 0 0 0 0 0 0 0 0
0 0 0 0 0 0 0 0 0 0 0 0 0 0 0 0 0 0 0 0 0 0 0 0 0 0.0174918623397449 0.0202844939832716 0.017417661326433 0.0203779042804585 0.0235862589356693 0.0261108295740382 0.0261788491118569 0.0228627171982482 0.0212428500542084 0.0231247413082744 0.0222215483744407 0.0217208842576648 0.0216944388119917 0.0217995530299626 0.0217359651198746 0.0210991317819205 0.0203435652373358 0.0240849539145711 0.0225039615375964 0.0221907020558572 0.0224660094848293 0.0223768578720812 0.0227269373654225 0.0227800399349307 0.018613865719817 0.0186816201451796 0.0187488675543408 0.020685842167276 0.0224678649352251 0.0221239555782647 0.0232016727579421 0.0209061196514788 0.0161221806682706 0.0224402749233644 0.0234064444830282 0.019645114575474 0.0187447268401596 0.0183457676012061 0.0178877796787209 0.0201931717795156 0.0202090585677483 0.0193028173985419 0.0188152319443377 0.0187421890432127 0.0278959581855585 0.031720989076209 0.0261149694685792 0.0225221248106945 0.023078052857155 0.0216105027933803 0 0 0 0 0 0 0 0 0 0 0 0 0 0 0 0 0 0 0 0 0 0 0 0 0
0 0 0 0 0 0 0 0 0 0 0 0 0 0 0 0 0 0 0 0 0 0 0 0 0 0 0.0159621032602221 0.0149034556956042 0.0193417983677025 0.0225880987842435 0.0241329985758818 0.0247704952818836 0.0249498345804303 0.025337341395319 0.0263250191356365 0.0244112751472614 0.0225734688686175 0.0222918083406096 0.0231300308264258 0.0239398794772289 0.0240641981798392 0.0232137041556799 0.0242146259317112 0.0223848403736353 0.0215921238814076 0.0207681083517109 0.0201754917935347 0.0208647432655737 0.0223639513251193 0.0216047160714101 0.021467640451284 0.0212889201438322 0.0201067849266627 0.021147591161835 0.02179515804774 0.0221096288576789 0.0206713568442838 0.0182753394792181 0.018716604359205 0.0181338576487112 0.0201763886801626 0.019819451973694 0.0192308089210527 0.0196499399048428 0.0212023011736537 0.0245846773272985 0.0211686074442276 0.0202632196477446 0.0197694147304317 0.0258671284203995 0.0316816876043279 0.0267968301435353 0.0209347630688565 0.0171908971184514 0 0 0 0 0 0 0 0 0 0 0 0 0 0 0 0 0 0 0 0 0 0 0 0 0 0
0 0 0 0 0 0 0 0 0 0 0 0 0 0 0 0 0 0 0 0 0 0 0 0 0 0 0.00109697991278016 0.0171674601312594 0.0198276247075715 0.0202906883628948 0.0183925384979893 0.0199876188134869 0.0235997838720072 0.0258288422633303 0.0250887842550875 0.0237922696394831 0.022381413105081 0.0225672701098583 0.0233287121121238 0.0239089911100096 0.0233948883742798 0.0250347915759244 0.0248766802237151 0.0229817825300623 0.0200273279865038 0.0189667503973711 0.0198030959246115 0.0202644157904655 0.0216197576939594 0.0217829292656739 0.0221927114368592 0.0214660324058681 0.0206131355534211 0.0209535908806843 0.0213375196354218 0.0212408573827271 0.0211987686213186 0.0163476026375772 0.0141498468336413 0.0178159316007439 0.020741839585772 0.0195266518146197 0.0194183053249768 0.0214897928973155 0.0239550788064636 0.0267770211303474 0.0220450925118214 0.0225248623935861 0.0188662183968343 0.0196947801805594 0.0257639425038529 0.0232876611088537 0.0119593839642832 8.52310807537206e-05 0 0 0 0 0 0 0 0 0 0 0 0 0 0 0 0 0 0 0 0 0 0 0 0 0 0
0 0 0 0 0 0 0 0 0 0 0 0 0 0 0 0 0 0 0 0 0 0 0 0 0 0 0 0.00109131471581932 0.00252220869356062 0.0178898284121278 0.0171797253886696 0.0191925890031314 0.0215034527573791 0.0247782377087395 0.0236439966564626 0.022540525909214 0.02281174009585 0.0241224626083571 0.0253595776636427 0.0253633322797633 0.0209080176024076 0.0211939713554167 0.0233126576896207 0.0217565257248411 0.019084461516268 0.0195763204086678 0.0208297458362787 0.0208963420294374 0.0207603412600986 0.0193381521238612 0.0200569022955636 0.0209745483708018 0.0211122469455493 0.020721472671993 0.0199659329017708 0.0157571338530296 0.0204010339878262 0.0178543367385059 0.0213212060954226 0.0262280446738907 0.0230027457456864 0.018924874334492 0.0200551289921737 0.0225238485157644 0.0230594623435582 0.0236536563087485 0.0178954724932826 0.0205864809173336 0.0188428061058318 0.0177465497658189 0.0177022266243565 0.00251148716561502 0 0 0 0 0 0 0 0 0 0 0 0 0 0 0 0 0 0 0 0 0 0 0 0 0 0 0 0
0 0 0 0 0 0 0 0 0 0 0 0 0 0 0 0 0 0 0 0 0 0 0 0 0 0 0 0 0 0.000183106696208288 0.0173740311787215 0.0188683705352982 0.0159532349423436 0.0183982282395994 0.0205767407290785 0.0210148542443175 0.0224337028321427 0.0232244330429455 0.0235295524221651 0.0234824275382431 0.017989487333439 0.0166128783830976 0.0205672201695866 0.0209794630944257 0.0206063647338048 0.0232483828836365 0.0225743233298541 0.0221174352545497 0.0209684888961888 0.0184418048263243 0.0196258733341406 0.0205237237058489 0.0200216764828528 0.0195519991379678 0.0186666596531855 0.0116644487554238 0.0181399734040585 0.0218207780604501 0.0252674264118191 0.025130626466063 0.0233813329167638 0.022097422292565 0.0171780919269228 0.0163376357614053 0.017425500154112 0.0153565723461118 0.0155526912766173 0.0041548848919042 0.00354202161893316 0.00342543115595286 0 0 0 0 0 0 0 0 0 0 0 0 0 0 0 0 0 0 0 0 0 0 0 0 0 0 0 0 0 0
0 0 0 0 0 0 0 0 0 0 0 0 0 0 0 0 0 0 0 0 0 0 0 0 0 0 0 0 0 0 0.00164959123404493 0.00478874626389896 0.0146595912546814 0.0189055040986751 0.0168291895624749 0.0174643806372372 0.0191962880421396 0.0209877734355258 0.0204618995405308 0.0193725481639837 0.0170024809027375 0.0196548323333445 0.0238727349740611 0.0268376411785447 0.0293056877392826 0.0274378395585482 0.025724235555346 0.0232986111285001 0.0218290088542282 0.0179734135075005 0.0215114554577038 0.0228106866061901 0.0212059838836197 0.0205315303957688 0.0170793166477522 0.0127247662722611 0.0180534461748252 0.020496637423505 0.0201152893998725 0.0177727812545001 0.032482042925327 0.0270577943776341 0.0116133330152869 0.0149802183633823 0.00461055414299493 0.00202305753291408 0 0 0 0 0 0 0 0 0 0 0 0 0 0 0 0 0 0 0 0 0 0 0 0 0 0 0 0 0 0 0 0 0 0
0 0 0 0 0 0 0 0 0 0 0 0 0 0 0 0 0 0 0 0 0 0 0 0 0 0 0 0 0 0 0 0 0.00511458550284072 0.00690294351643485 0.0103253514777265 0.0157244210400051 0.016760403144371 0.0192123417414915 0.0192363873198476 0.0192873349840482 0.0165638671894627 0.0202609470670947 0.0247862244111804 0.0297388049883035 0.0314785729262214 0.0274237821692987 0.0253241684341373 0.0224584571820244 0.02097335786596 0.0169872025272747 0.0211646967334876 0.0222020710680043 0.0207254675899485 0.0200650330863102 0.0165802220403921 0.012606139541627 0.0173872343384723 0.0196608222262935 0.0182272981981686 0.0165982912365806 0.0344574056117417 0.0163899228358365 0.000325365219560105 0 0 0 0 0 0 0 0 0 0 0 0 0 0 0 0 0 0 0 0 0 0 0 0 0 0 0 0 0 0 0 0 0 0 0 0 0
0 0 0 0 0 0 0 0 0 0 0 0 0 0 0 0 0 0 0 0 0 0 0 0 0 0 0 0 0 0 0 0 0 0 0 0.0049742412498642 0.0155558152998864 0.0174627059344569 0.0168391987796891 0.019225796168664 0.0168810398950143 0.0180368538389023 0.0199449972983156 0.0227272970890205 0.0229258354217664 0.0234232193489747 0.0216220326926966 0.0210329982285322 0.0210635863339305 0.0158553048242008 0.00761523006463707 0.0073466333093472 0.0195512167731407 0.0213695149326246 0.0174462956427853 0.0183293073954401 0.0216658134229504 0.0075611346041386 0.00746504174464317 0.00180046853094684 0 0 0 0 0 0 0 0 0 0 0 0 0 0 0 0 0 0 0 0 0 0 0 0 0 0 0 0 0 0 0 0 0 0 0 0 0 0 0 0
0 0 0 0 0 0 0 0 0 0 0 0 0 0 0 0 0 0 0 0 0 0 0 0 0 0 0 0 0 0 0 0 0 0 0 0 0 0.00314582864364965 0.00854707343632483 0 0.0100228613005249 0.011258012832769 0.00829737604584611 0.00888189080634776 0.0176110110550628 0.0182757478475396 0.0200538246338463 0.0206759852936336 0.0210739571715191 0.011620810275749 0.00150106553864067 0.00177108377344796 0.0207777910164761 0.0229092345217801 0.0172137338118722 0.00780004325018575 0 0 0 0 0 0 0 0 0 0 0 0 0 0 0 0 0 0 0 0 0 0 0 0 0 0 0 0 0 0 0 0 0 0 0 0 0 0 0 0 0 0 0 0
0 0 0 0 0 0 0 0 0 0 0 0 0 0 0 0 0 0 0 0 0 0 0 0 0 0 0 0 0 0 0 0 0 0 0 0 0 0 0 0 0.0023571795507376 0.00461698366737105 0 0 0 0 0 0 0 0 0 0 0 0 0 0 0 0 0 0 0 0 0 0 0 0 0 0 0 0 0 0 0 0 0 0 0 0 0 0 0 0 0 0 0 0 0 0 0 0 0 0 0 0 0 0 0 0 0 0
0 0 0 0 0 0 0 0 0 0 0 0 0 0 0 0 0 0 0 0 0 0 0 0 0 0 0 0 0 0 0 0 0 0 0 0 0 0 0 0 0 0 0 0 0 0 0 0 0 0 0 0 0 0 0 0 0 0 0 0 0 0 0 0 0 0 0 0 0 0 0 0 0 0 0 0 0 0 0 0 0 0 0 0 0 0 0 0 0 0 0 0 0 0 0 0 0 0 0 0
0 0 0 0 0 0 0 0 0 0 0 0 0 0 0 0 0 0 0 0 0 0 0 0 0 0 0 0 0 0 0 0 0 0 0 0 0 0 0 0 0 0 0 0 0 0 0 0 0 0 0 0 0 0 0 0 0 0 0 0 0 0 0 0 0 0 0 0 0 0 0 0 0 0 0 0 0 0 0 0 0 0 0 0 0 0 0 0 0 0 0 0 0 0 0 0 0 0 0 0
0 0 0 0 0 0 0 0 0 0 0 0 0 0 0 0 0 0 0 0 0 0 0 0 0 0 0 0 0 0 0 0 0 0 0 0 0 0 0 0 0 0 0 0 0 0 0 0 0 0 0 0 0 0 0 0 0 0 0 0 0 0 0 0 0 0 0 0 0 0 0 0 0 0 0 0 0 0 0 0 0 0 0 0 0 0 0 0 0 0 0 0 0 0 0 0 0 0 0 0
0 0 0 0 0 0 0 0 0 0 0 0 0 0 0 0 0 0 0 0 0 0 0 0 0 0 0 0 0 0 0 0 0 0 0 0 0 0 0 0 0 0 0 0 0 0 0 0 0 0 0 0 0 0 0 0 0 0 0 0 0 0 0 0 0 0 0 0 0 0 0 0 0 0 0 0 0 0 0 0 0 0 0 0 0 0 0 0 0 0 0 0 0 0 0 0 0 0 0 0
0 0 0 0 0 0 0 0 0 0 0 0 0 0 0 0 0 0 0 0 0 0 0 0 0 0 0 0 0 0 0 0 0 0 0 0 0 0 0 0 0 0 0 0 0 0 0 0 0 0 0 0 0 0 0 0 0 0 0 0 0 0 0 0 0 0 0 0 0 0 0 0 0 0 0 0 0 0 0 0 0 0 0 0 0 0 0 0 0 0 0 0 0 0 0 0 0 0 0 0
0 0 0 0 0 0 0 0 0 0 0 0 0 0 0 0 0 0 0 0 0 0 0 0 0 0 0 0 0 0 0 0 0 0 0 0 0 0 0 0 0 0 0 0 0 0 0 0 0 0 0 0 0 0 0 0 0 0 0 0 0 0 0 0 0 0 0 0 0 0 0 0 0 0 0 0 0 0 0 0 0 0 0 0 0 0 0 0 0 0 0 0 0 0 0 0 0 0 0 0
0 0 0 0 0 0 0 0 0 0 0 0 0 0 0 0 0 0 0 0 0 0 0 0 0 0 0 0 0 0 0 0 0 0 0 0 0 0 0 0 0 0 0 0 0 0 0 0 0 0 0 0 0 0 0 0 0 0 0 0 0 0 0 0 0 0 0 0 0 0 0 0 0 0 0 0 0 0 0 0 0 0 0 0 0 0 0 0 0 0 0 0 0 0 0 0 0 0 0 0
0 0 0 0 0 0 0 0 0 0 0 0 0 0 0 0 0 0 0 0 0 0 0 0 0 0 0 0 0 0 0 0 0 0 0 0 0 0 0 0 0 0 0 0 0 0 0 0 0 0 0 0 0 0 0 0 0 0 0 0 0 0 0 0 0 0 0 0 0 0 0 0 0 0 0 0 0 0 0 0 0 0 0 0 0 0 0 0 0 0 0 0 0 0 0 0 0 0 0 0
0 0 0 0 0 0 0 0 0 0 0 0 0 0 0 0 0 0 0 0 0 0 0 0 0 0 0 0 0 0 0 0 0 0 0 0 0 0 0 0 0 0 0 0 0 0 0 0 0 0 0 0 0 0 0 0 0 0 0 0 0 0 0 0 0 0 0 0 0 0 0 0 0 0 0 0 0 0 0 0 0 0 0 0 0 0 0 0 0 0 0 0 0 0 0 0 0 0 0 0
0 0 0 0 0 0 0 0 0 0 0 0 0 0 0 0 0 0 0 0 0 0 0 0 0 0 0 0 0 0 0 0 0 0 0 0 0 0 0 0 0 0 0 0 0 0 0 0 0 0 0 0 0 0 0 0 0 0 0 0 0 0 0 0 0 0 0 0 0 0 0 0 0 0 0 0 0 0 0 0 0 0 0 0 0 0 0 0 0 0 0 0 0 0 0 0 0 0 0 0
0 0 0 0 0 0 0 0 0 0 0 0 0 0 0 0 0 0 0 0 0 0 0 0 0 0 0 0 0 0 0 0 0 0 0 0 0 0 0 0 0 0 0 0 0 0 0 0 0 0 0 0 0 0 0 0 0 0 0 0 0 0 0 0 0 0 0 0 0 0 0 0 0 0 0 0 0 0 0 0 0 0 0 0 0 0 0 0 0 0 0 0 0 0 0 0 0 0 0 0
0 0 0 0 0 0 0 0 0 0 0 0 0 0 0 0 0 0 0 0 0 0 0 0 0 0 0 0 0 0 0 0 0 0 0 0 0 0 0 0 0 0 0 0 0 0 0 0 0 0 0 0 0 0 0 0 0 0 0 0 0 0 0 0 0 0 0 0 0 0 0 0 0 0 0 0 0 0 0 0 0 0 0 0 0 0 0 0 0 0 0 0 0 0 0 0 0 0 0 0
0 0 0 0 0 0 0 0 0 0 0 0 0 0 0 0 0 0 0 0 0 0 0 0 0 0 0 0 0 0 0 0 0 0 0 0 0 0 0 0 0 0 0 0 0 0 0 0 0 0 0 0 0 0 0 0 0 0 0 0 0 0 0 0 0 0 0 0 0 0 0 0 0 0 0 0 0 0 0 0 0 0 0 0 0 0 0 0 0 0 0 0 0 0 0 0 0 0 0 0
