0 0 0 0 0 0 0 0 0 0 0 0 0 0 0 0 0 0 0 0 0 0 0 0 0 0 0 0 0 0 0 0 0 0 0 0 0 0 0 0 0 0 0 0 0 0 0 0 0 0 0 0 0 0 0 0 0 0 0 0 0 0 0 0 0 0 0 0 0 0 0 0 0 0 0 0 0 0 0 0 0 0 0 0 0 0 0 0 0 0 0 0 0 0 0 0 0 0 0 0
0 0 0 0 0 0 0 0 0 0 0 0 0 0 0 0 0 0 0 0 0 0 0 0 0 0 0 0 0 0 0 0 0 0 0 0 0 0 0 0 0 0 0 0 0 0 0 0 0 0 0 0 0 0 0 0 0 0 0 0 0 0 0 0 0 0 0 0 0 0 0 0 0 0 0 0 0 0 0 0 0 0 0 0 0 0 0 0 0 0 0 0 0 0 0 0 0 0 0 0
0 0 0 0 0 0 0 0 0 0 0 0 0 0 0 0 0 0 0 0 0 0 0 0 0 0 0 0 0 0 0 0 0 0 0 0 0 0 0 0 0 0 0 0 0 0 0 0 0 0 0 0 0 0 0 0 0 0 0 0 0 0 0 0 0 0 0 0 0 0 0 0 0 0 0 0 0 0 0 0 0 0 0 0 0 0 0 0 0 0 0 0 0 0 0 0 0 0 0 0
0 0 0 0 0 0 0 0 0 0 0 0 0 0 0 0 0 0 0 0 0 0 0 0 0 0 0 0 0 0 0 0 0 0 0 0 0 0 0 0 0 0 0 0 0 0 0 0 0 0 0 0 0 0 0 0 0 0 0 0 0 0 0 0 0 0 0 0 0 0 0 0 0 0 0 0 0 0 0 0 0 0 0 0 0 0 0 0 0 0 0 0 0 0 0 0 0 0 0 0
0 0 0 0 0 0 0 0 0 0 0 0 0 0 0 0 0 0 0 0 0 0 0 0 0 0 0 0 0 0 0 0 0 0 0 0 0 0 0 0 0 0 0 0 0 0 0 0 0 0 0 0 0 0 0 0 0 0 0 0 0 0 0 0 0 0 0 0 0 0 0 0 0 0 0 0 0 0 0 0 0 0 0 0 0 0 0 0 0 0 0 0 0 0 0 0 0 0 0 0
0 0 0 0 0 0 0 0 0 0 0 0 0 0 0 0 0 0 0 0 0 0 0 0 0 0 0 0 0 0 0 0 0 0 0 0 0 0 0 0 0 0 0 0 0 0 0 0 0 0 0 0 0 0 0 0 0 0 0 0 0 0 0 0 0 0 0 0 0 0 0 0 0 0 0 0 0 0 0 0 0 0 0 0 0 0 0 0 0 0 0 0 0 0 0 0 0 0 0 0
0 0 0 0 0 0 0 0 0 0 0 0 0 0 0 0 0 0 0 0 0 0 0 0 0 0 0 0 0 0 0 0 0 0 0 0 0 0 0 0 0 0 0 0 0 0 0 0 0 0 0 0 0 0 0 0 0 0 0 0 0 0 0 0 0 0 0 0 0 0 0 0 0 0 0 0 0 0 0 0 0 0 0 0 0 0 0 0 0 0 0 0 0 0 0 0 0 0 0 0
0 0 0 0 0 0 0 0 0 0 0 0 0 0 0 0 0 0 0 0 0 0 0 0 0 0 0 0 0 0 0 0 0 0 0 0 0 0 0 0 0 0 0 0 0 0 0 0 0 0 0 0 0 0 0 0 0 0 0 0 0 0 0 0 0 0 0 0 0 0 0 0 0 0 0 0 0 0 0 0 0 0 0 0 0 0 0 0 0 0 0 0 0 0 0 0 0 0 0 0
0 0 0 0 0 0 0 0 0 0 0 0 0 0 0 0 0 0 0 0 0 0 0 0 0 0 0 0 0 0 0 0 0 0 0 0 0 0 0 0 0 0 0 0 0 0 0 0 0 0 0 0 0 0 0 0 0 0 0 0 0 0 0 0 0 0 0 0 0 0 0 0 0 0 0 0 0 0 0 0 0 0 0 0 0 0 0 0 0 0 0 0 0 0 0 0 0 0 0 0
0 0 0 0 0 0 0 0 0 0 0 0 0 0 0 0 0 0 0 0 0 0 0 0 0 0 0 0 0 0 0 0 0 0 0 0 0 0 0 0 0 0 0 0 0 0 0 0 0 0 0 0 0 0 0 0 0 0 0 0 0 0 0 0 0 0 0 0 0 0 0 0 0 0 0 0 0 0 0 0 0 0 0 0 0 0 0 0 0 0 0 0 0 0 0 0 0 0 0 0
0 0 0 0 0 0 0 0 0 0 0 0 0 0 0 0 0 0 0 0 0 0 0 0 0 0 0 0 0 0 0 0 0 0 0 0 0 0 0 0 0 0 0 0 0 0 0 0 0 0 0 0 0 0 0 0 0 0 0 0 0 0 0 0 0 0 0 0 0 0 0 0 0 0 0 0 0 0 0 0 0 0 0 0 0 0 0 0 0 0 0 0 0 0 0 0 0 0 0 0
0 0 0 0 0 0 0 0 0 0 0 0 0 0 0 0 0 0 0 0 0 0 0 0 0 0 0 0 0 0 0 0 0 0 0 0 0 0 0 0 0 0 0 0 0 0 0 0 0 0 0 0 0 0 0 0 0 0 0 0 0 0 0 0 0 0 0 0 0 0 0 0 0 0 0 0 0 0 0 0 0 0 0 0 0 0 0 0 0 0 0 0 0 0 0 0 0 0 0 0
0 0 0 0 0 0 0 0 0 0 0 0 0 0 0 0 0 0 0 0 0 0 0 0 0 0 0 0 0 0 0 0 0 0 0 0 0 0 0 0 0 0 0 0 0 0 0 0 0 0 0 0 0 0 0 0 0 0 0 0 0 0 0 0 0 0 0 0 0 0 0 0 0 0 0 0 0 0 0 0 0 0 0 0 0 0 0 0 0 0 0 0 0 0 0 0 0 0 0 0
0 0 0 0 0 0 0 0 0 0 0 0 0 0 0 0 0 0 0 0 0 0 0 0 0 0 0 0 0 0 0 0 0 0 0 0 0 0 0 0 0 0.202939540954399 0 0 0 0 0 0 0 0 0 0 0 0 0 0 0 0 0 0 0 0 0 0 0 0 0 0 0 0 0 0 0 0 0 0 0 0 0 0 0 0 0 0 0 0 0 0 0 0 0 0 0 0 0 0 0 0 0 0
0 0 0 0 0 0 0 0 0 0 0 0 0 0 0 0 0 0 0 0 0 0 0 0 0 0 0 0 0 0 0 0 0 0 0 0 0.34337857875034 0.635815225634915 0.275330494117517 0.250326213306153 0.239454377109104 0.395369496556294 0.527138703117666 0.513809432858889 0.516293183474764 0.54843248385422 0.59645678536261 0.637957493754199 0.626311995988738 0.566578311602526 0.614257788035394 0.623570057826228 0.614437514738088 0.285637169572803 0.198114565130707 0 0 0 0 0 0 0 0 0 0 0 0 0 0 0 0 0 0 0 0 0 0 0 0 0 0 0 0 0 0 0 0 0 0 0 0 0 0 0 0 0 0 0 0 0
0 0 0 0 0 0 0 0 0 0 0 0 0 0 0 0 0 0 0 0 0 0 0 0 0 0 0 0 0 0 0 0 0 0 0.60516961833086 0.566071343718718 0.528637498647671 0.494091483802337 0.458585065165571 0.424993102433998 0.409238731811445 0.389818511592489 0.371733839310645 0.367006986895628 0.387477483092466 0.421150564297419 0.457418602023362 0.501741422694733 0.514304081865357 0.49104890773996 0.46910956631151 0.480992602384352 0.481278266097119 0.474244767159146 0.473853794731892 0.485768203999419 0.230867383035438 0.227208188100797 0.23967355091276 0.0606918457560001 0 0 0 0 0 0 0 0 0 0 0 0 0 0 0 0 0 0 0 0 0 0 0 0 0 0 0 0 0 0 0 0 0 0 0 0 0 0 0 0
0 0 0 0 0 0 0 0 0 0 0 0 0 0 0 0 0 0 0 0 0 0 0 0 0 0 0 0 0 0 0 0.144654755710902 0.598275733021531 0.546720506367442 0.459216463987706 0.417278235035561 0.391332190174896 0.380981042132541 0.367343596677748 0.346935219102383 0.34132701545283 0.328591762942542 0.315819728191959 0.311445504358845 0.326944722802853 0.347190637473469 0.370882671140069 0.429472304580914 0.458034568955401 0.423275044973095 0.426404986922174 0.470001861988093 0.460487449936968 0.43261031626671 0.389630212770092 0.351937851906925 0.341704398933718 0.393956301876643 0.411827619090997 0.429003503892491 0.478317115551655 0.17283770612364 0.0756473853902948 0 0 0 0 0 0 0 0 0 0 0 0 0 0 0 0 0 0 0 0 0 0 0 0 0 0 0 0 0 0 0 0 0 0 0 0 0
0 0 0 0 0 0 0 0 0 0 0 0 0 0 0 0 0 0 0 0 0 0 0 0 0 0 0 0 0 0 0.32846869737 0.570729136237061 0.509215009313077 0.431892319851435 0.387913408797077 0.380244135698105 0.393651392584911 0.396522322601123 0.396901901181405 0.348861060146556 0.32722062294597 0.324834012198672 0.310256492427167 0.320559658234189 0.332045708863495 0.332445866891975 0.342957190989255 0.381400379681817 0.392168199684234 0.390186171352138 0.43375917721994 0.500925685714482 0.51028023248894 0.458558271212961 0.385205015602775 0.313021348712715 0.276669148094764 0.306441580462662 0.335706431733037 0.343894321417102 0.348219499918378 0.395953460057588 0.50725654790925 0.14008051945436 0.153441927039612 0 0 0 0 0 0 0 0 0 0 0 0 0 0 0 0 0 0 0 0 0 0 0 0 0 0 0 0 0 0 0 0 0 0 0
0 0 0 0 0 0 0 0 0 0 0 0 0 0 0 0 0 0 0 0 0 0 0 0 0 0 0 0 0.128520805135767 0.635511599437823 0.489932791481864 0.424717567651215 0.386774314501212 0.355033340612675 0.376050018435208 0.408850637947537 0.449247687520488 0.475264259510573 0.471560203181213 0.397101008384303 0.359294026129587 0.339865329230364 0.321256896902838 0.326053064878069 0.337981592244102 0.331085100264364 0.332194692275351 0.340545132200297 0.34790779091989 0.374144653900901 0.4412141612914 0.528074418474241 0.560779741482967 0.508328627586613 0.412324634923809 0.344208530613512 0.32325402371788 0.363896522669687 0.410914089560239 0.395384626408116 0.346409426818579 0.320395901564252 0.343328727021519 0.39830694968452 0.408628671237208 0.473141300957017 0.497121120094999 0.0960802825980787 0.0998082506407196 0 0 0 0 0 0 0 0 0 0 0 0 0 0 0 0 0 0 0 0 0 0 0 0 0 0 0 0 0 0 0
0 0 0 0 0 0 0 0 0 0 0 0 0 0 0 0 0 0 0 0 0 0 0 0 0 0 0.0934727223828344 0.336588805313303 0.534212385102065 0.44409422744285 0.372734340514761 0.334856955080812 0.315464549623982 0.344418480084198 0.381732560224123 0.430640406269358 0.489424420145843 0.534796615941584 0.535472829408464 0.485357952952085 0.389445406350962 0.331488990806286 0.309065047292211 0.319840122983165 0.338026707783136 0.34303449809203 0.341706412249506 0.325013115840483 0.322336691951133 0.359564679836696 0.447113166266988 0.534563530022954 0.579471431960118 0.530391382317085 0.434972416994779 0.369934400179529 0.361393720327347 0.435545064397242 0.495903711295341 0.456433663707741 0.365007139393215 0.328285586004506 0.311035272809942 0.314488826496097 0.309189285862872 0.332868040593895 0.364096723646931 0.399580906431365 0.407047038436748 0.471644949055818 0.0892279999157262 0 0 0 0 0 0 0 0 0 0 0 0 0 0 0 0 0 0 0 0 0 0 0 0 0 0 0 0 0
0 0 0 0 0 0 0 0 0 0 0 0 0 0 0 0 0 0 0 0 0 0 0 0 0 0.0406206897220732 0.621057271219972 0.506025022625859 0.405619867377785 0.340675389429034 0.321646838961317 0.300015776025047 0.302179118197206 0.342291577886865 0.377136377132584 0.434269708468382 0.508328033916341 0.559920752135094 0.566131499619373 0.487027358403599 0.397999374175955 0.309391329676271 0.290401277469612 0.306253354334456 0.336990924883369 0.3539185765876 0.341992838272914 0.323420787273747 0.320850817298233 0.35906890752146 0.448732902265593 0.552988471647702 0.594729112996412 0.549080788237763 0.474452071157896 0.421968580846581 0.441003408065858 0.511204532999427 0.533978849628895 0.475640070181232 0.377951938743305 0.344465398241254 0.349874361108537 0.360008658731988 0.363413635565869 0.351085159697678 0.337049370946614 0.31203574428062 0.316692240850973 0.337639510652861 0.387290194285749 0.520844131962164 0.0172044914154772 0 0 0 0 0 0 0 0 0 0 0 0 0 0 0 0 0 0 0 0 0 0 0 0 0 0 0
0 0 0 0 0 0 0 0 0 0 0 0 0 0 0 0 0 0 0 0 0 0 0 0 0.380772845477009 0.566226091526853 0.464952769465822 0.409608082938272 0.338780544746517 0.312860012545577 0.28601213841916 0.296783597525938 0.301886423952449 0.348319429676544 0.371363168242561 0.432199573399786 0.504108722497348 0.559087659423589 0.583583756400767 0.509328191164913 0.402756867159762 0.315170948591199 0.274742989609132 0.284991064881016 0.340125513335562 0.362369097197279 0.358832670898842 0.326190415304641 0.321823882036569 0.380936293776687 0.481497370962826 0.548550369344477 0.586675583907464 0.572343594186615 0.528080830130621 0.522906497281297 0.533438718389116 0.568637531880131 0.557515448068293 0.487689146548536 0.381961298672864 0.35851163589123 0.377521976177086 0.408759283858515 0.415246512837882 0.405494993875798 0.360370519595454 0.302345709333109 0.259220108620201 0.257756987403389 0.275837814368175 0.359290836391084 0.462253185021599 0.102077186843236 0 0 0 0 0 0 0 0 0 0 0 0 0 0 0 0 0 0 0 0 0 0 0 0 0 0
0 0 0 0 0 0 0 0 0 0 0 0 0 0 0 0 0 0 0 0 0 0 0 0.588450088926492 0.49408570799366 0.409329247573801 0.376975299152351 0.354565205756782 0.338388116549446 0.309385157858295 0.280523601086386 0.284080736760754 0.280937757594816 0.314979691726334 0.361140432008417 0.416935598143006 0.477052321093046 0.564409914506797 0.584102940778162 0.523322654046639 0.433122989641015 0.325334922639294 0.285439534227991 0.298859369137316 0.340796542399563 0.374630833913408 0.36070542073086 0.33044469364458 0.335015659941223 0.411545007786074 0.486086247892307 0.554100769520106 0.593721312571721 0.607556708401099 0.59939476371164 0.610263368006203 0.637489130801538 0.624082919983656 0.595506011308938 0.508832779642844 0.387767721024924 0.346722542892045 0.369638778689328 0.417809638812794 0.485055181398248 0.437613762776322 0.385488711067866 0.341131024210556 0.275888468179042 0.234334351366543 0.244750338797857 0.287619787702435 0.364857979253259 0.389793415256656 0.403508138128632 0 0 0 0 0 0 0 0 0 0 0 0 0 0 0 0 0 0 0 0 0 0 0 0 0
0 0 0 0 0 0 0 0 0 0 0 0 0 0 0 0 0 0 0 0 0 0 0.480573076593233 0.449993118837868 0.361415233376037 0.307381182035553 0.316223519719241 0.341899560589027 0.359588496574533 0.33733699724488 0.295112478591603 0.262726520141461 0.262900601034268 0.301479524027135 0.339974631779055 0.384123724829243 0.47148329312896 0.55271367941753 0.582066596855801 0.554239658899062 0.44575079640496 0.33792887106221 0.302637594592269 0.306280078574711 0.358093077079165 0.387687314796319 0.375600260590304 0.338667946439788 0.365591688555042 0.443438535149972 0.494526543108894 0.53941822979638 0.590272321772976 0.608524831183961 0.650587510455099 0.664993361399524 0.683417736294566 0.667780726056545 0.617786499566316 0.504643394190254 0.358503982735456 0.324336162079805 0.353511919842624 0.448043686094779 0.509850148523216 0.491641682720507 0.429075754365487 0.350368387451588 0.284872575533607 0.228534886483408 0.223664047959289 0.235574810681028 0.270100784490613 0.288023369593838 0.286189868806752 0.387041662187252 0.473336523491563 0 0 0 0 0 0 0 0 0 0 0 0 0 0 0 0 0 0 0 0 0 0 0
0 0 0 0 0 0 0 0 0 0 0 0 0 0 0 0 0 0 0 0 0 0.573738674257037 0.422546210757267 0.332674690939497 0.27770522269532 0.257887036955546 0.285889646686671 0.338416930582959 0.386301298198509 0.368228825980851 0.307629534842245 0.270042812218355 0.275944360590986 0.298119027327911 0.322112256869238 0.391112175242927 0.474013919843359 0.546209044606789 0.589991375763906 0.557124623901702 0.457928014564175 0.371754241358677 0.323644032956433 0.332183887320012 0.371200186413885 0.395993305622848 0.378569554147163 0.345035505598796 0.392522550884142 0.454059200371844 0.48924597612348 0.506401076544515 0.539419551379304 0.613182409059046 0.671623537827092 0.700623537680563 0.706229528849414 0.675952516103414 0.616934397592552 0.480750872400897 0.367023242308235 0.333191168807188 0.357562690175865 0.497129845164828 0.542802362289211 0.521155364510272 0.454812994129027 0.368323617294867 0.26861925231919 0.219633954916591 0.192221954216598 0.197048740117855 0.243251677268185 0.26698341517676 0.270678790162816 0.296130859414965 0.383624417226704 0.414329716321702 0 0 0 0 0 0 0 0 0 0 0 0 0 0 0 0 0 0 0 0 0 0
0 0 0 0 0 0 0 0 0 0 0 0 0 0 0 0 0 0 0 0 0.542742080950141 0.461997724976989 0.333452681756406 0.286714200859167 0.268184831008176 0.261837057577368 0.291086512136128 0.342632876670559 0.409663635404711 0.39888808203135 0.33209386155723 0.290310346377025 0.284001059004478 0.288799268638374 0.321488793004127 0.388932866264441 0.486527845043296 0.563888277853186 0.607253212051483 0.572055095368654 0.476990098577512 0.374185869908543 0.327486963118603 0.326630660603937 0.382136153959077 0.396798576989426 0.384217953823743 0.359889267718869 0.404543443529153 0.446657613375141 0.473529184491182 0.484907256031921 0.515029724185218 0.600351913536466 0.663439976118589 0.692758724178116 0.706257469549335 0.683599134187996 0.624209113922175 0.525430833082323 0.417783032615955 0.370773762523045 0.43333533760417 0.516881186000813 0.58448773847383 0.569585583461521 0.4913620318921 0.368917052311296 0.297654205175538 0.224574219473822 0.180317165632894 0.188783468434913 0.244737716830547 0.304393084789906 0.326077438003737 0.306808683038416 0.286377946522838 0.333110849078453 0.458200301352944 0.411709438878768 0 0 0 0 0 0 0 0 0 0 0 0 0 0 0 0 0 0 0 0
0 0 0 0 0 0 0 0 0 0 0 0 0 0 0 0 0 0 0 0.447074572265424 0.495611097010684 0.389341085444508 0.33005435037805 0.310863980875626 0.299945346673426 0.296548875350743 0.306249185604623 0.34576822407872 0.420661081948037 0.417976205030417 0.364104151868671 0.321959148815303 0.303853107740208 0.291731869200829 0.341362322396567 0.420364230180883 0.509266996171071 0.600709350959597 0.628641523732346 0.59082722814096 0.506339834012277 0.389465004526652 0.327121949621009 0.327368487588481 0.360920737287989 0.397219459459289 0.37829253013192 0.367030763268122 0.40026477926257 0.426346648247793 0.440374337547387 0.426166695532474 0.473414743499189 0.561468496433473 0.615202303263773 0.645760021688702 0.667711648132117 0.657215193577958 0.631228290754252 0.542818313937656 0.474909627526574 0.453555639185797 0.486073377877412 0.576768771229012 0.640018702563218 0.601718372426551 0.509977169844667 0.42269914723033 0.330750777821538 0.262908827022562 0.225437979591779 0.218176378551865 0.289558876604049 0.335414213594131 0.37069760484594 0.347935603718188 0.275983394014001 0.237409870642802 0.275236969366968 0.370790059211144 0.360050097915929 0 0 0 0 0 0 0 0 0 0 0 0 0 0 0 0 0 0 0
0 0 0 0 0 0 0 0 0 0 0 0 0 0 0 0 0 0 0.316647463181089 0.511151748006289 0.400760148195588 0.390215921947879 0.382434310382356 0.364444423391121 0.345777200853435 0.326146813850102 0.326796730762343 0.365294047261088 0.415993239037967 0.44981077930703 0.404998677487067 0.376247956866027 0.336239764764482 0.330358556316729 0.37979763901197 0.459479388313527 0.554563726667461 0.633682205446243 0.643905203837978 0.60395400786317 0.523915219137088 0.409821242671262 0.328357955091919 0.331194189749466 0.366572921517612 0.378534416015916 0.373479524344093 0.373286866451719 0.387079574561444 0.39521330231509 0.372683682143238 0.356634005405917 0.386341934724867 0.461894316594343 0.566994870203539 0.606005674786078 0.625768635939423 0.644405038339646 0.631120118241366 0.598629870959543 0.56171718778506 0.538122599678366 0.572555266705326 0.619362300063719 0.642315108317359 0.615296576431522 0.55022448192327 0.471425293158432 0.401058598421069 0.328042531419204 0.301653125522831 0.3031754923787 0.35294275439695 0.39965954271476 0.41271584894692 0.379103834246764 0.296482821455753 0.228677208603703 0.20363923399643 0.229949924692512 0.327536006093677 0.464589196736857 0 0 0 0 0 0 0 0 0 0 0 0 0 0 0 0 0 0
0 0 0 0 0 0 0 0 0 0 0 0 0 0 0 0 0 0 0.564352321930364 0.407842097654254 0.388340255384555 0.426318030115253 0.439061401900153 0.43706093260031 0.398676412070683 0.357898694830586 0.355104584701812 0.405102417278782 0.45967418726846 0.501902604139288 0.486668439295596 0.451143813766529 0.409829781563572 0.386051849525967 0.451675152744515 0.531809027909715 0.614602254438836 0.674418658879856 0.674355275031831 0.63402414393141 0.555417402323951 0.443607268070608 0.355188783395675 0.321194559423392 0.340543147938802 0.357887224889454 0.355402657586956 0.36130805784416 0.367967030916431 0.361580044897062 0.332520028707496 0.30779727700217 0.338165802586655 0.422898791372736 0.512916583601642 0.553788879317225 0.605665432368878 0.632901760757455 0.637248737662076 0.638693687045884 0.615770378683274 0.605283846072988 0.641921004370454 0.661984299604018 0.664080312908817 0.637930023528243 0.602575790390427 0.52579615055909 0.464873694560013 0.425987428123487 0.39636247488199 0.415425415174727 0.434630324387192 0.467257091733367 0.459869670573713 0.402959772779985 0.328029247079348 0.256335309978734 0.217585138630583 0.194554589030664 0.200947733945868 0.33211834866447 0.405405244084777 0 0 0 0 0 0 0 0 0 0 0 0 0 0 0 0 0
0 0 0 0 0 0 0 0 0 0 0 0 0 0 0 0 0 0.354347067426806 0.459401154957417 0.382588628180667 0.419080402237158 0.487634581956658 0.505821544863585 0.498948088049562 0.436165582382765 0.406511975252168 0.41695311567506 0.475661571294932 0.520866890970404 0.562650247447148 0.5826689824822 0.545376834743122 0.497682460734385 0.474154558650237 0.532981483076166 0.604054975017087 0.675297209208313 0.713781090978092 0.701649489362651 0.651778510815993 0.586878594496656 0.461658637515715 0.36738530453895 0.320777948755599 0.302673851616572 0.312454370106015 0.328060150364842 0.337811682027121 0.332986505625733 0.325186953823874 0.309971427156517 0.287276280526352 0.317541000574338 0.401498445658345 0.474911378070173 0.520936129368909 0.576921831943849 0.610684691819445 0.649450313446674 0.661226184817993 0.670203186128876 0.667592960571276 0.679707778275778 0.690942719117996 0.698619710765073 0.679892936200162 0.642678136723141 0.569058217189532 0.543001775706881 0.508242537508401 0.495402916758222 0.508827910375901 0.526723770090355 0.534402157146926 0.506803380087219 0.43471396684298 0.345466153371699 0.297868320288627 0.246862186780613 0.213921453548305 0.181123407533632 0.208477612164609 0.365072561854232 0.3469236836554 0 0 0 0 0 0 0 0 0 0 0 0 0 0 0 0
0 0 0 0 0 0 0 0 0 0 0 0 0 0 0 0 0.0708781414814004 0.562551392684381 0.396245328042734 0.395250115246247 0.4641330175526 0.531041607875598 0.55215126009756 0.542732633089974 0.503846442136688 0.484343247538848 0.504049751410051 0.556259171378175 0.596687149462482 0.641720195708759 0.661653418141579 0.632143724961648 0.605122695301745 0.577739725877332 0.598234781789543 0.667665579685673 0.72469495018148 0.745378676612364 0.732314267045382 0.693157868080664 0.617833949258035 0.510779482320059 0.413309505567057 0.329446260522057 0.272314857609587 0.262402139982296 0.302379281032535 0.318094448354015 0.302573842037871 0.306856888175729 0.31428706772595 0.30235992329088 0.31848452246825 0.386296891479445 0.466962009664848 0.530295690353387 0.572363963385751 0.628500558115981 0.651075577259592 0.682594771065299 0.689292026819318 0.709391379977525 0.72005840879798 0.720638142419992 0.729439971811015 0.722170501604438 0.691329196495401 0.652423647418708 0.610372508562864 0.578088720705365 0.600811288124657 0.610284761541225 0.616914723104154 0.60350587224494 0.57533568141553 0.475260328691834 0.391266249624517 0.327384833868263 0.286351186570186 0.236550807752302 0.212754478734491 0.191646359964383 0.261532863535179 0.490920238588467 0 0 0 0 0 0 0 0 0 0 0 0 0 0 0 0
0 0 0 0 0 0 0 0 0 0 0 0 0 0 0 0 0.312348435840548 0.473556282127698 0.358280012064771 0.417432040541156 0.487817842363022 0.520412728708847 0.554851527968366 0.563845087577576 0.565606232676121 0.583740638070098 0.613551706506728 0.654418318776822 0.685936571925761 0.708413184001922 0.720447544385309 0.69668795159202 0.669186137492458 0.647985641695083 0.671731399790885 0.700255598195456 0.744278683379191 0.763659496782694 0.756882502128754 0.721645547071344 0.656118230115809 0.586309377002039 0.47232368661608 0.343188740166754 0.236939299702294 0.234526327853064 0.284359481408941 0.317188548780268 0.320072658986075 0.367158162062397 0.382199154685548 0.363998076438307 0.383809804696311 0.433532731560066 0.490412032584568 0.53763029983115 0.600908052273332 0.632987502600581 0.658367876974477 0.682620809305075 0.701569130994461 0.723617791351888 0.734428777012141 0.738451055193243 0.751209969684107 0.741792534520254 0.726710987383282 0.700389897442816 0.662714345221034 0.667104025718004 0.680045607313549 0.678060738567667 0.676797836776674 0.665514297727215 0.620181327084061 0.565063914244631 0.458771680739096 0.384788697531766 0.327064458315905 0.277813152264111 0.257056431855573 0.22815849988657 0.22903635853043 0.377243234229623 0 0 0 0 0 0 0 0 0 0 0 0 0 0 0 0
0 0 0 0 0 0 0 0 0 0 0 0 0 0 0 0 0.586164123844104 0.394184916740671 0.337884655970446 0.405780528783586 0.45560657360086 0.456961331511832 0.45651964074765 0.502994510893098 0.557487399243744 0.619973364522938 0.667234817704013 0.718198302759167 0.751009477606376 0.763730063866827 0.771707116059377 0.76501441288699 0.737376860930179 0.721508676590662 0.717064249458611 0.732857128676028 0.762888528058722 0.773729905368532 0.771480570437912 0.759309254751024 0.727331980070792 0.658700392107694 0.531307425375565 0.386083881127892 0.248709358020997 0.252196067298687 0.312011943024951 0.370544061634672 0.416205396073557 0.466400595930976 0.492083072519626 0.499502649617249 0.481622296585098 0.511310484622849 0.549662578343827 0.593155082961151 0.653799495905377 0.661212286658032 0.677883254869654 0.710072795704332 0.727095758612566 0.73574010486685 0.746862210584839 0.756480548991623 0.76039664524836 0.75671417543105 0.747037329447797 0.73325208010658 0.722893319103087 0.725290498667651 0.726954489317533 0.739854393812664 0.721062322336553 0.697307570945477 0.669355425389274 0.615714834277391 0.517485620464592 0.463598473309782 0.384566550335821 0.32553181203464 0.29330624290401 0.265988017563873 0.238500967402632 0.308827659695395 0.49491377957603 0 0 0 0 0 0 0 0 0 0 0 0 0 0 0
0 0 0 0 0 0 0 0 0 0 0 0 0 0 0 0.713433254033323 0.483811821114887 0.337191829635761 0.322327965866409 0.3608246395369 0.372395762678884 0.371737505918789 0.374342393177989 0.441062861264294 0.49640407093897 0.598462865580635 0.679146646343862 0.735710882149321 0.766842797217466 0.788583993987112 0.798157986656895 0.792285423243144 0.778257981696999 0.77206847637884 0.756351879013917 0.76464628212512 0.770486048564073 0.780742233572682 0.787537345853216 0.784160986572945 0.76340426530111 0.701248485119496 0.595666470487448 0.423368549792643 0.338095140773511 0.360276773535333 0.422662590625012 0.478467296848342 0.528598576145693 0.594992113733175 0.605069770882198 0.60018280123141 0.610263502680726 0.621487084683181 0.632234961797087 0.658613074899126 0.703743840015275 0.713431158973939 0.710363460121236 0.729552612360712 0.75710366104234 0.759010061553528 0.762649390373948 0.758173874181728 0.761424119546144 0.763414760158184 0.75623407359983 0.748039267547237 0.749390540723837 0.752604924726458 0.760829117145705 0.756114444394079 0.752247818658183 0.717404766773371 0.688094230077891 0.642695850385616 0.569294263331449 0.488628327147138 0.408487467035274 0.355787333655794 0.308695864794712 0.277945474485311 0.257180215858794 0.299855234046713 0.41451425680081 0.428243696442706 0 0 0 0 0 0 0 0 0 0 0 0 0 0
0 0 0 0 0 0 0 0 0 0 0 0 0 0 0.0462636032916932 0.647251818930497 0.445190584203452 0.327392069643068 0.315853495096794 0.313499047423717 0.310652296904601 0.293117825770955 0.323803022758746 0.387395888927118 0.459540527868083 0.57344744189312 0.662526230761519 0.713105635446623 0.767303890329686 0.790797627183984 0.802350803182689 0.794922734760735 0.78984098304048 0.789317416931943 0.781777689432523 0.77958614955843 0.776498733274268 0.783658384432224 0.790848701924695 0.801336204365651 0.79363714372906 0.749877768378708 0.649484291184595 0.530036936405295 0.476177158112116 0.487708469971469 0.537515595221363 0.600324049876666 0.654087275950399 0.693132387472355 0.699714553471188 0.681163597821545 0.679780661563683 0.687001024962283 0.696422601254943 0.70790992818306 0.737686996224849 0.746489359168576 0.75099257464392 0.757394839719328 0.769867663909083 0.775919012022786 0.776046186588499 0.770970379994735 0.768395548904839 0.765919834546334 0.761470417366963 0.757012518386283 0.757520905126196 0.761363278316652 0.768143659310443 0.76489244733471 0.754265617333163 0.729994409594549 0.695290121774131 0.664847735979407 0.590011728162929 0.533636340614184 0.42090456834053 0.327922980366984 0.290923446861606 0.283478408754037 0.276611374120724 0.295322461501153 0.348319197104897 0.471348667567954 0.241617515778624 0 0 0 0 0 0 0 0 0 0 0 0 0
0 0 0 0 0 0 0 0 0 0 0 0 0 0 0.518245785632985 0.548865785307391 0.383659706522317 0.333341938586579 0.307213832628206 0.269069236294203 0.25692644795308 0.270565587389431 0.298293626688862 0.39666101261431 0.490342405380958 0.587044770561077 0.65061289828124 0.710064918284751 0.748287138277185 0.771198678418187 0.781628277405651 0.784148712428676 0.773249515224883 0.780974430834511 0.778177395922368 0.777458312749816 0.777975580169785 0.787708445744149 0.801700701414132 0.809715271926486 0.804279865184058 0.770269749265881 0.709779810438213 0.637450185975278 0.57498273089634 0.60652868932817 0.647464600998865 0.694326323567853 0.727280317672174 0.745555340978375 0.746507619837124 0.741539249537029 0.72811490176681 0.719695561508125 0.722509777684499 0.731904811766519 0.752859214425971 0.75520985136668 0.757531965804383 0.762344417505656 0.774471482744373 0.783331911995646 0.785005912274872 0.777759041974479 0.770949097739432 0.767450188856593 0.762422940757968 0.765589721518298 0.762267986059264 0.773461083175345 0.769534964916751 0.765627203138269 0.753785099823081 0.741036804167789 0.712262936895365 0.66137813148777 0.597927066005991 0.537330792807173 0.411826041844674 0.306494073994791 0.265346225686937 0.246921176701352 0.257016570164814 0.27858870304695 0.311755121034623 0.38318957338155 0.490686746751657 0 0 0 0 0 0 0 0 0 0 0 0 0
0 0 0 0 0 0 0 0 0 0 0 0 0 0 0.697558455916014 0.477025138757706 0.378508189839471 0.335194557815645 0.295897118488498 0.226527013532747 0.212279667413444 0.270057640179676 0.322601572398551 0.44201078932297 0.525270883931771 0.613152059070414 0.644110451588211 0.686772473643674 0.686855175649637 0.705298002692401 0.723434907303096 0.713284894152004 0.725119556760268 0.744903095838763 0.769673192313124 0.780425952689327 0.78151488368078 0.791441985163434 0.806626107056891 0.820289938528357 0.821070102919128 0.798029276661204 0.756835263883729 0.708425761543604 0.675853896157094 0.679434993816701 0.714652066438352 0.737743163527843 0.757307542652099 0.766804490202737 0.764689304664708 0.759407641315623 0.75241593525276 0.745971846850877 0.74053754609904 0.739294250925905 0.744622616527884 0.750961617396753 0.74933431004528 0.756207924443123 0.762112641669794 0.771749382026796 0.780233650320595 0.775334239736467 0.769013452435414 0.765079066205581 0.766713084368532 0.763944324641486 0.775297629559723 0.774478937972782 0.770818892888878 0.763584832973866 0.764543667966239 0.752656600726786 0.719171770122018 0.691481663255455 0.640078575646454 0.549229294898735 0.424754395549873 0.308226689138286 0.250671524861105 0.234503281819343 0.259382671820026 0.282339205901543 0.286407979293232 0.289703853328634 0.38955323927773 0 0 0 0 0 0 0 0 0 0 0 0 0
0 0 0 0 0 0 0 0 0 0 0 0 0 0.279335628928312 0.605328517053537 0.408433618690281 0.380947796537272 0.361122091584588 0.308653760220436 0.217310700228883 0.239611447337345 0.3300212656103 0.415110010656765 0.485206410597889 0.556384660072427 0.59705443373196 0.62432027330478 0.633367547604876 0.60297203750654 0.608396979629381 0.612721543248947 0.599872911619209 0.633335176184838 0.687461710830024 0.739226810687953 0.777670227535742 0.79368161002265 0.797036356267585 0.813885181237447 0.827527235885028 0.830585589039085 0.813840220519582 0.79290186876512 0.763728342733796 0.731980250242929 0.729070320927515 0.750421805064154 0.761184372373747 0.77296457672277 0.76678909600019 0.760213561021742 0.750479474927991 0.74594515766907 0.746582096667699 0.742571441205167 0.741565608309233 0.737457597404051 0.73210821808956 0.729081444511328 0.730582309170376 0.73980203195765 0.751664537391926 0.768181699636933 0.768198109225325 0.765066847343056 0.765111697804378 0.765880401360184 0.775395399973215 0.778304068958059 0.777070090491982 0.770346028568259 0.768416308981192 0.767931323208956 0.766139426306774 0.74967594327395 0.714564850455393 0.687188533961197 0.599631205603684 0.499622392673642 0.36483634433456 0.278391796307524 0.289443006859382 0.313365150169996 0.323355176295435 0.279109631268507 0.243201841855815 0.290818337026532 0.0515339919528947 0 0 0 0 0 0 0 0 0 0 0 0
0 0 0 0 0 0 0 0 0 0 0 0 0 0.65807148657654 0.50552824927499 0.380476526740953 0.387664287577356 0.368801684183561 0.31969327398907 0.250070600138446 0.284120957593955 0.393557280846259 0.468614821028212 0.530688151271959 0.543390526952376 0.567535698504308 0.56244111942134 0.544427125151885 0.499802792322187 0.475445440243182 0.476646682722686 0.46317614764149 0.527796934348846 0.603916695670994 0.702332654481427 0.764080096677184 0.796380027403413 0.801181072082769 0.816118229996936 0.828681983730184 0.833879762918774 0.822437737562833 0.808527166993951 0.786230174972761 0.754498108163782 0.740420823842256 0.745629527257525 0.755219338397669 0.759093620096364 0.748639856662392 0.7411907754695 0.73772704962593 0.731718424537045 0.733746835250917 0.729133885809936 0.728370744489788 0.716932175085555 0.700991224329396 0.693565313061245 0.685297620405849 0.693890224662502 0.707148003567172 0.728430241216018 0.737146527141258 0.747641510437206 0.755907310489247 0.769992649176296 0.780883005198539 0.783184777945843 0.782197216901264 0.772372109282445 0.772732160388808 0.773508816712541 0.766685838968468 0.762341108757677 0.745344608204585 0.71453398732377 0.66143052902673 0.585311883990619 0.478360598316331 0.405538559495926 0.364382689918585 0.390674379729464 0.384775093955064 0.308123966076127 0.238112590592354 0.264806248287335 0.0451541911020374 0 0 0 0 0 0 0 0 0 0 0 0
0 0 0 0 0 0 0 0 0 0 0 0 0 0.692579195204762 0.482398527051158 0.356374535965954 0.387794527998477 0.379729155422096 0.363204474895561 0.320722580124354 0.346337476043799 0.436763419200336 0.540946103293626 0.545734297941743 0.557164925239678 0.531860823767105 0.514022135160369 0.43593625394002 0.39846165583527 0.358827911191533 0.344077375808085 0.341775164277711 0.416248939213417 0.528089458258065 0.668525949398396 0.750005932657965 0.793795568349771 0.806969115949766 0.816862240490277 0.827979191527218 0.834412982980496 0.827897930590742 0.812217231614562 0.793849739053012 0.763026172743702 0.733734640468003 0.718696828354326 0.719655818920123 0.712934383940637 0.70634894363258 0.709367839708425 0.712022859430001 0.702912094837278 0.703524239679047 0.700065364052836 0.683393980637528 0.656159431037475 0.626739286449047 0.61024323643903 0.626398036161741 0.624017874577759 0.633359753069197 0.65461632814792 0.680620329317274 0.705251319286256 0.738049991975373 0.770945615565226 0.786293306556152 0.788132814742355 0.781451090042829 0.774762666129792 0.772428668056447 0.773022416127074 0.770827693287096 0.76328007449985 0.759084345008618 0.741982436486194 0.715749883085392 0.631981419181257 0.552835466091321 0.495666452715825 0.499554582431896 0.487956742689533 0.438782430813001 0.354814919092019 0.239241627167312 0.230353162526175 0.419095658222676 0 0 0 0 0 0 0 0 0 0 0 0
0 0 0 0 0 0 0 0 0 0 0 0 0.0907903497939103 0.604636511658548 0.434884963625583 0.347773146245461 0.39674725096734 0.402995147524339 0.402195494282118 0.394769454900306 0.433785796789323 0.519820953087447 0.577915401414896 0.571438531377983 0.534055702693617 0.492035706198448 0.424933305967373 0.328096088768314 0.277229502281857 0.252980175281571 0.251881796878515 0.259607736288271 0.324968871748213 0.450229192397225 0.63056484965455 0.731263933313632 0.781337350439919 0.813041742444055 0.819931647779353 0.825544885447062 0.833416807018522 0.825613475524639 0.812969851232189 0.795431793975923 0.770610255458488 0.725831438073044 0.688586529695375 0.655535844347902 0.648815656130258 0.643776794903744 0.66562941901448 0.679586548950642 0.677810966544914 0.656257713771992 0.642178464204161 0.605608749252884 0.558265680664449 0.517495991956351 0.49035408304255 0.491829729078475 0.497498442716752 0.495090708450591 0.546313824887631 0.597479707821604 0.669603341595272 0.720825305056917 0.766536942098948 0.786698254462194 0.78327335752567 0.779337004643823 0.773843242937321 0.766481318831938 0.758011756437373 0.752632388523333 0.749034773353118 0.74501383034844 0.750307145305203 0.738015765299675 0.693741038110375 0.623449627816175 0.564485277103351 0.548216268355886 0.531022532643497 0.474344904477824 0.385268905741201 0.281411442824557 0.25840209110512 0.390104352522262 0 0 0 0 0 0 0 0 0 0 0 0
0 0 0 0 0 0 0 0 0 0 0 0 0.0818740726520076 0.537144271330082 0.378890147375572 0.334084317301488 0.396470211772558 0.435601864532557 0.453660038640558 0.46785489349164 0.538009288213599 0.583944658873421 0.613582407867843 0.58154016895728 0.525964447940496 0.469517597277192 0.392996666606949 0.304352215682842 0.248782140784235 0.21280834491162 0.198751539735007 0.227850429776159 0.280318194407349 0.401783663141943 0.55322630779393 0.692670740334304 0.75561501997081 0.79254359178464 0.812424689211088 0.822118377028298 0.829383253999145 0.824479478324961 0.813995633571339 0.79536561307941 0.777406043633586 0.733846962459716 0.676478486126392 0.621581051351365 0.589063106890095 0.574695377787866 0.59692886824572 0.629227167543705 0.646135601644816 0.626187458449681 0.590304363939994 0.541915980980594 0.478693568966629 0.450262778544672 0.405898095030768 0.397600836684073 0.415258916191814 0.431814401740253 0.487344455179779 0.562601831753615 0.649176853095722 0.70171364464093 0.75656898573389 0.776069197121011 0.774517394785095 0.768443044881977 0.756157028290021 0.73959965588321 0.722756690270351 0.70753175218292 0.703357672023869 0.695074804718471 0.712525376548887 0.721990342439754 0.711881588635981 0.659830470485905 0.628724242077261 0.617732933761167 0.590433770551509 0.522011289076232 0.412436949083284 0.332887353844951 0.296712159732077 0.380619347443405 0.479867808738922 0 0 0 0 0 0 0 0 0 0 0
0 0 0 0 0 0 0 0 0 0 0 0 0.714160501118436 0.510214938855552 0.368094895605049 0.320091121672281 0.381955016827298 0.452448216220715 0.482984464403846 0.527963875980062 0.584372373129199 0.638280649772489 0.626043862464906 0.577017967454394 0.511702308679955 0.452720214703565 0.38668867951643 0.30807981552033 0.235062734654396 0.196463584241035 0.197069388878396 0.224899961447632 0.279203545015532 0.395537988035644 0.52981578303909 0.644859239039237 0.72191675914356 0.74971501830948 0.786292793955146 0.798756744711504 0.81992587067382 0.818842004502855 0.818755168501152 0.819824696531596 0.805289236011258 0.750553143357842 0.685139075514616 0.632125639132251 0.565514646163795 0.545361478923122 0.531786164859072 0.566810974072617 0.610497385531063 0.608590872888326 0.560014430529917 0.500769657031876 0.433449305668616 0.385612315302548 0.352165737307793 0.388314347037409 0.395003279783887 0.435840475841643 0.502290408981758 0.598151468113863 0.659229900372492 0.741050440304629 0.763583095542649 0.774282358172926 0.766959284049716 0.752712898427025 0.728134624600849 0.700018538304405 0.658945996545448 0.634932830845902 0.622449769764173 0.612735175124786 0.633774146883042 0.66634408831728 0.669964522877431 0.655459347699278 0.627796870946883 0.635413190265282 0.608479139046963 0.550798837514115 0.470834184080695 0.376763695211634 0.321191409812432 0.365626543540622 0.45001703516404 0 0 0 0 0 0 0 0 0 0 0
0 0 0 0 0 0 0 0 0 0 0 0 0.715962596178442 0.5244391203839 0.3606909188083 0.316291531305306 0.36817583668081 0.431036081068749 0.486530037067715 0.549108994827879 0.60793813362714 0.645081589156904 0.600865351496219 0.548746883153541 0.496049360478287 0.425093352773426 0.372701909303988 0.298214117647124 0.236179695808653 0.198515167322048 0.204685313635101 0.234377907352675 0.283138075406817 0.361308137208912 0.476187975935524 0.572758404547855 0.649647868493367 0.6745787002495 0.71181529962404 0.751613129242224 0.790122553650467 0.807747465118432 0.823253279642426 0.830487994721543 0.825683921123207 0.7829101788518 0.733445067552761 0.65393208918693 0.599324747366892 0.551134836292356 0.519292435081716 0.535475403576487 0.55405829752853 0.615355200827166 0.590095646464363 0.529438899419948 0.478531747072101 0.445494633302001 0.439837832142188 0.442286221521856 0.46275576320812 0.500254819142032 0.573879354157378 0.654201395952483 0.728978150839295 0.76817323614159 0.778239894277601 0.772683289886213 0.75437975471528 0.727438372960165 0.68347900539496 0.638908507317462 0.590310756710843 0.551962594359223 0.512906641215501 0.500182861682817 0.536898156873711 0.578304218066309 0.61310873385771 0.606733793190986 0.588971428288617 0.606627401495139 0.603760134704656 0.547907009964772 0.474651411562892 0.39200942137575 0.339654958289689 0.373185835986783 0.454526458048591 0 0 0 0 0 0 0 0 0 0 0
0 0 0 0 0 0 0 0 0 0 0 0 0.733053268435166 0.529803961399775 0.353913775160907 0.296452199412115 0.323685204636255 0.388326932414728 0.462945726080045 0.531010628617959 0.589619891875989 0.609197979348034 0.550450933905498 0.525048114162717 0.482458534281511 0.419580803743133 0.358906351337854 0.294554164689033 0.228684363951019 0.199289690916682 0.221015601011078 0.239134031563652 0.284244545862662 0.340756563028032 0.430308791002641 0.504906316091084 0.547163829876399 0.561464210219193 0.610689989216745 0.689957932435403 0.745908899002959 0.78423641297848 0.822455597090281 0.83858876278859 0.836928224984443 0.806320728945599 0.758916988238968 0.705788681106316 0.648902052982495 0.5926451460726 0.534276577651461 0.554500227988719 0.561625597031126 0.627844725716416 0.651774165856164 0.644293744542399 0.608540205735348 0.572654124637762 0.572271627671061 0.556138063102356 0.586685205888286 0.61382075998709 0.655783762221116 0.720529417364904 0.759071727488018 0.783642701004056 0.775832281346116 0.759766437559672 0.730611656771314 0.690920232199866 0.653732941575093 0.592396502178868 0.529358723960523 0.480462016806883 0.434593040540723 0.423912619408656 0.440677450462487 0.47422645555634 0.527549458501906 0.533666851213344 0.531878467532505 0.547981434744704 0.558422264973362 0.538089658584862 0.456788845095058 0.388178595956098 0.337215522323194 0.359780686171071 0.462830629546865 0 0 0 0 0 0 0 0 0 0 0
0 0 0 0 0 0 0 0 0 0 0 0 0.543392731781869 0.568923076744927 0.381786206473466 0.297554426987129 0.294969802974058 0.337581702650838 0.402983031878145 0.474683090205729 0.54031716711775 0.548402450358255 0.525391211931477 0.488010770216493 0.452290222796277 0.398167923215819 0.362174267640374 0.278432160310779 0.217483960418802 0.196972013900796 0.222566585899271 0.241683686229656 0.280448035025984 0.331599634180415 0.37706791613395 0.421357214133935 0.436022118221042 0.446597978944283 0.509307441958688 0.630538786094925 0.680818068998338 0.752178813207982 0.807883538384878 0.83251512077625 0.838720043975847 0.829543303603449 0.797670374012045 0.740380448133743 0.692067554703063 0.63309643485021 0.578679646739726 0.559027133088128 0.583059740898629 0.647577956283439 0.688461455397425 0.713893222449613 0.724858354787404 0.710721473644791 0.702057821558231 0.683135398566992 0.683173606787258 0.710286436503488 0.729318974612714 0.765956889262172 0.78706890662486 0.790487605220761 0.767646254028485 0.740603566438672 0.709903620390036 0.661977962526815 0.609969439138281 0.563364039124923 0.498739612816375 0.433114374302375 0.395956302259541 0.374582134963801 0.376136813227309 0.409241689949882 0.435665141861526 0.450091945665697 0.45502069993712 0.495211231246351 0.506759370760296 0.499168405651391 0.440929366516047 0.364973542606502 0.332622701179783 0.404884106303496 0.43504329310496 0 0 0 0 0 0 0 0 0 0 0
0 0 0 0 0 0 0 0 0 0 0 0 0.0928651451044894 0.65606275741357 0.472464605673982 0.320532110084433 0.29798639503166 0.308660901516629 0.34276776928896 0.410088468378019 0.472638977182475 0.492187152890696 0.476249822993018 0.440253912636435 0.402300376638703 0.396576090293849 0.363710723756173 0.288619254025529 0.225765031056972 0.208730148304858 0.220729063352103 0.241993645521089 0.274869385610605 0.313375754629451 0.334065912418126 0.339266776534498 0.344761550123548 0.343394102967525 0.446799315865663 0.556183815272417 0.657777683772247 0.733301609567456 0.783998214227136 0.81573236857049 0.827696657131483 0.818742276805732 0.791295278525778 0.772055030105696 0.733970578341199 0.70644367542664 0.641734593131718 0.606774630300705 0.626130717855412 0.678148062460384 0.717916790753041 0.77133501046363 0.794065517695834 0.798106011751868 0.788996628918238 0.774231525064166 0.769026819096523 0.786089428857984 0.790107527640758 0.795779448895321 0.789415018712145 0.774085967517279 0.747430754966439 0.710390488425027 0.67307130016365 0.639328812386223 0.594248942428948 0.559294359069204 0.490354104409973 0.43818374488314 0.397100604401358 0.371059133385376 0.363768868643166 0.362417235053454 0.370472888449718 0.376337376299673 0.375753026095676 0.420225927331701 0.429998525916549 0.44156553354909 0.401750917269136 0.348993096658949 0.346674335976897 0.457191886306423 0.369428965845812 0 0 0 0 0 0 0 0 0 0 0
0 0 0 0 0 0 0 0 0 0 0 0 0.0841929485977687 0.761216187989695 0.582773855845291 0.427537826325355 0.343313999967609 0.321374122872161 0.322026979970671 0.368069158576063 0.410251781761556 0.431300999191543 0.41260855399522 0.385207343358935 0.371438073949731 0.391333094300982 0.366812950450351 0.304900383364003 0.262340164365266 0.22035119217122 0.23023123866299 0.239449236194667 0.257010800711614 0.296825015547982 0.296276448125767 0.290376421499306 0.283393415771722 0.28974210594643 0.409946376363332 0.529981191667157 0.653839732545029 0.715962748244181 0.767279040041798 0.804174925236101 0.81184567476599 0.807980192173752 0.798821036587368 0.788068524765773 0.778630974751915 0.739489591332451 0.705399423309832 0.689847803180659 0.703786553964927 0.689703396327848 0.751882867385161 0.799481988519012 0.834861920399237 0.843831544427558 0.838503013263618 0.833096319836259 0.828767208878755 0.830584433421355 0.822654487103202 0.802427602464724 0.778480987969319 0.762163138904374 0.72960154729269 0.681212077273527 0.643167619935961 0.599627607703475 0.562572116228495 0.518645463424272 0.487041162713417 0.449094381153614 0.411222022616857 0.387811558825329 0.370406261193954 0.366155417482181 0.359836109492251 0.334081531098641 0.316901033066722 0.348214469907144 0.375073204849432 0.388069851858149 0.367595288947204 0.365580730097259 0.409080513034278 0.521929593258652 0 0 0 0 0 0 0 0 0 0 0 0
0 0 0 0 0 0 0 0 0 0 0 0 0 0.296551801177385 0.72006594448785 0.565964066485775 0.437619187031193 0.347913180284188 0.32292538146821 0.334681400944734 0.347694991202974 0.36360980598926 0.351626592255612 0.341671971625406 0.342938178053843 0.37795837418134 0.36434634576509 0.32472200818021 0.289898258387852 0.26013309559372 0.23971700950058 0.233367895324167 0.250330374191148 0.268754626466689 0.269665588510177 0.26544317735132 0.259154852163659 0.273929672750352 0.419496236086273 0.543496249346368 0.648551271998965 0.723290753992314 0.759098001310576 0.792035297574799 0.8026362266937 0.801207032868256 0.797651097211414 0.794906105113906 0.789299997511174 0.78179554309156 0.771685216987412 0.755944745036655 0.746395898217384 0.746939623543804 0.77599931692217 0.81801816893429 0.845939712716789 0.856545585517617 0.852248785562855 0.853338758946399 0.851884946762159 0.846802386783224 0.828532018053714 0.801979619760598 0.771529790256731 0.743246773085538 0.713518696600755 0.67214982079103 0.625674202561866 0.572164844249278 0.53340942668084 0.513175218033376 0.494276437652946 0.465136567207461 0.440408435761642 0.416682702551743 0.410459569938037 0.413779661024464 0.382398895359287 0.363717828459544 0.346194521826804 0.364652617925995 0.394530787433439 0.416693673559964 0.418441587532532 0.458094177515932 0.514825981352308 0.62933247318888 0 0 0 0 0 0 0 0 0 0 0 0
0 0 0 0 0 0 0 0 0 0 0 0 0 0 0.804658274061021 0.703116903189701 0.564866967920922 0.442036258399133 0.339679671082581 0.316415962285249 0.302700957905594 0.296390539721986 0.315726933093679 0.312128892011578 0.321183694973152 0.341622577216842 0.350746110169113 0.3240991406207 0.303354009579062 0.27062779696329 0.246827656507213 0.220340814771839 0.237517336650234 0.259089695900562 0.245758413433181 0.258369188310367 0.239914581655254 0.286175452868549 0.426362210708248 0.563891133053007 0.66491523600682 0.743082545788056 0.759072922246068 0.785642912361093 0.795037722968433 0.794542647140353 0.794615538653717 0.794376245920307 0.800322218629345 0.80373024834497 0.800960495001991 0.785158756265776 0.776958412808116 0.78206649327286 0.798788011211969 0.826824191583038 0.846936648919982 0.859809902840984 0.852256022457584 0.849941858119145 0.851196230772563 0.844967051548646 0.824004617205502 0.802757693373863 0.763397414607157 0.736760203969364 0.696927953024514 0.66080647616241 0.61400169974007 0.561582855961142 0.525636720075698 0.517034090434631 0.50098130502496 0.483728980508444 0.460145138331842 0.44434936657073 0.441702046033439 0.449416259869805 0.44610253467212 0.418114759651577 0.423618214377556 0.440120866128461 0.452705539825426 0.478980816998841 0.487846252047265 0.521708553494108 0.591649309289229 0.667262181404402 0 0 0 0 0 0 0 0 0 0 0 0
0 0 0 0 0 0 0 0 0 0 0 0 0 0 0.0294106840629562 0.797137772040487 0.668264785554214 0.506757029172129 0.365290499490158 0.294594306105108 0.273094715748077 0.266411678096761 0.286670890411835 0.296055368361073 0.303543929139056 0.327780458070703 0.329265185173717 0.308274057048757 0.297415683151409 0.27450095969221 0.237381802534974 0.223690371846439 0.226798587608218 0.233210479016039 0.236744494032921 0.23828563784183 0.22925694965497 0.262079798163359 0.37665113637029 0.554164559680238 0.663841350423433 0.741149803293455 0.75638000730032 0.780891659306008 0.791980884187203 0.792031630965311 0.78990547051023 0.794825235956021 0.797096533417966 0.802296492739016 0.807221141941245 0.805424068187877 0.790978695583977 0.797199070123055 0.812249323671715 0.83107136461258 0.857618421459495 0.871762328860289 0.859620196168495 0.84827635094074 0.848505584667143 0.841704454538963 0.823431529518012 0.797317122775005 0.755332526466831 0.723251046368348 0.681923757334132 0.633752802609189 0.594533388636296 0.548700551315637 0.5151325747371 0.494954403803621 0.49101955684932 0.474464442641308 0.459772683814079 0.442523492080524 0.438939661863668 0.453112564677038 0.460682864815116 0.447200510588952 0.428719620461006 0.424723804607586 0.441791133321405 0.466794323510399 0.473824152076483 0.511558184099889 0.588662685366968 0.659726379092117 0 0 0 0 0 0 0 0 0 0 0 0
0 0 0 0 0 0 0 0 0 0 0 0 0 0 0 0.824868272678277 0.691366132347979 0.518850383974488 0.360713968138942 0.289469385557632 0.278105873851288 0.273207832428397 0.281042916428489 0.300413041487186 0.316190444477629 0.311269667308106 0.298599155008791 0.274740763290053 0.273230367170424 0.269898215315714 0.251294085797904 0.233873770337266 0.214716866349406 0.216781184388188 0.214088385651403 0.220247653729201 0.212071655143154 0.237159402295389 0.339079166345362 0.483513187790542 0.634324338873833 0.71436194050552 0.742105516016439 0.768976366526927 0.784520128458508 0.786599057724203 0.79489721758494 0.799613678237626 0.791773249326112 0.793696896314024 0.791476733186561 0.790655754795164 0.796003050834793 0.783591825881918 0.793127560002858 0.833399903183285 0.856734894603189 0.876730663004482 0.876019948729725 0.858008948254132 0.845566512399319 0.836997412094041 0.818656298054161 0.797758024241268 0.751528733560162 0.717021497330806 0.667406085049006 0.616114970636388 0.566736334064836 0.531433751388948 0.49648554225735 0.479605068002847 0.465765104558377 0.45185152792829 0.425448361552803 0.407224844299372 0.400204384396858 0.403230321463487 0.402861873030003 0.404248085416681 0.393907974542064 0.382820172691632 0.379642179925828 0.401416055248926 0.42185375346711 0.424208002921801 0.47439235519831 0.540500490146079 0 0 0 0 0 0 0 0 0 0 0 0
0 0 0 0 0 0 0 0 0 0 0 0 0 0 0 0.778417514903854 0.646792255091511 0.471595768921357 0.357264080781799 0.301569507719495 0.312046932042004 0.303550922932147 0.312256333572405 0.316538622347552 0.324809363620719 0.325417631292462 0.291582523248546 0.249240426331565 0.239972906408169 0.242318631449711 0.230906633757984 0.222634893251082 0.215924644990343 0.211223808123645 0.212018900836917 0.219177353347385 0.232239371224805 0.227497243836824 0.303079502911904 0.44237383164682 0.581480336825534 0.68017009527522 0.736286383597145 0.761771725752869 0.778861795310157 0.790148322003175 0.797458527111522 0.801486443540061 0.802663394462613 0.77746021375252 0.758066204531957 0.739859640156028 0.746941981565972 0.757795351576279 0.777148389751655 0.817168631133891 0.855506336258553 0.87557318411069 0.875476382073255 0.853283340804756 0.835214583321803 0.835071215118358 0.824592129003716 0.789994058640791 0.754353674783439 0.723072226293448 0.66611918075541 0.62137136436383 0.573499339619027 0.545846298961098 0.515596718336932 0.486591231859144 0.453849293136907 0.41172295280192 0.378720038553215 0.355563070877796 0.334804164645179 0.323357294664839 0.339376461706356 0.36568093785358 0.361700729812386 0.354721852396921 0.348534582194443 0.358124328219548 0.357444851987337 0.354192348235581 0.351865939507614 0.439973834010306 0.377351941609485 0 0 0 0 0 0 0 0 0 0 0
0 0 0 0 0 0 0 0 0 0 0 0 0 0 0.422304968531987 0.694480558462162 0.538867935811236 0.401850043477406 0.316070144195443 0.321274510747958 0.367394044916277 0.371314652458912 0.378160848491769 0.35868696168991 0.358378163740169 0.351902814445006 0.313387359996865 0.245167453161913 0.220318685707928 0.212102661658567 0.208342846546742 0.211044783189523 0.214079444185959 0.21998240717776 0.234878837352877 0.265974145792303 0.283756062839305 0.299056326540504 0.373877425292141 0.481324275720305 0.58340706426359 0.660725810108205 0.731155054177383 0.776162956268883 0.798809500037377 0.815516911325411 0.818517658969641 0.806981330322621 0.79330590243449 0.758465253645832 0.712091207717731 0.711520660624221 0.727851236292103 0.717338679803506 0.748644188878855 0.788813031057565 0.834999927382705 0.863147867249568 0.853181901110811 0.831248545020509 0.811067398878336 0.814608358645052 0.817295514706905 0.799213968214804 0.777860208373143 0.735156175436004 0.696846823047298 0.654268382392163 0.620068441080635 0.60167258731474 0.55756037768601 0.520719133302306 0.456899944776527 0.379211812896251 0.325363926350509 0.30691944136853 0.299691379842439 0.308125307682339 0.319139098684582 0.360888598649937 0.382457506562434 0.397062309964528 0.382926910522569 0.405237609619744 0.381689959511931 0.335310902703641 0.298910646643197 0.341083635946708 0.417821290688992 0 0 0 0 0 0 0 0 0 0 0
0 0 0 0 0 0 0 0 0 0 0 0 0 0 0.495045353762982 0.589544055984502 0.42315347798915 0.323542518011704 0.298422749235218 0.354753971933724 0.429672083959079 0.451099017730165 0.448437125152568 0.431439333729498 0.424367484220977 0.418803087427595 0.357314129106587 0.280604424543938 0.213401365443139 0.199232933306438 0.189464583815784 0.189615691940347 0.210288942829993 0.223052048661606 0.268736582007055 0.335062692463729 0.387769784829523 0.449181617490516 0.504153813584926 0.56753762391466 0.642324031157861 0.699222397611602 0.758380400711672 0.795209723999652 0.820714444924103 0.832576850313558 0.829643014414114 0.813575836386307 0.778071645536325 0.740931839467658 0.673214013326348 0.639240132036994 0.650942616866198 0.65665094442593 0.690628239112054 0.742726570389436 0.770742741063199 0.789087445254703 0.774630156735853 0.748074447468466 0.732088127832771 0.741270163402577 0.768339443405489 0.778678980498334 0.78784115405232 0.761611006612167 0.726312398245725 0.700301438073072 0.666059992009755 0.639655950002798 0.598375658767398 0.549295657331712 0.472047172452711 0.376762865572014 0.31312538321027 0.292058650682844 0.313778030675449 0.340441400139899 0.361165810663281 0.422317478728265 0.457416746858717 0.481615354628629 0.471753596379256 0.466632715837033 0.435148436381726 0.355695412967431 0.286291818973927 0.293037669865732 0.369390223865689 0 0 0 0 0 0 0 0 0 0 0
0 0 0 0 0 0 0 0 0 0 0 0 0 0 0.646848605104397 0.44837675007645 0.343942873716288 0.297486391450402 0.318758302119319 0.400664101151009 0.495348543666327 0.529564950028323 0.521045102902098 0.517111681221237 0.50645291300986 0.476834718839987 0.39707473881227 0.324451238672361 0.217049177836475 0.165506117643795 0.154092691599975 0.162126929535674 0.189592851653067 0.216106994152205 0.284718825193546 0.364717849752731 0.476944066100091 0.553861891991586 0.625499965617631 0.675238342972504 0.721728853728823 0.759915589090153 0.797727808901469 0.823440836832907 0.840801966372963 0.842205668151302 0.828205641370382 0.80319606821885 0.754251098612896 0.668287754523751 0.628000539226801 0.578363563539707 0.605231064354407 0.600149931010383 0.628717077857899 0.66073786812679 0.668542180799052 0.663476800850266 0.64140044100971 0.593575616663709 0.567447412437572 0.610808434461041 0.675758747799465 0.732229311388042 0.782870699047878 0.784731513082355 0.75897283431298 0.733469578513705 0.697148093746929 0.675945508157428 0.643015045066426 0.576429530961706 0.49071944741707 0.418824491322892 0.357228760748047 0.338040594312151 0.379113885350899 0.424793823512361 0.430477087632149 0.499688385499725 0.5457903435385 0.56286320373101 0.557003897497149 0.528990950320367 0.49637406810839 0.410209057481637 0.299649398101542 0.282622756982669 0.363484179946234 0 0 0 0 0 0 0 0 0 0 0
0 0 0 0 0 0 0 0 0 0 0 0 0 0.373093603584121 0.485797647823541 0.345675490446813 0.281572404214498 0.313256970996033 0.338283920177771 0.435905808402536 0.522323607194319 0.581412255924579 0.598250854758934 0.587179920045181 0.557544948755385 0.523989929532972 0.454428514607751 0.363420967865779 0.254525992406627 0.167626595989027 0.132088124702812 0.134519924551022 0.162509240501649 0.221529661617687 0.305507727259208 0.384201267408216 0.503252477337103 0.603045206964979 0.684466426278358 0.735906701256565 0.775068035222111 0.796394796080456 0.822939500116904 0.842116131611211 0.846120630236007 0.837919976942794 0.818139983582863 0.774526366436008 0.716933914234025 0.609940068656212 0.557535071001182 0.54510071634276 0.561227831460101 0.558804102667546 0.556786668854653 0.541730115102443 0.51877756881757 0.469490240125773 0.441377665406601 0.417330885864311 0.422093787255702 0.478837606819074 0.572887350156691 0.668886332989657 0.750752196888815 0.781878895816474 0.780616431217135 0.765656426198343 0.737478382609306 0.715360081934615 0.696034634713305 0.634766883751598 0.545441867633544 0.488136913221886 0.427341884384024 0.429353509960024 0.46705546674642 0.531547956988257 0.549055114664174 0.588767729229369 0.619100744712293 0.623614811918431 0.605800894512121 0.571039408360464 0.513987622508481 0.429684072392983 0.309152433284867 0.301760203025238 0.416241682469791 0 0 0 0 0 0 0 0 0 0 0
0 0 0 0 0 0 0 0 0 0 0 0 0 0.479081144266563 0.447902409223283 0.303068305480004 0.304647875607963 0.354818855304561 0.390715594772036 0.456852713120673 0.534567877687895 0.591031491113689 0.636717178296556 0.630339545242024 0.605173569157883 0.565027000982161 0.496522379090477 0.399992528312177 0.272773259272175 0.16416094586239 0.117592323574532 0.113632205023861 0.128062032439481 0.204246888315175 0.306896216217956 0.417141694351581 0.519745967392999 0.64623058943477 0.713617548468595 0.764557217782123 0.797087657909555 0.815197921913108 0.832721257998101 0.847509793954747 0.845654046870621 0.832605163625921 0.799121089569118 0.740410803489143 0.666902706237949 0.571987405179731 0.53535573541478 0.52934332607548 0.537904218915988 0.545220610829911 0.513980009447128 0.473754165005709 0.424341510573223 0.362623291930266 0.335341242313313 0.313592391911444 0.345806337583069 0.393836528899969 0.508274811969845 0.617694066373694 0.720131284567598 0.768049500863782 0.786527281214812 0.783110703114852 0.775195332963606 0.756050943722492 0.738485661118892 0.684918318035555 0.614828766747131 0.563715184128052 0.536163668348645 0.534953007957849 0.581264200147844 0.615442535721227 0.629645835431031 0.651590577127596 0.658574565205854 0.647184115865294 0.624392593174763 0.583889665941695 0.51604201509783 0.420506508743093 0.324251627785655 0.335171168338216 0 0 0 0 0 0 0 0 0 0 0 0
0 0 0 0 0 0 0 0 0 0 0 0 0 0.255430337201296 0.421290691516487 0.284918358834745 0.315781305446697 0.384335319835207 0.421553155400368 0.467342495097135 0.519480210351021 0.58211119405833 0.63264820854613 0.664105774494718 0.639725952912296 0.602076952522977 0.519676072050289 0.415479996688874 0.315302476383531 0.161486533634422 0.0985704292553933 0.0831374023999621 0.103395920704392 0.187195208684828 0.281102559452969 0.426277604797082 0.576747806665141 0.669189420685478 0.743337325020604 0.790134418055343 0.811474376226833 0.821268673839653 0.830722340574976 0.840649879485526 0.836232398590939 0.821102700168274 0.778271532648658 0.707562607505234 0.643749869236083 0.564070625842469 0.545044103788831 0.540128451708183 0.544703696237108 0.546303372030772 0.517877441975261 0.500109434231394 0.465253229630337 0.410483529184619 0.361804423847787 0.351651198020303 0.356534988487634 0.406555523491839 0.496037733937088 0.622780812035306 0.701044601563178 0.756657615318859 0.782366983009731 0.786913615651469 0.785759910759638 0.780552873576984 0.766885068844514 0.734069682550179 0.698325971262741 0.651534644014984 0.64192843694605 0.651441924424999 0.668800502408019 0.68576835208994 0.678743306212227 0.671876682932371 0.658720314994715 0.646891895892218 0.606287313914892 0.545927144673858 0.479055982221479 0.40460770609424 0.33524970732394 0.362985198211465 0 0 0 0 0 0 0 0 0 0 0 0
0 0 0 0 0 0 0 0 0 0 0 0 0 0 0.425825763263575 0.28754015731583 0.306273980260578 0.372295224593217 0.426708502679348 0.449747201176908 0.492514700359901 0.541593212535665 0.607998781909327 0.650828417755986 0.650670283251866 0.606893692403065 0.528661205013958 0.439770035043112 0.300629195605209 0.205285490896003 0.100209745056559 0.0629571705211425 0.0908470536657 0.15262869392817 0.285014745554758 0.458209862828358 0.607000662105413 0.697266901832653 0.771846948586619 0.805446579169341 0.817918354776291 0.824090383767964 0.828255472404551 0.83045829128301 0.822204800646645 0.798749860946144 0.754646291948018 0.707918870187233 0.656010039829954 0.614364039227233 0.60172157380704 0.590554397462709 0.594065828170794 0.591149190631104 0.575808290282665 0.571625996994615 0.559376085621246 0.526106521506468 0.470580436968005 0.441735586446371 0.433351982795163 0.470710862149756 0.552611332148169 0.616718987844891 0.700488920016483 0.752850364466646 0.774504193972475 0.783215382761187 0.783374488225807 0.778047625893823 0.769141591237987 0.749477219494243 0.733108831369456 0.720582073070882 0.715556343425894 0.717176459416017 0.721754591724294 0.70902725787723 0.673848387245567 0.651907210268104 0.628802316629836 0.598938256903009 0.567052566067501 0.512870034354078 0.431963032735431 0.34939321915508 0.344098624396209 0.424507377143786 0 0 0 0 0 0 0 0 0 0 0 0
0 0 0 0 0 0 0 0 0 0 0 0 0 0 0.529000002769695 0.311802352073898 0.281639798205956 0.356104023253314 0.397340514187177 0.44040011475827 0.457027018155981 0.487541442153766 0.564941563829623 0.642055270109167 0.667173184171978 0.637607176381004 0.59347751162307 0.477577457987684 0.349003705563559 0.224401322364192 0.143981564962872 0.102840847805945 0.109268481977524 0.197669503782595 0.347014254242728 0.476659940503163 0.643024259221434 0.743866413049281 0.79267341512827 0.816682292925442 0.822927127056937 0.824315351407273 0.826002505672424 0.820214360491138 0.80755832187972 0.783559219052634 0.75010427264315 0.710977756871489 0.69339804743139 0.678370840161044 0.668684664865234 0.658777163860255 0.647073271840854 0.649702167876177 0.644474297624313 0.651502126387003 0.644808960682729 0.63009826699676 0.594168748566104 0.565219313780245 0.556896623358998 0.578238495409117 0.617422638356763 0.646136170184913 0.709670217009566 0.753998430222406 0.768535095778902 0.778277464122057 0.77835999219562 0.774338759051137 0.769300522957051 0.755435750292535 0.739049649976092 0.736574468995481 0.736348490476557 0.732882443654115 0.714478545431153 0.675715462302863 0.638896501134226 0.587368165787177 0.554595270052741 0.526496341632658 0.507870706631864 0.460367486115675 0.389502041378648 0.317033586902424 0.335562813773035 0.466077200084756 0 0 0 0 0 0 0 0 0 0 0 0
0 0 0 0 0 0 0 0 0 0 0 0 0 0.254500765480333 0.599743250416801 0.348246192948857 0.274081515945616 0.29889174104003 0.362607388263967 0.390380465424924 0.415801138455181 0.433249688577041 0.469669453396012 0.572077687691013 0.647074788692175 0.660899979721054 0.625752441210998 0.54946440058021 0.45287301839247 0.36073050392855 0.261321649734359 0.206019672366074 0.214447716205577 0.304718274300994 0.428164223456202 0.55144838407931 0.698262720903638 0.76888013474026 0.804321956747867 0.820316997946379 0.827790475974546 0.827978658194195 0.821793756876442 0.807291252638771 0.787856188939313 0.762879639813101 0.739184872252479 0.727508951273392 0.71891542844886 0.719352134585287 0.724900040151849 0.716627961088727 0.719017070963284 0.707915120376705 0.711263223578365 0.703828966999906 0.698261186162854 0.685369346956173 0.668645996271326 0.644428163773082 0.637884725382364 0.655304338977329 0.675615962872153 0.702991725789223 0.719423902112579 0.75766572698014 0.765633637462751 0.775169981530139 0.777203517629994 0.779069826589974 0.767887432384347 0.75941622849738 0.753268236125753 0.745807896636305 0.733865547157478 0.728009841035645 0.688939880246923 0.635498463206609 0.562696824202174 0.503800358477442 0.468447933012019 0.447417684010427 0.429102167183725 0.423320553419277 0.375653098862149 0.306792852406589 0.330333120946954 0.486515816507043 0 0 0 0 0 0 0 0 0 0 0 0
0 0 0 0 0 0 0 0 0 0 0 0 0 0 0.669859510361259 0.41422483929041 0.276940325411867 0.272380243568936 0.299980636387453 0.359625327389632 0.38348899067243 0.371038188644785 0.387639082201367 0.507191358968531 0.597732927523613 0.642895719552505 0.657695434101098 0.631128203657001 0.561430961920371 0.506680427081343 0.387640984696902 0.350578010490861 0.329151963889337 0.436409254629485 0.535569327106418 0.65166111711178 0.734474352429473 0.78640677639408 0.80565044034497 0.819468730768529 0.828526032226627 0.822651976054895 0.808435434679922 0.789717923765945 0.768716985889528 0.742167220885085 0.733866136336877 0.724308747344937 0.734629584865743 0.747557347518021 0.7564015546281 0.764016833214617 0.750474851251795 0.741579668105374 0.73992859272803 0.733926999307336 0.74294242361954 0.740858374799259 0.738826502428896 0.730450748137064 0.72338964710592 0.724479991830315 0.736188608962002 0.733406279360397 0.739419285620463 0.767407550269584 0.773338153466605 0.778225995609203 0.783048294726834 0.780618167432886 0.775208321685775 0.766056255742123 0.758963322342195 0.746275559196377 0.728031389610173 0.698037839720533 0.656317299477437 0.59143448151748 0.498139361162428 0.434624235814064 0.379118098412514 0.341558754888091 0.347903118367817 0.366842947756054 0.347916758847613 0.30745589168067 0.3411061831098 0.52039751161856 0 0 0 0 0 0 0 0 0 0 0 0
0 0 0 0 0 0 0 0 0 0 0 0 0 0 0.492513317590726 0.459138060632375 0.3191832669103 0.248914098878262 0.291935696714728 0.344620813899251 0.377640443584654 0.325843424029875 0.309676678373984 0.40863918911243 0.508180118799174 0.587784719843247 0.632180392429967 0.652984388845534 0.638219330821382 0.609724167293498 0.571565160623452 0.540516523867221 0.530426343400052 0.579698115505326 0.656532342635285 0.714095620094313 0.767807341477953 0.795245286063882 0.805816113061122 0.815089524083939 0.821890457301277 0.812997093292939 0.7905741789384 0.773558390845763 0.744528090970443 0.710882611563534 0.706194861458383 0.694615703119642 0.710361498911436 0.735703721804393 0.75557530426902 0.768326059189572 0.766360818336964 0.757611696801998 0.754468154934509 0.745650454273272 0.752451155410841 0.757458201115678 0.76444987157202 0.760497211003138 0.759319070756326 0.758608916169683 0.762597971849958 0.765497845719981 0.760437457702369 0.7732931577249 0.783972860045811 0.786176401213528 0.780253094438833 0.777723409836593 0.774445714832019 0.770182654015598 0.762615716510879 0.752714465031534 0.725232702859224 0.690148599144475 0.618662575045291 0.524189795687733 0.432226714121333 0.349209427225375 0.277800396439431 0.245639249651693 0.280126991308964 0.322809758612705 0.342685756948563 0.312526128647315 0.388777673594485 0.0639722924898442 0 0 0 0 0 0 0 0 0 0 0 0
0 0 0 0 0 0 0 0 0 0 0 0 0 0 0.00795229141481492 0.645787443347639 0.422145180666291 0.263144250125537 0.27449182762476 0.335032844749799 0.376958188760315 0.330530175218357 0.259552330748553 0.280805570999479 0.391696400791263 0.489525569173107 0.570120661415718 0.617214751656953 0.63565033254298 0.656021733782656 0.684938307554154 0.690811235474002 0.674915380726174 0.711820609567393 0.736124510698008 0.76796762801257 0.78669468761238 0.799312158212025 0.804582285867198 0.812436643781912 0.811212476306538 0.797278461656071 0.768158753588441 0.733547268227048 0.696069558114949 0.664795369417378 0.647113255560294 0.650003696941487 0.669090686491616 0.704339572270961 0.737106278706465 0.755614806148101 0.760219897055032 0.760589497871535 0.746630493797579 0.750050092984067 0.763842569653392 0.760631893239422 0.766445802189192 0.776752004806247 0.780493001970228 0.776576527913835 0.773851799828652 0.778354194530617 0.778315056728176 0.778995049383597 0.783673354032765 0.784408185754256 0.777923784351178 0.776891994553674 0.77259253560892 0.766866551522161 0.764090953042522 0.74824258946177 0.707938159826492 0.677560720347865 0.58269863306525 0.472654505575737 0.379492634484912 0.280559215087101 0.237187813160137 0.203032391546885 0.233679559007118 0.296634388194595 0.329290616849389 0.347525306466401 0.453129745751879 0.00102851034274835 0 0 0 0 0 0 0 0 0 0 0 0
0 0 0 0 0 0 0 0 0 0 0 0 0 0 0 0.758076500636301 0.560572112703246 0.299597155056425 0.278073086932862 0.31233678349951 0.346658842140582 0.292971718588328 0.207185674661235 0.173552501707628 0.275660877965557 0.397488321087144 0.521307177560479 0.591594829631567 0.640663419057205 0.681397602275498 0.720664300076618 0.749895961323783 0.749417630616297 0.753482480582833 0.763649942889263 0.778733551802742 0.792051323268364 0.795411097563677 0.806483669748614 0.806301124149031 0.803570946598685 0.788521723173357 0.746923152438222 0.70960951446435 0.629899316794507 0.58833188722652 0.575673929873542 0.559202981048771 0.60428066961792 0.644675767767938 0.681406171366229 0.710778956090163 0.728941248072348 0.729212305467985 0.710419090079189 0.735394257724732 0.737046619377145 0.744409995627316 0.762984339347689 0.771687809560979 0.784111342202652 0.782568695522628 0.781852410051098 0.781581447804726 0.779594556209417 0.774294985462416 0.772957111277332 0.771120387130566 0.764841410971734 0.761995269940808 0.759068155829698 0.761198768797666 0.755517258759735 0.741667421093235 0.711625047726712 0.641534503511617 0.570881252408947 0.453523920155819 0.367803590011182 0.285008740487493 0.23455958762968 0.217725176452588 0.225585756040946 0.259898052715816 0.310838450342715 0.396321936482487 0.247038898054705 0 0 0 0 0 0 0 0 0 0 0 0 0
0 0 0 0 0 0 0 0 0 0 0 0 0 0 0 0 0.67129269509852 0.420214734878871 0.297150553254238 0.290655736375541 0.309869672080097 0.284517929631824 0.186560171499758 0.155550739793558 0.242150007168369 0.365724976841751 0.483809596612427 0.590807634314454 0.634131550645079 0.702062370743858 0.744446438998429 0.767803935333078 0.769048358474861 0.77125449781406 0.762012697509326 0.771594622795789 0.785531657485971 0.792752862701511 0.799644818575164 0.79858162869379 0.795185985624413 0.777604369374983 0.730701682965108 0.656194551711121 0.556343090892245 0.481572594393417 0.472136354465299 0.458402982650333 0.488594662790247 0.541024375328683 0.583097320982478 0.62434962252318 0.649245421126945 0.66057663293713 0.65361760850609 0.69409206621846 0.698190962128643 0.715379016234527 0.738475948590086 0.753591368882999 0.776718177678816 0.783058207050723 0.782871575395012 0.779236359018685 0.766634291415712 0.757463318849469 0.751889869991768 0.756153781842694 0.743322184091569 0.7298515488199 0.72699978842636 0.734191056616827 0.742149490904748 0.729737459713215 0.696785288902171 0.630591356865059 0.556620889093668 0.455745468593301 0.372176050682883 0.321007280786004 0.269543079919397 0.25070721791432 0.220017086852128 0.222712704875907 0.3322711043943 0.0716436549698887 0 0 0 0 0 0 0 0 0 0 0 0 0 0
0 0 0 0 0 0 0 0 0 0 0 0 0 0 0 0 0.19040863791374 0.523705665219635 0.369911122199518 0.287274810399953 0.290080394035154 0.271019452894129 0.223037758057074 0.210433640972398 0.27784670066824 0.391208006616048 0.474421192818991 0.577956798286368 0.646504919203264 0.691551374524889 0.7309480907846 0.761117695561546 0.75106869939258 0.74090366830097 0.735406651784523 0.7577766114758 0.77060231539309 0.779053059988719 0.784829309228449 0.789118162519088 0.786665389461576 0.761804462161962 0.690040594637825 0.602226856823806 0.500334982233613 0.41118545767808 0.352731927923482 0.336628062847252 0.3640775896455 0.439548530692973 0.475604001716688 0.522774067712281 0.552720456018378 0.55278232709476 0.588884469149845 0.63868919818958 0.670244473861534 0.674935625150184 0.702427885825969 0.738507253697238 0.758141942967312 0.767054538737115 0.768376533484421 0.767187531490075 0.757037317196229 0.729933832998594 0.717329391879467 0.727073342758002 0.720659073332821 0.693345409661231 0.667526226533885 0.690281742873967 0.712064628345107 0.712357326225508 0.680741573388106 0.604260535982457 0.535492023836744 0.47253819880432 0.381447735345893 0.340489695146193 0.288679246720385 0.243934856123 0.185384706022213 0.224993913510111 0.361814629635438 0 0 0 0 0 0 0 0 0 0 0 0 0 0 0
0 0 0 0 0 0 0 0 0 0 0 0 0 0 0 0 0 0.446329084725148 0.476712578585717 0.320396126318805 0.302432104161927 0.29849640781309 0.275200853562761 0.322777487075559 0.371084450259349 0.444015549604833 0.52390074583965 0.578154744815394 0.624228571259521 0.665989136775124 0.69324629390779 0.704192888989751 0.691836784338645 0.701596866624255 0.712768256538499 0.744193078847473 0.750668957857849 0.753930447856811 0.764650248096436 0.776397992675384 0.779441348967872 0.752909229419612 0.674671388915493 0.553471903396299 0.416383487939122 0.323657460975063 0.290056977341566 0.280484469796397 0.28478395314349 0.319898740762319 0.353746841557973 0.412635338019133 0.440407069744738 0.459746965538136 0.499965960081239 0.572236251560067 0.630911343972831 0.66638640335124 0.692094619613972 0.719716381536294 0.73055365578108 0.742353153872395 0.752684046437589 0.752814554238549 0.750161448523845 0.704276809672578 0.679498109744884 0.678392813201127 0.691051745096887 0.645816817944912 0.600528537102302 0.601875424491012 0.632747198017107 0.662728535891576 0.656909151661802 0.58716723301308 0.509437367814027 0.447574752287864 0.37733996971977 0.335770761378265 0.279854200001543 0.218217768311432 0.163562606251346 0.252462253820818 0 0 0 0 0 0 0 0 0 0 0 0 0 0 0 0
0 0 0 0 0 0 0 0 0 0 0 0 0 0 0 0 0 0.156646980346464 0.583435974239316 0.396587117197989 0.335323590005247 0.337973305101405 0.349666049788603 0.37540235206646 0.43004711256758 0.470831276053418 0.510988437646769 0.549546555116532 0.588837519010306 0.61525168802645 0.62371356542289 0.631897999519589 0.645311608746649 0.652872082032085 0.686463606329926 0.721053740526659 0.733047157062865 0.726637246776877 0.736024773501429 0.756833280128407 0.76349108424119 0.73099468602373 0.64746264588098 0.526184059322089 0.362435305616685 0.267347889853398 0.278097298284058 0.269795826551886 0.261523260010291 0.271039110191884 0.306880015942289 0.343532905143968 0.376847177087045 0.40122868440391 0.45667606811197 0.519056307231162 0.602874076527702 0.650987906660076 0.67345394652594 0.69611409729184 0.698319535288949 0.714985429482123 0.725099134034008 0.737105859407529 0.735955764302488 0.683814627449162 0.639258602754031 0.634140090190347 0.642918753966179 0.594766922795199 0.506769683801774 0.490336365952505 0.526651841644103 0.606496200603026 0.622640728832654 0.566475004288652 0.487636789333303 0.41138527800816 0.368254395275372 0.283654265190253 0.238761785937795 0.171800015646506 0.158966649321906 0.310292706483357 0 0 0 0 0 0 0 0 0 0 0 0 0 0 0 0
0 0 0 0 0 0 0 0 0 0 0 0 0 0 0 0 0 0 0.24947579692656 0.529631130957533 0.393525617970947 0.360395690143998 0.3826075524109 0.408180125958287 0.440651931664136 0.462875871401909 0.482074957218044 0.485735159005345 0.510404851759422 0.5363692179823 0.54849009768866 0.550690694015748 0.56721918926671 0.593231884573126 0.641732981798953 0.69745850639628 0.701947697597075 0.688623550383795 0.693638692076014 0.719821814427869 0.733644769527737 0.70983221572958 0.619960976656551 0.510675189383079 0.359792891442219 0.289268060582284 0.297940576350478 0.306550451375717 0.289380912540457 0.272753081270959 0.281385659269522 0.310876122297027 0.353029170843447 0.364794872923402 0.434155032309613 0.524502570776876 0.61088449295825 0.657660515945481 0.673455342775802 0.678830661794849 0.670654820370953 0.665135806120354 0.684987609744757 0.699894005972592 0.705154715789864 0.658483357433342 0.615910687107161 0.571950128699387 0.550658846409249 0.519379311036221 0.454888705692749 0.386757506234361 0.394838093685247 0.50112764316814 0.56598262271256 0.541968199844895 0.463721217245969 0.365668827199196 0.306634478195421 0.242046668063527 0.180769976363505 0.138238801089438 0.241970578686985 0.247225464606707 0 0 0 0 0 0 0 0 0 0 0 0 0 0 0 0
0 0 0 0 0 0 0 0 0 0 0 0 0 0 0 0 0 0 0 0.637131674358123 0.464651742075195 0.393423554321011 0.360447043575031 0.374075242440089 0.390165915493931 0.425486621335728 0.42845017673947 0.431316704753826 0.453154200549237 0.457095973000313 0.465856266234436 0.467051949826301 0.490097720724993 0.524327252479923 0.604695869753865 0.661529860895097 0.654073936411886 0.617605068607707 0.625536316980132 0.668638949710513 0.700826369331818 0.688881711377279 0.592598098749619 0.484546182132398 0.362681693038637 0.326588413483832 0.33978811308507 0.350119730879177 0.325781619383932 0.330973309888422 0.346079441137019 0.327795130179327 0.334346050427334 0.382199452766442 0.452702940946065 0.536826145828068 0.615800537750144 0.672254715768402 0.680885765728164 0.664384838100052 0.624569414744824 0.627853824310607 0.6437787662506 0.672541474732845 0.671991465283363 0.625412259261837 0.561465079867316 0.512639526087236 0.482628784998297 0.424063167875361 0.367511814390075 0.285581612355184 0.282743603494116 0.406578180756264 0.518045525010092 0.52373002080702 0.439923475513932 0.328983025793545 0.263652930281085 0.19721363219348 0.186366070540876 0.245239318358012 0.370840945052661 0 0 0 0 0 0 0 0 0 0 0 0 0 0 0 0 0
0 0 0 0 0 0 0 0 0 0 0 0 0 0 0 0 0 0 0 0 0.581573925087248 0.462128313670565 0.366630415259029 0.326989908541166 0.328278036688154 0.356936180536385 0.37142439967692 0.375734014627544 0.396950901764461 0.40690171031123 0.404756552003032 0.423188832416504 0.440315152879852 0.488663751607735 0.569719518415814 0.629696284572914 0.619562669253576 0.543152138862902 0.529454797118608 0.601203037792117 0.655982674287467 0.647274241824919 0.56636178156615 0.457548933896815 0.355356658068837 0.333289478638541 0.348740654160203 0.36910279028754 0.355564082785682 0.363938533317384 0.367926665949522 0.336121174326783 0.355751442409106 0.402066483226385 0.467987909637706 0.557651987238282 0.644704000130714 0.690331522864886 0.698241975048122 0.648033680435412 0.580597144313846 0.528402635798185 0.565448463479962 0.619203708998889 0.610228220798655 0.579832617222447 0.52799929811079 0.464781944869915 0.43002574960891 0.365836645079312 0.32696305987569 0.230865493571316 0.217444212060763 0.338455070551709 0.463660970999318 0.495582952130402 0.42986864853665 0.306625771591011 0.240614334777909 0.201809602993429 0.291755100201274 0.413957206837138 0 0 0 0 0 0 0 0 0 0 0 0 0 0 0 0 0 0
0 0 0 0 0 0 0 0 0 0 0 0 0 0 0 0 0 0 0 0 0.193940964061746 0.556300346858828 0.421485664102182 0.326910234232701 0.28386520828572 0.282164848360092 0.312381580746104 0.344976749198354 0.356332958450048 0.364328619765772 0.351107973347727 0.338153188390011 0.371672793114213 0.433430863296436 0.510190585478287 0.593922336977771 0.562824985660674 0.46526664042407 0.438876772000765 0.51868178908149 0.601516797222373 0.592357852824785 0.549502073193566 0.457265555305861 0.364778749848513 0.335252053111818 0.358248533650576 0.386617482139619 0.370950238919973 0.371619807474586 0.375758950983726 0.37287132741602 0.40326084901266 0.434837312544251 0.494384169415821 0.59485045976339 0.69018728582856 0.725056146308984 0.698869926860095 0.634958904174135 0.530236697631143 0.461628736997827 0.496607246810744 0.550597823255027 0.550716582664597 0.546068844308095 0.483346783871258 0.425141127830708 0.360099391050472 0.296461795269098 0.240379109747242 0.213383745133551 0.194564235229248 0.297728527732235 0.426144109002232 0.457873598238055 0.384692463042251 0.304284368511108 0.239773942802232 0.305230763888516 0.283913077736395 0 0 0 0 0 0 0 0 0 0 0 0 0 0 0 0 0 0 0
0 0 0 0 0 0 0 0 0 0 0 0 0 0 0 0 0 0 0 0 0 0.334836900887375 0.545881211805861 0.408421517558355 0.300519599062945 0.268506786217407 0.279968988987992 0.302638926422654 0.330826987398396 0.341334677924968 0.324366574732441 0.312881948497565 0.359311634825497 0.427779293097824 0.501045439023717 0.554443854806371 0.482112161777326 0.384792711551472 0.363887173133409 0.446024385979728 0.548781252484485 0.570733462031944 0.54897238382742 0.468818786613062 0.369573219161214 0.334797941276789 0.357641656446626 0.373401151042944 0.364730066101658 0.35853927740817 0.382452293651635 0.428860323923036 0.456862064039019 0.491911614906113 0.566922328538193 0.649924823706405 0.701867328413535 0.730506722722201 0.699828428497972 0.577871058997039 0.431292853416719 0.375510123804853 0.408042796450147 0.456943242474971 0.462722542315552 0.47694154255393 0.432251557622451 0.372581272176183 0.340217858488205 0.301615814564666 0.219047219860762 0.200466783840601 0.197839534869692 0.285741826534757 0.364982028659751 0.384934457123063 0.30181422857308 0.273709229141936 0.342858494703619 0.132864412171118 0 0 0 0 0 0 0 0 0 0 0 0 0 0 0 0 0 0 0 0
0 0 0 0 0 0 0 0 0 0 0 0 0 0 0 0 0 0 0 0 0 0 0.0151915742678463 0.55439778504198 0.383726917475776 0.308116361906212 0.28299769371533 0.289454755558779 0.311669523524504 0.312245535815598 0.303931337167246 0.304475210765652 0.360576843771989 0.43970691305189 0.494826095636949 0.51710535441287 0.43386382006283 0.32579821523831 0.313065773719207 0.398840586447996 0.501271191369926 0.535955113471008 0.534879936366666 0.473130926327153 0.37509292370868 0.34409830478851 0.367883636986657 0.379452364404839 0.355734010468473 0.362398693480076 0.404500945939022 0.459620116427161 0.494897323590536 0.552122912642912 0.603454694829176 0.657226674891288 0.701875527148584 0.715858109335174 0.668649484628744 0.557818287383397 0.390924015212523 0.281304973882921 0.310564902952172 0.368550677568642 0.401712315781555 0.415765429090332 0.407330206995773 0.384739179235012 0.344041629187973 0.294836536948501 0.248386053846223 0.227213673380695 0.215393927652103 0.252556480100156 0.286416456650095 0.296653616059191 0.281512508342846 0.384382652933804 0.306112546519463 0 0 0 0 0 0 0 0 0 0 0 0 0 0 0 0 0 0 0 0 0
0 0 0 0 0 0 0 0 0 0 0 0 0 0 0 0 0 0 0 0 0 0 0 0.167737072088435 0.534705775515174 0.400711200674389 0.352820464807107 0.319369156689288 0.304518596682071 0.298532502267709 0.289409359377201 0.313424310894229 0.365000959189125 0.426270217312388 0.475948396101118 0.47722097243173 0.403663431373927 0.289242294705947 0.279363594177217 0.365381705151774 0.472629053322053 0.500090488756035 0.512261604180027 0.462499629694076 0.393305267884284 0.374005446251585 0.377990071006501 0.383033451181154 0.343069858214825 0.362696728070433 0.413388434200943 0.462847396384503 0.537090588272201 0.582355937989515 0.618055009819849 0.641790022940154 0.661820434360465 0.687444595121327 0.651014762452886 0.533706021131889 0.383175016870402 0.289354563380027 0.265420199769334 0.303098284566581 0.334691432988102 0.358110450268586 0.375449040637386 0.366567308168496 0.336331697394628 0.29891417600929 0.257884040567333 0.224010306384798 0.18643914992962 0.207201839974987 0.24751637582388 0.303215862856614 0.372625188067128 0.0112378914231622 0 0 0 0 0 0 0 0 0 0 0 0 0 0 0 0 0 0 0 0 0 0
0 0 0 0 0 0 0 0 0 0 0 0 0 0 0 0 0 0 0 0 0 0 0 0 0 0.55437180590417 0.453725193727113 0.375704023269662 0.322485602827613 0.294597583011019 0.279936467207578 0.302440478296513 0.359574586661612 0.414693848851204 0.444643547073754 0.450348981066405 0.383038437670821 0.272744068043271 0.262985359661158 0.346992942988192 0.438990846951583 0.462051040257475 0.466029246742635 0.440098413555806 0.391136945481397 0.390517252442633 0.393129672579724 0.375023725548974 0.351230738544894 0.359011439648105 0.403134743043132 0.470294918205107 0.541087252497053 0.603364620740145 0.615116278374912 0.605601625875596 0.625714164058514 0.644888254469157 0.622623252302905 0.550028494910714 0.423602657562576 0.325136020007427 0.265606319098216 0.266322491860116 0.293684293900991 0.319085363396574 0.339533140753762 0.363059109590365 0.341870975403615 0.28302408493684 0.24950005291174 0.213928587040709 0.173139157376405 0.22921563475244 0.299639870687794 0 0 0 0 0 0 0 0 0 0 0 0 0 0 0 0 0 0 0 0 0 0 0 0 0
0 0 0 0 0 0 0 0 0 0 0 0 0 0 0 0 0 0 0 0 0 0 0 0 0 0 0.590278444564329 0.493230336216834 0.395560278131187 0.304355958919346 0.279312318119083 0.294071388513613 0.328763447611317 0.363340556245917 0.384934117243235 0.392631019946804 0.35560777059543 0.278604694060422 0.270786462771069 0.344347656378815 0.418518659755023 0.439470512833368 0.430985278147652 0.410168287431111 0.396292073186457 0.398711597508472 0.393639333927947 0.380765516111371 0.366251333225736 0.366210859545362 0.389266329211627 0.450568216323837 0.535855317004589 0.575334181801137 0.581863207037181 0.562722560370835 0.542886703662524 0.56257099872062 0.578787309590268 0.548679534105916 0.452128248515546 0.355848375505024 0.284424571877996 0.26460617887779 0.269327400380496 0.281685919064696 0.30353753735649 0.330286260167251 0.320194339531905 0.279239020297858 0.242041909024039 0.224629138108192 0.290448186376267 0.397382515673073 0 0 0 0 0 0 0 0 0 0 0 0 0 0 0 0 0 0 0 0 0 0 0 0 0 0
0 0 0 0 0 0 0 0 0 0 0 0 0 0 0 0 0 0 0 0 0 0 0 0 0 0 0.0444494934115091 0.608091138205853 0.506148758500714 0.408028489736396 0.32423503219229 0.307523538529775 0.299495242231989 0.31424315197938 0.325242733934129 0.345169588109696 0.326148202125893 0.284828214394697 0.282753036553241 0.359555706080337 0.410308538207431 0.419404585643517 0.40497194249261 0.400582563363972 0.38783071353344 0.396667183962632 0.392486167291307 0.39275813863953 0.377091743563425 0.371028675235456 0.391931252776707 0.440579958379362 0.521579509682052 0.549429335765397 0.537300415710382 0.479909554909345 0.468963571101052 0.483246292048221 0.527072878001136 0.536185285445399 0.485434908101041 0.391343221312999 0.314038200411326 0.267747977435742 0.251995035386379 0.253098099492106 0.271425810888975 0.307846943639419 0.28798006573327 0.266489855778332 0.259604651133448 0.324941073136076 0.446047861530407 0.00539431024208556 0 0 0 0 0 0 0 0 0 0 0 0 0 0 0 0 0 0 0 0 0 0 0 0 0 0
0 0 0 0 0 0 0 0 0 0 0 0 0 0 0 0 0 0 0 0 0 0 0 0 0 0 0 0.0430396877264288 0.0766467886465346 0.535811211649393 0.414135831538753 0.331670315234374 0.305305430581085 0.289546604614272 0.302688237498893 0.328990977604046 0.335205476410296 0.312929279861358 0.315592968374525 0.387137628928054 0.430729963323552 0.427386833339373 0.391970030106302 0.377464048993039 0.38743106955994 0.392658008552507 0.397727086938199 0.394900544703789 0.382745193240272 0.365928044520672 0.393710922691688 0.441630762794852 0.502791432738823 0.509633343405127 0.459324421161062 0.41352026431974 0.397969196803614 0.410393078062409 0.475926360839224 0.494917641290782 0.455787324420181 0.396271041051133 0.323121413167266 0.284877288021568 0.272698646728545 0.282834609209053 0.301044645321698 0.313601654400911 0.319804491615157 0.331780446852534 0.399449618342402 0.05417268318648 0 0 0 0 0 0 0 0 0 0 0 0 0 0 0 0 0 0 0 0 0 0 0 0 0 0 0 0
0 0 0 0 0 0 0 0 0 0 0 0 0 0 0 0 0 0 0 0 0 0 0 0 0 0 0 0 0 0.00661874872728087 0.573660298029964 0.447165362385196 0.377907812720215 0.355703270887025 0.342243553521944 0.351333652868105 0.351626827244887 0.328776237264117 0.337914927978517 0.397114182214459 0.431166449624764 0.418712189726029 0.381611307391369 0.371899048906146 0.376216234804671 0.3815848013005 0.396804983629651 0.394579639836231 0.384651660500379 0.378256343402581 0.405287742517944 0.454707575799986 0.485222569062165 0.477500762207834 0.408000048461614 0.366295918039474 0.334813987878454 0.344719900063209 0.395063372855634 0.43614775687594 0.433929887047269 0.380860004097331 0.329945794613103 0.32601595417544 0.362326286890257 0.373645801493142 0.410044426180404 0.0769356842256932 0.0804249342580206 0.0966600892500234 0 0 0 0 0 0 0 0 0 0 0 0 0 0 0 0 0 0 0 0 0 0 0 0 0 0 0 0 0 0
0 0 0 0 0 0 0 0 0 0 0 0 0 0 0 0 0 0 0 0 0 0 0 0 0 0 0 0 0 0 0.0606694548971352 0.146645640268045 0.51893071643824 0.490117771783995 0.448396358601377 0.423483135707897 0.377959658215431 0.331830063199423 0.319374639963461 0.355079228156361 0.398354491677005 0.417989252557301 0.378892092220942 0.345873009421296 0.342119868702653 0.357211103570184 0.381078783496977 0.383332129747996 0.388508632660668 0.385115192427097 0.413719981045932 0.450499070162968 0.461534736740173 0.44735189868852 0.400202375204344 0.340339576880967 0.310843661180412 0.314357357416758 0.347150756462628 0.38958300874145 0.387224858766516 0.359743166031111 0.360024302389384 0.400539806219589 0.119188951180719 0.061766565216363 0 0 0 0 0 0 0 0 0 0 0 0 0 0 0 0 0 0 0 0 0 0 0 0 0 0 0 0 0 0 0 0 0 0
0 0 0 0 0 0 0 0 0 0 0 0 0 0 0 0 0 0 0 0 0 0 0 0 0 0 0 0 0 0 0 0 0.204951074342445 0.205639286703015 0.399733740107641 0.544971553020857 0.468428359849728 0.368744693088125 0.332641406349064 0.324941165222537 0.342719743421373 0.367749293324851 0.342455658130941 0.319857408255826 0.313302371347879 0.327797192303474 0.361719648650797 0.39598128769925 0.420121480260409 0.424733314090392 0.433402359847262 0.442993638763127 0.451034541589936 0.430723501005958 0.395197360257185 0.353236485524775 0.330963088488381 0.324773959589651 0.35296586698001 0.395509502284701 0.428297509265832 0.441649659013995 0.126746385657908 0 0 0 0 0 0 0 0 0 0 0 0 0 0 0 0 0 0 0 0 0 0 0 0 0 0 0 0 0 0 0 0 0 0 0 0 0
0 0 0 0 0 0 0 0 0 0 0 0 0 0 0 0 0 0 0 0 0 0 0 0 0 0 0 0 0 0 0 0 0 0 0 0.220917512570967 0.621587278751591 0.522281002211078 0.454520768437722 0.388742350189357 0.347586734887118 0.348860583050439 0.33186165053629 0.311889141033398 0.306048826680347 0.328128715082016 0.383002615100929 0.446361188278142 0.483713998153496 0.49462288109104 0.464812180776616 0.450456039816052 0.442049890482339 0.42632117062217 0.405869706844455 0.401630145499789 0.410830931033907 0.158000965954547 0.179557138745646 0.0468036708050091 0 0 0 0 0 0 0 0 0 0 0 0 0 0 0 0 0 0 0 0 0 0 0 0 0 0 0 0 0 0 0 0 0 0 0 0 0 0 0 0
0 0 0 0 0 0 0 0 0 0 0 0 0 0 0 0 0 0 0 0 0 0 0 0 0 0 0 0 0 0 0 0 0 0 0 0 0 0.115085346523678 0.282331458320369 0 0.267382929733792 0.304205045395782 0.184397425114564 0.17419068746696 0.365591253308533 0.409734897972856 0.482055845004148 0.519178042863262 0.586533317540124 0.607266577779654 0.5480705253797 0.517568768721097 0.499392375971323 0.47269613543911 0.339545421740569 0.201431086609128 0 0 0 0 0 0 0 0 0 0 0 0 0 0 0 0 0 0 0 0 0 0 0 0 0 0 0 0 0 0 0 0 0 0 0 0 0 0 0 0 0 0 0 0
0 0 0 0 0 0 0 0 0 0 0 0 0 0 0 0 0 0 0 0 0 0 0 0 0 0 0 0 0 0 0 0 0 0 0 0 0 0 0 0 0.0843860398526563 0.158575268366333 0 0 0 0 0 0 0 0 0 0 0 0 0 0 0 0 0 0 0 0 0 0 0 0 0 0 0 0 0 0 0 0 0 0 0 0 0 0 0 0 0 0 0 0 0 0 0 0 0 0 0 0 0 0 0 0 0 0
0 0 0 0 0 0 0 0 0 0 0 0 0 0 0 0 0 0 0 0 0 0 0 0 0 0 0 0 0 0 0 0 0 0 0 0 0 0 0 0 0 0 0 0 0 0 0 0 0 0 0 0 0 0 0 0 0 0 0 0 0 0 0 0 0 0 0 0 0 0 0 0 0 0 0 0 0 0 0 0 0 0 0 0 0 0 0 0 0 0 0 0 0 0 0 0 0 0 0 0
0 0 0 0 0 0 0 0 0 0 0 0 0 0 0 0 0 0 0 0 0 0 0 0 0 0 0 0 0 0 0 0 0 0 0 0 0 0 0 0 0 0 0 0 0 0 0 0 0 0 0 0 0 0 0 0 0 0 0 0 0 0 0 0 0 0 0 0 0 0 0 0 0 0 0 0 0 0 0 0 0 0 0 0 0 0 0 0 0 0 0 0 0 0 0 0 0 0 0 0
0 0 0 0 0 0 0 0 0 0 0 0 0 0 0 0 0 0 0 0 0 0 0 0 0 0 0 0 0 0 0 0 0 0 0 0 0 0 0 0 0 0 0 0 0 0 0 0 0 0 0 0 0 0 0 0 0 0 0 0 0 0 0 0 0 0 0 0 0 0 0 0 0 0 0 0 0 0 0 0 0 0 0 0 0 0 0 0 0 0 0 0 0 0 0 0 0 0 0 0
0 0 0 0 0 0 0 0 0 0 0 0 0 0 0 0 0 0 0 0 0 0 0 0 0 0 0 0 0 0 0 0 0 0 0 0 0 0 0 0 0 0 0 0 0 0 0 0 0 0 0 0 0 0 0 0 0 0 0 0 0 0 0 0 0 0 0 0 0 0 0 0 0 0 0 0 0 0 0 0 0 0 0 0 0 0 0 0 0 0 0 0 0 0 0 0 0 0 0 0
0 0 0 0 0 0 0 0 0 0 0 0 0 0 0 0 0 0 0 0 0 0 0 0 0 0 0 0 0 0 0 0 0 0 0 0 0 0 0 0 0 0 0 0 0 0 0 0 0 0 0 0 0 0 0 0 0 0 0 0 0 0 0 0 0 0 0 0 0 0 0 0 0 0 0 0 0 0 0 0 0 0 0 0 0 0 0 0 0 0 0 0 0 0 0 0 0 0 0 0
0 0 0 0 0 0 0 0 0 0 0 0 0 0 0 0 0 0 0 0 0 0 0 0 0 0 0 0 0 0 0 0 0 0 0 0 0 0 0 0 0 0 0 0 0 0 0 0 0 0 0 0 0 0 0 0 0 0 0 0 0 0 0 0 0 0 0 0 0 0 0 0 0 0 0 0 0 0 0 0 0 0 0 0 0 0 0 0 0 0 0 0 0 0 0 0 0 0 0 0
0 0 0 0 0 0 0 0 0 0 0 0 0 0 0 0 0 0 0 0 0 0 0 0 0 0 0 0 0 0 0 0 0 0 0 0 0 0 0 0 0 0 0 0 0 0 0 0 0 0 0 0 0 0 0 0 0 0 0 0 0 0 0 0 0 0 0 0 0 0 0 0 0 0 0 0 0 0 0 0 0 0 0 0 0 0 0 0 0 0 0 0 0 0 0 0 0 0 0 0
0 0 0 0 0 0 0 0 0 0 0 0 0 0 0 0 0 0 0 0 0 0 0 0 0 0 0 0 0 0 0 0 0 0 0 0 0 0 0 0 0 0 0 0 0 0 0 0 0 0 0 0 0 0 0 0 0 0 0 0 0 0 0 0 0 0 0 0 0 0 0 0 0 0 0 0 0 0 0 0 0 0 0 0 0 0 0 0 0 0 0 0 0 0 0 0 0 0 0 0
0 0 0 0 0 0 0 0 0 0 0 0 0 0 0 0 0 0 0 0 0 0 0 0 0 0 0 0 0 0 0 0 0 0 0 0 0 0 0 0 0 0 0 0 0 0 0 0 0 0 0 0 0 0 0 0 0 0 0 0 0 0 0 0 0 0 0 0 0 0 0 0 0 0 0 0 0 0 0 0 0 0 0 0 0 0 0 0 0 0 0 0 0 0 0 0 0 0 0 0
0 0 0 0 0 0 0 0 0 0 0 0 0 0 0 0 0 0 0 0 0 0 0 0 0 0 0 0 0 0 0 0 0 0 0 0 0 0 0 0 0 0 0 0 0 0 0 0 0 0 0 0 0 0 0 0 0 0 0 0 0 0 0 0 0 0 0 0 0 0 0 0 0 0 0 0 0 0 0 0 0 0 0 0 0 0 0 0 0 0 0 0 0 0 0 0 0 0 0 0
0 0 0 0 0 0 0 0 0 0 0 0 0 0 0 0 0 0 0 0 0 0 0 0 0 0 0 0 0 0 0 0 0 0 0 0 0 0 0 0 0 0 0 0 0 0 0 0 0 0 0 0 0 0 0 0 0 0 0 0 0 0 0 0 0 0 0 0 0 0 0 0 0 0 0 0 0 0 0 0 0 0 0 0 0 0 0 0 0 0 0 0 0 0 0 0 0 0 0 0
0 0 0 0 0 0 0 0 0 0 0 0 0 0 0 0 0 0 0 0 0 0 0 0 0 0 0 0 0 0 0 0 0 0 0 0 0 0 0 0 0 0 0 0 0 0 0 0 0 0 0 0 0 0 0 0 0 0 0 0 0 0 0 0 0 0 0 0 0 0 0 0 0 0 0 0 0 0 0 0 0 0 0 0 0 0 0 0 0 0 0 0 0 0 0 0 0 0 0 0
0 0 0 0 0 0 0 0 0 0 0 0 0 0 0 0 0 0 0 0 0 0 0 0 0 0 0 0 0 0 0 0 0 0 0 0 0 0 0 0 0 0 0 0 0 0 0 0 0 0 0 0 0 0 0 0 0 0 0 0 0 0 0 0 0 0 0 0 0 0 0 0 0 0 0 0 0 0 0 0 0 0 0 0 0 0 0 0 0 0 0 0 0 0 0 0 0 0 0 0
