0 0 0 0 0 0 0 0 0 0 0 0 0 0 0 0 0 0 0 0 0 0 0 0 0 0 0 0 0 0 0 0 0 0 0 0 0 0 0 0 0 0 0 0 0 0 0 0 0 0 0 0 0 0 0 0 0 0 0 0 0 0 0 0 0 0 0 0 0 0 0 0 0 0 0 0 0 0 0 0 0 0 0 0 0 0 0 0 0 0 0 0 0 0 0 0 0 0 0 0
0 0 0 0 0 0 0 0 0 0 0 0 0 0 0 0 0 0 0 0 0 0 0 0 0 0 0 0 0 0 0 0 0 0 0 0 0 0 0 0 0 0 0 0 0 0 0 0 0 0 0 0 0 0 0 0 0 0 0 0 0 0 0 0 0 0 0 0 0 0 0 0 0 0 0 0 0 0 0 0 0 0 0 0 0 0 0 0 0 0 0 0 0 0 0 0 0 0 0 0
0 0 0 0 0 0 0 0 0 0 0 0 0 0 0 0 0 0 0 0 0 0 0 0 0 0 0 0 0 0 0 0 0 0 0 0 0 0 0 0 0 0 0 0 0 0 0 0 0 0 0 0 0 0 0 0 0 0 0 0 0 0 0 0 0 0 0 0 0 0 0 0 0 0 0 0 0 0 0 0 0 0 0 0 0 0 0 0 0 0 0 0 0 0 0 0 0 0 0 0
0 0 0 0 0 0 0 0 0 0 0 0 0 0 0 0 0 0 0 0 0 0 0 0 0 0 0 0 0 0 0 0 0 0 0 0 0 0 0 0 0 0 0 0 0 0 0 0 0 0 0 0 0 0 0 0 0 0 0 0 0 0 0 0 0 0 0 0 0 0 0 0 0 0 0 0 0 0 0 0 0 0 0 0 0 0 0 0 0 0 0 0 0 0 0 0 0 0 0 0
0 0 0 0 0 0 0 0 0 0 0 0 0 0 0 0 0 0 0 0 0 0 0 0 0 0 0 0 0 0 0 0 0 0 0 0 0 0 0 0 0 0 0 0 0 0 0 0 0 0 0 0 0 0 0 0 0 0 0 0 0 0 0 0 0 0 0 0 0 0 0 0 0 0 0 0 0 0 0 0 0 0 0 0 0 0 0 0 0 0 0 0 0 0 0 0 0 0 0 0
0 0 0 0 0 0 0 0 0 0 0 0 0 0 0 0 0 0 0 0 0 0 0 0 0 0 0 0 0 0 0 0 0 0 0 0 0 0 0 0 0 0 0 0 0 0 0 0 0 0 0 0 0 0 0 0 0 0 0 0 0 0 0 0 0 0 0 0 0 0 0 0 0 0 0 0 0 0 0 0 0 0 0 0 0 0 0 0 0 0 0 0 0 0 0 0 0 0 0 0
0 0 0 0 0 0 0 0 0 0 0 0 0 0 0 0 0 0 0 0 0 0 0 0 0 0 0 0 0 0 0 0 0 0 0 0 0 0 0 0 0 0 0 0 0 0 0 0 0 0 0 0 0 0 0 0 0 0 0 0 0 0 0 0 0 0 0 0 0 0 0 0 0 0 0 0 0 0 0 0 0 0 0 0 0 0 0 0 0 0 0 0 0 0 0 0 0 0 0 0
0 0 0 0 0 0 0 0 0 0 0 0 0 0 0 0 0 0 0 0 0 0 0 0 0 0 0 0 0 0 0 0 0 0 0 0 0 0 0 0 0 0 0 0 0 0 0 0 0 0 0 0 0 0 0 0 0 0 0 0 0 0 0 0 0 0 0 0 0 0 0 0 0 0 0 0 0 0 0 0 0 0 0 0 0 0 0 0 0 0 0 0 0 0 0 0 0 0 0 0
0 0 0 0 0 0 0 0 0 0 0 0 0 0 0 0 0 0 0 0 0 0 0 0 0 0 0 0 0 0 0 0 0 0 0 0 0 0 0 0 0 0 0 0 0 0 0 0 0 0 0 0 0 0 0 0 0 0 0 0 0 0 0 0 0 0 0 0 0 0 0 0 0 0 0 0 0 0 0 0 0 0 0 0 0 0 0 0 0 0 0 0 0 0 0 0 0 0 0 0
0 0 0 0 0 0 0 0 0 0 0 0 0 0 0 0 0 0 0 0 0 0 0 0 0 0 0 0 0 0 0 0 0 0 0 0 0 0 0 0 0 0 0 0 0 0 0 0 0 0 0 0 0 0 0 0 0 0 0 0 0 0 0 0 0 0 0 0 0 0 0 0 0 0 0 0 0 0 0 0 0 0 0 0 0 0 0 0 0 0 0 0 0 0 0 0 0 0 0 0
0 0 0 0 0 0 0 0 0 0 0 0 0 0 0 0 0 0 0 0 0 0 0 0 0 0 0 0 0 0 0 0 0 0 0 0 0 0 0 0 0 0 0 0 0 0 0 0 0 0 0 0 0 0 0 0 0 0 0 0 0 0 0 0 0 0 0 0 0 0 0 0 0 0 0 0 0 0 0 0 0 0 0 0 0 0 0 0 0 0 0 0 0 0 0 0 0 0 0 0
0 0 0 0 0 0 0 0 0 0 0 0 0 0 0 0 0 0 0 0 0 0 0 0 0 0 0 0 0 0 0 0 0 0 0 0 0 0 0 0 0 0 0 0 0 0 0 0 0 0 0 0 0 0 0 0 0 0 0 0 0 0 0 0 0 0 0 0 0 0 0 0 0 0 0 0 0 0 0 0 0 0 0 0 0 0 0 0 0 0 0 0 0 0 0 0 0 0 0 0
0 0 0 0 0 0 0 0 0 0 0 0 0 0 0 0 0 0 0 0 0 0 0 0 0 0 0 0 0 0 0 0 0 0 0 0 0 0 0 0 0 0 0 0 0 0 0 0 0 0 0 0 0 0 0 0 0 0 0 0 0 0 0 0 0 0 0 0 0 0 0 0 0 0 0 0 0 0 0 0 0 0 0 0 0 0 0 0 0 0 0 0 0 0 0 0 0 0 0 0
0 0 0 0 0 0 0 0 0 0 0 0 0 0 0 0 0 0 0 0 0 0 0 0 0 0 0 0 0 0 0 0 0 0 0 0 0 0 0 0.362853231920508 0.357475894600295 0.345871522622926 0.347691820425878 0 0 0 0 0 0 0 0 0 0 0 0 0 0 0 0 0 0 0 0 0 0 0 0 0 0 0 0 0 0 0 0 0 0 0 0 0 0 0 0 0 0 0 0 0 0 0 0 0 0 0 0 0 0 0 0 0
0 0 0 0 0 0 0 0 0 0 0 0 0 0 0 0 0 0 0 0 0 0 0 0 0 0 0 0 0 0 0 0 0 0 0 0.261712274439033 0.323920177334347 0.597610270731791 0.561048893208014 0.525407560140302 0.496402238759366 0.464955149487815 0.444614545899776 0.477362556604065 0.482851496038316 0.512586210937341 0.544728758532602 0.589108061409263 0.604164794232657 0.622066623381036 0.598551644687759 0.598560661510197 0.576759493996588 0 0 0 0 0 0 0 0 0 0 0 0 0 0 0 0 0 0 0 0 0 0 0 0 0 0 0 0 0 0 0 0 0 0 0 0 0 0 0 0 0 0 0 0 0 0 0
0 0 0 0 0 0 0 0 0 0 0 0 0 0 0 0 0 0 0 0 0 0 0 0 0 0 0 0 0 0 0 0 0 0.265767645090997 0.624518850282614 0.542817111565476 0.479151794123651 0.446800235483093 0.415604498143447 0.37334478835607 0.337244285786679 0.298053125369365 0.275412117367277 0.28213587029616 0.285031887218417 0.334035099047639 0.371614807894105 0.415483510980433 0.435236668555634 0.446609537442264 0.441021433552213 0.443761419950487 0.44543188201504 0.441988362194695 0.357489491238676 0.173306444345919 0.180653979057222 0.200014406507535 0 0 0 0 0 0 0 0 0 0 0 0 0 0 0 0 0 0 0 0 0 0 0 0 0 0 0 0 0 0 0 0 0 0 0 0 0 0 0 0 0 0
0 0 0 0 0 0 0 0 0 0 0 0 0 0 0 0 0 0 0 0 0 0 0 0 0 0 0 0 0 0 0 0.141540505234171 0.577655949266354 0.509831167650794 0.439327354211476 0.374903707576986 0.339150169880074 0.382116103167763 0.375152678775906 0.337724447165439 0.300215416434375 0.252002897975883 0.215698953814611 0.199576091856922 0.219864337867831 0.262709080311695 0.307616450708776 0.332489090295206 0.340953000604768 0.349015458222907 0.355095709649046 0.384786011602182 0.411537661056335 0.408194812101623 0.367842487811049 0.333364015390905 0.344174882107374 0.371339532496309 0.409484222175072 0.454403650662621 0.48773271357207 0.168259365373293 0.0683489227576124 0 0 0 0 0 0 0 0 0 0 0 0 0 0 0 0 0 0 0 0 0 0 0 0 0 0 0 0 0 0 0 0 0 0 0 0 0
0 0 0 0 0 0 0 0 0 0 0 0 0 0 0 0 0 0 0 0 0 0 0 0 0 0 0 0 0 0 0.317357691952222 0.529261367175889 0.441360367029933 0.352880935419353 0.313317556432226 0.299736680895068 0.339836363604579 0.399467298129078 0.427820194121766 0.379535600658495 0.32613909276347 0.2625700632768 0.237311379118418 0.22445631656756 0.242974925601142 0.280756653073406 0.31724633367743 0.309606480792381 0.29439967292477 0.301577150718166 0.336275918220129 0.39714180496902 0.450519120141642 0.4402960257421 0.360565093629299 0.28462922576296 0.262829650714194 0.284099103283614 0.33147085466926 0.371219662993575 0.384004992510037 0.398056206355464 0.440342770586971 0.118065232619448 0.14159747541524 0 0 0 0 0 0 0 0 0 0 0 0 0 0 0 0 0 0 0 0 0 0 0 0 0 0 0 0 0 0 0 0 0 0 0
0 0 0 0 0 0 0 0 0 0 0 0 0 0 0 0 0 0 0 0 0 0 0 0 0 0 0 0.0663988107794375 0.125795763330919 0.599097789831507 0.473233659785629 0.366389071000005 0.294255356452627 0.277638476193358 0.302373268160931 0.336108892821886 0.412150019622534 0.470684223889073 0.492135224758729 0.45728265302102 0.37419580168958 0.28644536639752 0.251833292734484 0.245119148838919 0.278296935393075 0.307798877916407 0.333349298321156 0.315676643067309 0.286314582506927 0.300068374066349 0.354984010844038 0.43314073420488 0.501169609539619 0.505886402232673 0.41007429209891 0.311006383545064 0.281768909584404 0.313151114509939 0.3725494643165 0.39627541622192 0.362907706331244 0.310225416134907 0.275280873840195 0.31230764159684 0.379151067053418 0.453668426335753 0.526680212666485 0.105292875145467 0.119895539914182 0 0 0 0 0 0 0 0 0 0 0 0 0 0 0 0 0 0 0 0 0 0 0 0 0 0 0 0 0 0 0
0 0 0 0 0 0 0 0 0 0 0 0 0 0 0 0 0 0 0 0 0 0 0 0 0 0 0.0851899844136401 0.593325569147891 0.499310000336876 0.416798195569 0.341592522954233 0.270348771172582 0.249325227705803 0.27986225713531 0.330519454975632 0.383264077846019 0.453073796116312 0.508656048238037 0.53775994275103 0.492084837850944 0.396580692103719 0.288666938496971 0.247760075855691 0.256806200964945 0.286596310070737 0.331984204089201 0.360879290666118 0.332813297218181 0.300691060227768 0.312958395623929 0.377301256888932 0.46497198790463 0.538105836488475 0.555151243574374 0.464805289953301 0.376587920686855 0.363781611506212 0.418593828843815 0.485786416832041 0.479144211097715 0.396793281890551 0.279510097323639 0.209100456355687 0.211215117252978 0.251346646793111 0.300887204914188 0.352354385533203 0.396333370490351 0.464011079534813 0.534256299815531 0.0898787613463614 0 0 0 0 0 0 0 0 0 0 0 0 0 0 0 0 0 0 0 0 0 0 0 0 0 0 0 0 0
0 0 0 0 0 0 0 0 0 0 0 0 0 0 0 0 0 0 0 0 0 0 0 0 0 0.0387418601719362 0.527240517201692 0.424820492304087 0.35251303624747 0.296755154744946 0.274380649244428 0.250970072513596 0.266762001542927 0.293142676306201 0.350672124578696 0.418765027656934 0.473560694694689 0.528481634976734 0.548009003051236 0.490272029273618 0.384537966908349 0.273037983962139 0.24142682423628 0.256489060079799 0.288085930085311 0.340478799926426 0.376957062239657 0.34556338003167 0.319550452289977 0.342688043510964 0.403617455028563 0.479709086386763 0.548156771986449 0.581710279013611 0.534714404299927 0.466315692974589 0.479689880937815 0.536427596579311 0.572055132134807 0.530098365221752 0.419749717409995 0.270819835491212 0.202898029615259 0.213056905886907 0.2513865667388 0.254207323935001 0.23774324209467 0.252556851250134 0.286523259209834 0.314061208327444 0.361461695241707 0.494677860956795 0.0153594751874696 0 0 0 0 0 0 0 0 0 0 0 0 0 0 0 0 0 0 0 0 0 0 0 0 0 0 0
0 0 0 0 0 0 0 0 0 0 0 0 0 0 0 0 0 0 0 0 0 0 0 0 0.38078024125344 0.506259287099407 0.343450909628281 0.307097310010376 0.302192598417704 0.284452323856363 0.276573083298066 0.269129813555218 0.269537288692963 0.280880204377985 0.334526795101576 0.408989660383156 0.487423054760832 0.530988835846035 0.556015648497232 0.502329899922006 0.380789761014943 0.2886330431521 0.237824858720165 0.279856486116089 0.310171518608013 0.357786910883541 0.380196077516245 0.348600876131498 0.327473303716867 0.370677319873618 0.420941370557886 0.475519572870601 0.541947502614726 0.590314506882641 0.589407901111801 0.565901502552736 0.583022725743164 0.612963049903787 0.59538510042446 0.528549455361363 0.382480925632976 0.249147750047318 0.204279288937722 0.250525320788951 0.301698143401758 0.295374300277205 0.256170487760096 0.240078484860949 0.255880173787637 0.254460720280072 0.250993019144608 0.295231667438579 0.408305445599281 0.0934533396980533 0 0 0 0 0 0 0 0 0 0 0 0 0 0 0 0 0 0 0 0 0 0 0 0 0 0
0 0 0 0 0 0 0 0 0 0 0 0 0 0 0 0 0 0 0 0 0 0 0 0.600064696050878 0.479029138056958 0.347039842428504 0.27085014725639 0.266958447705629 0.301804414513873 0.322419816122311 0.308529566369983 0.282433106870342 0.255951377619451 0.250684220587436 0.301160062704232 0.394022346224908 0.479360334826574 0.537010461582462 0.569760508723249 0.524286674865743 0.401837623638097 0.286398568616955 0.244155385384932 0.283981638314836 0.32784789979758 0.368909410339336 0.383841842884613 0.352519114430957 0.343614327382945 0.392152886755703 0.438275579330594 0.488713360296733 0.548232377269673 0.600831120954738 0.635925648350055 0.636036973027604 0.654633324883456 0.660539759439248 0.606400980657602 0.479618942526751 0.309882240131422 0.198719035480054 0.179617486024878 0.287118978576172 0.382635920843918 0.391768179202621 0.347985538593833 0.326987691661004 0.332785336497322 0.299973733369031 0.222956432268525 0.194709886138854 0.228047311103618 0.340922479665554 0.433487434671768 0 0 0 0 0 0 0 0 0 0 0 0 0 0 0 0 0 0 0 0 0 0 0 0 0
0 0 0 0 0 0 0 0 0 0 0 0 0 0 0 0 0 0 0 0 0 0 0.641399515644154 0.482847116387742 0.336406730520101 0.253445560748454 0.240042802994914 0.277731849553121 0.315285261314507 0.329218397833281 0.32324978905432 0.288270471694527 0.242993036997384 0.23966005669262 0.289086537060801 0.381727624342953 0.481665367665629 0.555962168752128 0.5893104376762 0.557437368854134 0.41955001164908 0.30248790539203 0.258077668313737 0.298605528790871 0.344468678343259 0.379672953644934 0.373007042608707 0.350014285826474 0.364646560255686 0.39978144819976 0.457839772109353 0.491250900340146 0.54904278485977 0.608933790477165 0.656643086241632 0.68963153636026 0.705972002786796 0.689777917878249 0.622317521578359 0.457344891919331 0.27568376973798 0.155293203204527 0.176683317538718 0.315100944945865 0.456718242861229 0.476850651185051 0.428413125658028 0.396494326068262 0.394642168878633 0.331286420342582 0.234789510095634 0.178503778467144 0.144380201768212 0.187124975926191 0.284468331004479 0.404332964215454 0.442194325640798 0 0 0 0 0 0 0 0 0 0 0 0 0 0 0 0 0 0 0 0 0 0 0
0 0 0 0 0 0 0 0 0 0 0 0 0 0 0 0 0 0 0 0 0 0.594473214860741 0.464314551389244 0.340321448939742 0.275241005003238 0.229153481376667 0.251017024759084 0.286497163297095 0.320742294915607 0.340650535424252 0.329089875894407 0.300460921743261 0.252589344462227 0.252197120228323 0.302112792672987 0.402022293465948 0.51326121825799 0.586837777843794 0.619815515767169 0.579275626444262 0.441616395358938 0.310484041283247 0.263186887201532 0.316591681194148 0.353460289779884 0.372702192881205 0.369898953140176 0.350217122694042 0.382261268307926 0.430484825115595 0.461599509960144 0.483573858138638 0.528923170415883 0.598069162174174 0.66413475314521 0.707527969794891 0.728243225453258 0.707285113448923 0.622237550477174 0.444238233494681 0.294798549388939 0.187628224933827 0.232140060029663 0.382393571188374 0.515599851885834 0.531038504967975 0.49440322372657 0.456667405148554 0.427645234670451 0.353541889292789 0.264971930392798 0.192225077873772 0.155884082688147 0.171150103822609 0.203911784555683 0.248674135641749 0.327426245663899 0.379915144154591 0 0 0 0 0 0 0 0 0 0 0 0 0 0 0 0 0 0 0 0 0 0
0 0 0 0 0 0 0 0 0 0 0 0 0 0 0 0 0 0 0 0 0.552851405189837 0.494580645765496 0.350070811616081 0.2970475953282 0.273350141525528 0.250030133583514 0.251673347949572 0.287931672384521 0.31994297637696 0.342480393231001 0.355124005689837 0.322802828591937 0.279687133230036 0.286082316406327 0.344982068038834 0.445673810408191 0.56094390270621 0.630809275008512 0.660527337943362 0.615810577309044 0.470998114097299 0.328023535055157 0.271879057784431 0.315259199853056 0.346387073368295 0.358510938093437 0.35344906806283 0.347801888414494 0.379576503145753 0.425802501112154 0.442387937589289 0.444864654667475 0.487464020540851 0.578073063490479 0.651755430813245 0.70109082688325 0.724130868887691 0.706323944251395 0.63151587023892 0.483356945784728 0.351312643201728 0.294366163476259 0.344617533521665 0.498367684540644 0.583450785864761 0.586456493010356 0.533206100875784 0.468907470068045 0.409279994282922 0.333602295788697 0.256810458848994 0.210799839927439 0.18845654177807 0.211989432500722 0.229397686861803 0.194207265262228 0.183033572930804 0.266462624467243 0.446306940346062 0.440026412321221 0 0 0 0 0 0 0 0 0 0 0 0 0 0 0 0 0 0 0 0
0 0 0 0 0 0 0 0 0 0 0 0 0 0 0 0 0 0 0 0.485379838143923 0.525835919184104 0.39219882846034 0.337567735159294 0.328907150456292 0.300859315077483 0.271969556063649 0.264781509066223 0.288218292552214 0.317844410325109 0.367232109229964 0.386880531742963 0.35506302277526 0.330261039891148 0.35400285682245 0.407364510394417 0.505687227622944 0.613574268800862 0.681810887135996 0.694522320257444 0.640984716044073 0.508407401172381 0.345893467751376 0.284143848792457 0.30838506218108 0.308395075960364 0.31778840333146 0.329918639000404 0.334054232610572 0.371657364672403 0.409495080431646 0.40532104315829 0.407243626882971 0.454256238481157 0.54213729169414 0.620283652626183 0.672554206671699 0.698633449010111 0.692015365893104 0.648683121497922 0.562374788063597 0.45679705125604 0.424311272114335 0.485348016383672 0.59535098738551 0.659622895771338 0.641170501350861 0.571546332966879 0.477638734548989 0.386207571053833 0.319978657204679 0.278290397314836 0.22221827763355 0.230614776374588 0.27055109961122 0.279081925289707 0.229788361490304 0.16091386649004 0.171074210800661 0.275709938671371 0.454443009983895 0.418402204963483 0 0 0 0 0 0 0 0 0 0 0 0 0 0 0 0 0 0 0
0 0 0 0 0 0 0 0 0 0 0 0 0 0 0 0 0 0 0.357782528360487 0.551216577922643 0.423700584248871 0.397533480012925 0.39004731748594 0.385303150856828 0.343161879808873 0.30047667977379 0.287911403511105 0.311097578681008 0.349015500558539 0.421578342362938 0.444470672744576 0.433650482345475 0.439992680231208 0.445788851570923 0.498513301670891 0.578910417095136 0.666832850163119 0.715983319858719 0.720279241633092 0.657172257548968 0.545460132473206 0.385846762059506 0.299689872507969 0.288383614732787 0.26787831912252 0.271534460731217 0.292904222870093 0.307496978710747 0.35093081029083 0.371347983254601 0.355977337390047 0.348842594668852 0.399543567137982 0.487567328817053 0.556583691396685 0.603401946627402 0.645067864298991 0.668106039919611 0.665248386552387 0.628495708629256 0.58162323933205 0.569862155309908 0.60288337102496 0.667417827117657 0.711485922760242 0.675141010538484 0.605207384739184 0.513989333230166 0.408057382814303 0.365222897068512 0.31695993335548 0.282011356249602 0.288666443407686 0.336738063415067 0.331701035626823 0.280335074311955 0.185785723068264 0.163306193065704 0.20734960050695 0.294135550281536 0.442045183994056 0.540552476567963 0 0 0 0 0 0 0 0 0 0 0 0 0 0 0 0 0 0
0 0 0 0 0 0 0 0 0 0 0 0 0 0 0 0 0 0 0.643885891273674 0.440958167691626 0.395093449386023 0.449198896930293 0.480872181115403 0.464627433030865 0.40254110428177 0.354046922600353 0.331262261380373 0.357230599486668 0.422775081319285 0.495999700062639 0.541751396511723 0.541441643099342 0.547475286306586 0.547515915292727 0.592069641298668 0.642402594152717 0.706329737748613 0.749493962494289 0.748250992684696 0.694638627841621 0.583964160389935 0.44427996140723 0.326296196289442 0.266614017665911 0.226184381747412 0.227632581875005 0.250572800375621 0.283526521153685 0.310006058484254 0.331521541791027 0.319663202811755 0.307570948640563 0.350202191909244 0.447695173486824 0.503806456255058 0.542978608330579 0.591201675305208 0.64896841434364 0.672244021903886 0.679601293649325 0.664949912270162 0.65797491141259 0.692740023138937 0.712707645674854 0.742195001524672 0.701366151842518 0.621962003125369 0.542873315689742 0.448507932044639 0.420647481684082 0.403378535046233 0.358576524470416 0.373578388380161 0.408228823278855 0.383416421526591 0.329956242695561 0.244117666757596 0.209286817868097 0.212950807921611 0.228643369506508 0.269429191645453 0.433084391891046 0.462262334909562 0 0 0 0 0 0 0 0 0 0 0 0 0 0 0 0 0
0 0 0 0 0 0 0 0 0 0 0 0 0 0 0 0 0 0.391361785624174 0.516486379094694 0.378401457002405 0.413675248445482 0.499977595808004 0.545708883459818 0.524053524542953 0.475335430794029 0.43023285284581 0.418141158005588 0.449726299896949 0.517734790845909 0.578621589904371 0.628708302877164 0.623679192289586 0.639952491708347 0.650168998299761 0.670010927635738 0.708378069437204 0.752370749204861 0.773358470246886 0.768472024638571 0.731898514397513 0.630999957381979 0.504212278188163 0.376634316679917 0.278015088059435 0.210767353692579 0.193664962930137 0.215838769621443 0.256238201301004 0.291595618996235 0.306218613617719 0.297696985307246 0.299092829727194 0.333154824664317 0.412322266071059 0.471025672327761 0.512689390179921 0.566423821536381 0.625841490195062 0.674069476064838 0.70948523287987 0.718039209525778 0.722836940898537 0.739343251912426 0.755124698249452 0.756914247547933 0.722237043635591 0.655959503978047 0.586954459756687 0.516079806551703 0.505803384625516 0.488534154751632 0.460360539162022 0.466537078723362 0.475216090641711 0.444817758102674 0.394848605969989 0.334824319133514 0.298470559216733 0.282631351617751 0.245529812863186 0.210720790706346 0.255180599967456 0.424242323623928 0.369890891094679 0 0 0 0 0 0 0 0 0 0 0 0 0 0 0 0
0 0 0 0 0 0 0 0 0 0 0 0 0 0 0 0 0.0713683613677344 0.562740601354683 0.395785425556883 0.35100086137674 0.430337937695145 0.518377199828848 0.567513806518992 0.571495774208148 0.539875059712035 0.522193531773691 0.530926450442126 0.55080255625462 0.600129266410743 0.6599508250834 0.692278929932837 0.703020480510523 0.71287185106914 0.710497592121043 0.734652457429698 0.755918495567493 0.780001510071024 0.791912761589617 0.785165469386596 0.756389237925859 0.689371945641523 0.583361860659782 0.456133399676617 0.332682100242235 0.244489711499486 0.187080630160377 0.207418141055043 0.247638239917823 0.295789136824102 0.320077745929924 0.324708707289336 0.327584770124223 0.371426732700782 0.432383631299951 0.478355299714062 0.520787411152569 0.567351001256998 0.619568361472179 0.677322833955626 0.726592684204292 0.74980806961806 0.761231301906097 0.766936312023216 0.770969777283183 0.764384403755897 0.733583171379634 0.682078243512964 0.624565975263004 0.599927265313753 0.601660106982189 0.582680990572267 0.550439698295597 0.555575243236549 0.551045365502209 0.517298400424539 0.462281940240989 0.417540423609023 0.383227491475803 0.37316494282958 0.311118016042474 0.237969524910527 0.18926277300211 0.282215312863437 0.487176580210887 0 0 0 0 0 0 0 0 0 0 0 0 0 0 0 0
0 0 0 0 0 0 0 0 0 0 0 0 0 0 0 0 0.305129760851833 0.416572966107982 0.307890713585459 0.329992912855159 0.42367946663392 0.501563743648011 0.569344014711968 0.595032955832588 0.604316216881902 0.603714950495095 0.630102030760294 0.657191496863105 0.691640618858355 0.731315725500203 0.75020621985337 0.755155586474041 0.766603455654112 0.769640626612419 0.779266955842918 0.793999874650602 0.803534124297668 0.807464717058656 0.801094934406435 0.786155903565389 0.745309103160423 0.666958236351133 0.546889963907452 0.435445168094772 0.328929893845562 0.250093316445134 0.233168189254811 0.276461503595842 0.34786311892392 0.406978920851353 0.417311062146481 0.421100635140784 0.459765208757896 0.504254255603118 0.550451162889272 0.575190303693268 0.616805035091401 0.65069387713608 0.697792317658258 0.736442073596368 0.76467143400015 0.776583093799031 0.782876918892471 0.7797875722474 0.766501925951403 0.748313720245539 0.715147449733279 0.678828180455218 0.668704073717405 0.675771883928265 0.667314033513505 0.632455687363089 0.633675846567946 0.61312604661357 0.576692739043183 0.525122093512975 0.481252286937737 0.444932622726972 0.41508660877254 0.357462691823659 0.274231860834785 0.190566872687583 0.212822556248674 0.348279002209528 0 0 0 0 0 0 0 0 0 0 0 0 0 0 0 0
0 0 0 0 0 0 0 0 0 0 0 0 0 0 0 0 0.551561504802362 0.34827994690698 0.285311104817875 0.310060433086344 0.359091685935498 0.438828777867988 0.519475481463303 0.5869122777845 0.621239690075147 0.653963929272879 0.686678268826163 0.718917053669653 0.744331966770264 0.766171856840938 0.781822727044366 0.790878711125355 0.79371864665404 0.799070472978704 0.812490413342882 0.814632328794732 0.817057892088994 0.819865190712303 0.817407664460213 0.805228479028372 0.779188966886321 0.727811680155204 0.63517483434695 0.532106313474882 0.421327086612249 0.351399465685163 0.319303518640297 0.364064534514636 0.452578735298553 0.526363454860151 0.550340690981206 0.559943757808585 0.59308382257182 0.616514500263653 0.642956066675196 0.660630694667232 0.679635380269093 0.705976336114416 0.736772736062284 0.76147907974199 0.776195700626333 0.787329608995748 0.787483819102309 0.789946793969206 0.775300587567115 0.763636276364536 0.749219841318745 0.732202360175617 0.734694012294072 0.739001015699448 0.729268262815672 0.705071233275082 0.686283257999859 0.659805621197571 0.630985773924866 0.577648903317123 0.521826257346613 0.491983217925427 0.436461860648523 0.358263941903441 0.292766013591477 0.214062563416407 0.188373099832303 0.283993073164782 0.483856953279835 0 0 0 0 0 0 0 0 0 0 0 0 0 0 0
0 0 0 0 0 0 0 0 0 0 0 0 0 0 0 0.702982182547298 0.461457417791373 0.314631280512336 0.299630516589512 0.284140175991134 0.307148529023842 0.362483119384374 0.460845858145407 0.535435518317543 0.611912733587553 0.67615840407932 0.728817485198813 0.757924068233381 0.777314443894349 0.792272763613708 0.800755406121969 0.801020468457142 0.808874391921745 0.816947623644303 0.820879286662488 0.823216347986791 0.824732209939705 0.82554751599044 0.823328763544536 0.816273682719325 0.803316398775733 0.767936810992315 0.712385973537314 0.640803648411526 0.547085062501631 0.497073046854127 0.471104539667917 0.510444265848724 0.58384791763319 0.666417485951098 0.691604822332766 0.691281577675867 0.707315898107467 0.717873177535319 0.733760362067136 0.729809275733258 0.738627088559301 0.74998319303431 0.75806798182778 0.778180491724492 0.787984198641847 0.799186848387554 0.795121005044859 0.795378509887908 0.790227854763148 0.786665044604784 0.782776880062024 0.767150045467405 0.771848455927853 0.777511192415719 0.764984583310984 0.744578120426701 0.727958172694193 0.705523870564833 0.666458032020181 0.613084197749281 0.544727982987012 0.483258187589491 0.422582444821417 0.356068616210106 0.290990467197809 0.229375055012843 0.182787131486121 0.24897283244787 0.393258115830254 0.439485729420339 0 0 0 0 0 0 0 0 0 0 0 0 0 0
0 0 0 0 0 0 0 0 0 0 0 0 0 0 0.0450487424793709 0.598074620928535 0.414108187263569 0.356002319516218 0.351802831994187 0.315879091797666 0.288674154662571 0.317617513813237 0.382489794205773 0.479691821560572 0.588708657752663 0.673815586740938 0.741724015390235 0.780962767963869 0.791508226507536 0.798488081379784 0.799353952713611 0.799100220232128 0.799976484467594 0.814032805354087 0.821109066902614 0.823786812879359 0.824577359619301 0.827693544977131 0.827102066551831 0.822896717252989 0.812842744626446 0.795626301939387 0.764544999199517 0.715233156146897 0.662305603481738 0.616254810331874 0.600718262316675 0.6477860644779 0.699759547603759 0.754650628395165 0.771849831615133 0.772343375334263 0.771974962185721 0.765514481240516 0.762887595327737 0.76353067683145 0.757834525559466 0.758919523913873 0.77364329037438 0.790158148777188 0.799055192281813 0.804084169625801 0.80019816918974 0.798135146130572 0.797084198997009 0.802024925769094 0.797049751009648 0.788737512647369 0.791369374893044 0.794908873493983 0.781915873858833 0.771622700874702 0.750582671395922 0.724202883371222 0.687635175774125 0.637781482510879 0.569042408088396 0.48864107556802 0.388732481144376 0.311930432749728 0.244689125941775 0.193572828045728 0.170912167572959 0.235490575526212 0.357933710185343 0.517256984980736 0.272555631447502 0 0 0 0 0 0 0 0 0 0 0 0 0
0 0 0 0 0 0 0 0 0 0 0 0 0 0 0.506960946127924 0.514767358615215 0.401619529055447 0.399029839411358 0.408119065270281 0.353762392100936 0.294434209418934 0.301511142932572 0.364859585234348 0.472860325079943 0.586612433009759 0.682910552211071 0.75495261277484 0.78044705919435 0.782334140431706 0.783598568742895 0.767400762677934 0.76867285025016 0.777944313393231 0.800481862233061 0.811516229406162 0.814496351722034 0.822351155958006 0.827002405442928 0.827652579058474 0.828458734017507 0.819721206816614 0.807368347364433 0.791105174154503 0.764402956796155 0.724833926467516 0.692582481542155 0.684616123787958 0.72384932961491 0.757044661436749 0.791941402817979 0.806796428865812 0.807700257813551 0.798785027569273 0.791021091781122 0.778030446401353 0.77000259629835 0.770974441776056 0.776132684026749 0.77895267134641 0.792540501034568 0.801386836088903 0.806548998521391 0.807963952839134 0.80792764661114 0.808518367336242 0.815450822821213 0.815873405221795 0.807777754381995 0.80908108017706 0.806464385330349 0.798790214439373 0.784205885058423 0.766892859455237 0.744964394105102 0.717320658324985 0.665049706153803 0.590537645386843 0.500389578977156 0.389864537222068 0.287590981333591 0.214593952217846 0.176441604304075 0.19676045471893 0.252460529266986 0.322030610200286 0.460163263329051 0.642956725197164 0 0 0 0 0 0 0 0 0 0 0 0 0
0 0 0 0 0 0 0 0 0 0 0 0 0 0 0.662200545690041 0.450122364950315 0.401594325974534 0.43662778304238 0.444641356079686 0.38632560389218 0.339639030964627 0.347879259050914 0.398548259564854 0.515236741824926 0.614488495978762 0.6955428850077 0.742185568786186 0.759888842996929 0.748420572217317 0.728513305193824 0.709285165876145 0.706122875079806 0.727526520511741 0.760270228442121 0.791876639835745 0.810790083455152 0.817501616476403 0.825200587457745 0.82693269238961 0.825771686770753 0.820373215659711 0.809933022231834 0.797087676158121 0.771968871511074 0.741482711039726 0.721016406944631 0.717298911468432 0.7440137190888 0.774159328241521 0.797147425616282 0.809320226948868 0.812473228089938 0.803316730076363 0.793117712101026 0.783860084157146 0.773911375866796 0.768350833155075 0.772568309618313 0.779581153808943 0.789364804653891 0.796864301542581 0.805026815573821 0.805461532942902 0.806350977390066 0.811996336068048 0.823682806786358 0.823867024446731 0.818733165109169 0.81619006977509 0.813725572932372 0.803381313488615 0.789544880606619 0.777224270124491 0.760079962082437 0.748880441261737 0.699190559513026 0.624107359102413 0.542724936881716 0.422150798082791 0.310132405089968 0.219292157952644 0.208155367126199 0.248956513234635 0.279642825831289 0.285904281162279 0.373847510303139 0.551794397816015 0 0 0 0 0 0 0 0 0 0 0 0 0
0 0 0 0 0 0 0 0 0 0 0 0 0 0.269100014937098 0.584586075866321 0.416701481315854 0.407801949884288 0.44324933077539 0.456689110645374 0.413139794696747 0.396883511178064 0.4172369041478 0.471544287012857 0.58546418950412 0.659831457503945 0.709677846143731 0.72246554234184 0.71655092084568 0.673833575275231 0.628042435483266 0.597768772221151 0.581787619424965 0.623866006010453 0.706653058308404 0.763464210821883 0.794083745570819 0.813858035950307 0.821737133574313 0.82443165185726 0.822661271464361 0.818405749018541 0.809944224375304 0.793127576418651 0.775177102888944 0.747049514953714 0.722530964221656 0.714532031394953 0.725450466470914 0.748960995666135 0.775082288099423 0.791864132246347 0.796907624704405 0.792548578762823 0.787135555531234 0.779616726819014 0.770009364896414 0.763232870317136 0.758099275333721 0.759304685399887 0.767229092423553 0.776578824194671 0.779025948316647 0.786584890603207 0.792482940886834 0.803193566140952 0.82126221471416 0.828952065103336 0.82798277403751 0.823795888978719 0.817457642728501 0.809230150326999 0.799247901968469 0.791395805315276 0.786385945126877 0.772900667829373 0.73709004241804 0.675737654001978 0.590170078415698 0.491490436272591 0.383049026919129 0.296123049113447 0.287578968584845 0.329924714741603 0.30861670457509 0.263138669920822 0.330216819951736 0.490361172156144 0.07510708640598 0 0 0 0 0 0 0 0 0 0 0 0
0 0 0 0 0 0 0 0 0 0 0 0 0 0.653780998835811 0.526491447521417 0.398068764569703 0.416967749792981 0.468070640146397 0.464313734263854 0.434943158108698 0.441507655317377 0.486458895067272 0.562945265936248 0.650316294717677 0.693356267973456 0.689774426384402 0.669537820795118 0.615599820502084 0.561477037304652 0.488171101131238 0.443201585438818 0.438071708444793 0.509265420743593 0.608735211460149 0.72600397460988 0.78210526206645 0.809710719588739 0.818602657958262 0.820694282133949 0.821802744639476 0.818860057393212 0.809762219144565 0.795611917530832 0.777291959553911 0.747954185500169 0.720659119887388 0.695837321161495 0.684214289164265 0.690465246806554 0.720529537009385 0.733970295232815 0.744751464008396 0.754889234079385 0.758222687901259 0.765317888172001 0.75684579158252 0.740894189743016 0.720516164704136 0.70496508526192 0.704663222753836 0.711100345410333 0.721618527842688 0.730462422606704 0.748951044858349 0.773661832095273 0.805378362897928 0.825064531732966 0.830336584984034 0.827107178800098 0.820924796360293 0.81422274749185 0.809650543409267 0.804451119745004 0.802079854746467 0.786664987196309 0.759343720602003 0.72735953456206 0.659285289991892 0.556829624355608 0.459064261449171 0.416491111362521 0.394602898889111 0.392992460696938 0.324726661877366 0.24478597304305 0.27139014178463 0.414803653195105 0.0655069454647151 0 0 0 0 0 0 0 0 0 0 0 0
0 0 0 0 0 0 0 0 0 0 0 0 0 0.689804071022172 0.486990269300388 0.377861215583677 0.419304894444491 0.475016853553754 0.476011444005558 0.464358734299679 0.492410353997369 0.571411883172258 0.64339657193241 0.694293342496217 0.681940719058905 0.636298606748456 0.583035016178043 0.506046204550172 0.422287499308349 0.351929151367272 0.283756758645046 0.269559439182209 0.352978520551655 0.533461625422999 0.677203141426554 0.765711504825634 0.80493602819706 0.815986056249364 0.819445495046646 0.819392822435798 0.817201365990568 0.809147688712589 0.798181372357357 0.780121407328451 0.752050934480652 0.720273518968963 0.679713957021782 0.644042835295004 0.62354382158387 0.630847675991598 0.647994943928319 0.660563503505498 0.677757692217178 0.70679715115468 0.722277753266564 0.715255687879749 0.690860033153931 0.658204157852956 0.622742438164964 0.596999641343328 0.585199567488852 0.59173776105644 0.610415196670342 0.647425255292251 0.686945724909039 0.757067490973555 0.803953820262316 0.824193718709512 0.828355638257608 0.825264401319573 0.822861370089135 0.818943906887779 0.81258570131647 0.801536580672987 0.789954053581485 0.77021975312435 0.737943982944735 0.700947845120665 0.633539784797743 0.563086771371889 0.516888882429787 0.491153191725388 0.446188171038811 0.345165170716245 0.234392824044874 0.227911335481863 0.343568095893847 0.523305962374482 0 0 0 0 0 0 0 0 0 0 0 0
0 0 0 0 0 0 0 0 0 0 0 0 0.0960600206994976 0.642997068663894 0.438386689167586 0.364201955545787 0.414674731999192 0.497368926759204 0.508318916243015 0.506127356463182 0.549844946105315 0.614747394616287 0.690823173926489 0.715396722901524 0.660580297339179 0.575289645041528 0.48799585353181 0.403360138806477 0.341710259972327 0.267961515478829 0.1843006719293 0.164393487417293 0.25107187168548 0.422523031513269 0.613485148390619 0.739242391441134 0.798675554211221 0.81449775020549 0.818055057756988 0.817274186972073 0.815398324573069 0.811132100864874 0.802915190775986 0.787751113503093 0.759000273190086 0.723664598336202 0.675487259495461 0.626881231467852 0.580622028908501 0.572311641990983 0.572228357615126 0.580412402693897 0.597845292960799 0.627661053083575 0.647278703115487 0.641162648592934 0.59968637545765 0.558445210128332 0.499622560970191 0.423492785906847 0.392674444562112 0.38309305145508 0.391082436045117 0.43662276612252 0.528167819535626 0.666508138037848 0.768247903386789 0.812558320083661 0.826581322899557 0.828647767002002 0.823001884968341 0.818382224523413 0.804676033146451 0.790221178899018 0.770772492583952 0.749881387221169 0.725591344773766 0.70850460260209 0.667379508246019 0.629701603738183 0.608799745617126 0.565823177615657 0.498965727917426 0.386956250096516 0.268540476884467 0.211981532016351 0.289570413657261 0.46089004781814 0 0 0 0 0 0 0 0 0 0 0 0
0 0 0 0 0 0 0 0 0 0 0 0 0.0952132934972427 0.604169741563805 0.412302570197762 0.361993330517216 0.42682162533966 0.511216860072262 0.538871897199763 0.545357317066925 0.592864518906046 0.658494654091119 0.711697516364239 0.707895229559123 0.632238224402113 0.534058684309245 0.449638652909846 0.369642778964429 0.304342811037346 0.231602072404474 0.153996427887904 0.102487297573867 0.174490515651752 0.339970395016949 0.565682349293828 0.711038556360405 0.779328189054588 0.805953338838282 0.814719907725974 0.814523823161498 0.812596912805741 0.813185170770036 0.804496130182085 0.78899874170672 0.766084218395366 0.730305141553355 0.684563572986081 0.621677555354923 0.565536872451978 0.538785755252044 0.524543893558005 0.527308366933755 0.545057810303767 0.564532175603423 0.57143020204554 0.547659642407713 0.509977752413004 0.433466302855462 0.31243020122797 0.223923553133891 0.168386875748923 0.156433501822428 0.190951841203068 0.265696690006005 0.397938109532509 0.58386159838629 0.725748989049833 0.797110742792909 0.819870005519517 0.825921504640905 0.819854924988403 0.802779866126895 0.774867868768775 0.740159664177776 0.722657602356204 0.695962858939749 0.676454663377353 0.674443854076614 0.664602941846314 0.654503261229135 0.64198287199636 0.60987949147188 0.555236828978841 0.443480038698416 0.319566128511386 0.245385649642205 0.2689804196764 0.382567806990111 0.490337954564038 0 0 0 0 0 0 0 0 0 0 0
0 0 0 0 0 0 0 0 0 0 0 0 0.793934549352456 0.615193986631939 0.407571895059122 0.375841761771488 0.444221860651501 0.528573293257122 0.56379523869157 0.575833265530598 0.616056070985569 0.673173426984114 0.705249354455473 0.690975314670504 0.619333025370732 0.526252204803322 0.442306386253199 0.363314746503621 0.291717377283302 0.221832682731349 0.148192520277966 0.109595028675092 0.164776790783161 0.323701338219513 0.520873111205112 0.674387710539832 0.74591454681342 0.783768592373371 0.798233604002286 0.804060148686664 0.809574035640146 0.81261848553351 0.809616708752165 0.796727864095485 0.768216854751914 0.72983898042641 0.68132561722789 0.625040096156274 0.570109324035139 0.536714364683472 0.51388553600063 0.50866241708018 0.517756155570983 0.536784294104685 0.539544978777836 0.519888118821618 0.477042921906755 0.386470732780433 0.259914784748423 0.158347022039147 0.0989873415370926 0.0856400391297989 0.11372597203247 0.202304193330709 0.378326725846765 0.566313162558 0.708350997500833 0.780742313882511 0.804335710829538 0.8115557583597 0.793475930988718 0.76586045375695 0.725802198964125 0.67095861959089 0.618893960550214 0.59274202977147 0.58789625268237 0.595206533891853 0.619272203542566 0.637279121830056 0.647475423454824 0.631153017469453 0.581553309939656 0.487949988807489 0.378845208556208 0.293715635318518 0.270072108961562 0.347270288707162 0.459325584003576 0 0 0 0 0 0 0 0 0 0 0
0 0 0 0 0 0 0 0 0 0 0 0 0.788666597335062 0.611396198081955 0.423956147773472 0.365330898691042 0.430708744458845 0.499653123619802 0.538202332867647 0.566107573327131 0.601150911260757 0.640692612979941 0.661775541489486 0.647487376005683 0.590543483006913 0.515222491405756 0.436753239071631 0.351102122485833 0.280449635018038 0.208736377776183 0.152005730091196 0.133679179184342 0.187011081621666 0.326832362547704 0.48596666386082 0.621929173589308 0.69680039115975 0.724343797907376 0.755956652093125 0.779790132022538 0.799118937588212 0.809215449051014 0.806324428441823 0.796977363475931 0.774111036515916 0.746338027523833 0.699890683105919 0.649997620072919 0.591616388249264 0.54393535772744 0.524061584472786 0.508041576738335 0.527483207113668 0.531209257487386 0.537078322423582 0.528039126505077 0.492666320404366 0.400029579420538 0.307169198997743 0.225595355467513 0.168051625420496 0.165454881192713 0.216336107022497 0.307803341559012 0.454935396903843 0.578661360962291 0.689875177574438 0.764522957148451 0.788985711032217 0.783249728059265 0.754988051678249 0.720719284511528 0.649301041967044 0.581861787653704 0.494325145846576 0.460264780748098 0.449732309367055 0.490917695981292 0.541201231160474 0.583732714762655 0.614171449929763 0.611988740437481 0.582251656496633 0.515659356950375 0.416601091479785 0.31681880531835 0.280743030542302 0.323183537697754 0.47646204338067 0 0 0 0 0 0 0 0 0 0 0
0 0 0 0 0 0 0 0 0 0 0 0 0.787847386155593 0.604886020454319 0.426815491545158 0.346794983830694 0.384584453160244 0.437111760865362 0.489404659806045 0.526553430594447 0.546271319243706 0.574227076626943 0.591988807760759 0.585680022081912 0.549434316948654 0.49185145369847 0.414724209668691 0.324867487581765 0.261738947164222 0.190590781599561 0.159746693584378 0.172393530598577 0.22741043741985 0.335229377721136 0.439639780524991 0.517370635470687 0.591884685281933 0.617180791114533 0.66870499839826 0.740073344879264 0.78175850446715 0.805268388416899 0.807571898375576 0.799266829427491 0.779845737292063 0.754217202521315 0.707278683919162 0.65182447150369 0.59395818798783 0.557082592627247 0.530131528740866 0.526322128403071 0.548164474374545 0.549798081360722 0.570884632329057 0.573789667285035 0.5509597367512 0.486735944449642 0.423439209895737 0.392869922224827 0.346685900506489 0.342644693013822 0.417143598801555 0.485242439127452 0.569131040796988 0.640358298818784 0.715587188910862 0.76633580448962 0.771037039651852 0.753012128111815 0.71369444148627 0.65816791784064 0.562870758360109 0.480204465173622 0.389103523964456 0.331758737022671 0.322093161286174 0.362389696353979 0.41811970166923 0.483121891487435 0.531344688872731 0.543304724757886 0.53551450191204 0.491917734892606 0.406034988701939 0.319975305138734 0.267101078048728 0.31048152556053 0.49189938493121 0 0 0 0 0 0 0 0 0 0 0
0 0 0 0 0 0 0 0 0 0 0 0 0.589903489108117 0.640349786945382 0.438838629987856 0.32862959823342 0.325286685031916 0.357017670025713 0.416924598808422 0.467415321224698 0.481419757694566 0.50114376441282 0.491474797707012 0.492792269710804 0.472749603073915 0.450969226793102 0.392874674238718 0.298599258952397 0.230758299419774 0.180688667929412 0.175766612841453 0.200682876433373 0.263310843197824 0.327455422403352 0.377885061792281 0.407409132098175 0.444193255906465 0.48452551787133 0.558060478554292 0.683070421560601 0.764687426810905 0.801305885991418 0.808654725696004 0.803094511776746 0.786971025924304 0.765779244991835 0.731612892724723 0.674241857542303 0.626439761129972 0.59209352204502 0.559856960811108 0.554054571881341 0.569560819555362 0.576295874117173 0.608037904527504 0.632016777688978 0.639058734813209 0.608821505370489 0.578364160681225 0.563605770497701 0.541424249867215 0.548068377537752 0.591900536139656 0.626203400786746 0.674599533978354 0.716497642955615 0.744231295793954 0.753464023356293 0.742194958138919 0.713907061167552 0.663516705352732 0.596807188506893 0.501649147177355 0.41074333337588 0.308283787033996 0.260305274180568 0.237041585084866 0.264045856453516 0.316519484501314 0.378553090971735 0.421680474830705 0.447477257177549 0.464213784395634 0.431267410567156 0.379692916717962 0.31211105281838 0.26096939260968 0.326861932120147 0.44805862871943 0 0 0 0 0 0 0 0 0 0 0
0 0 0 0 0 0 0 0 0 0 0 0 0.0996300967554873 0.694939702744869 0.516283559383907 0.36326735176356 0.311619210106151 0.316053506496091 0.367507751824832 0.40296868169373 0.413595219174453 0.421081415834952 0.419643545616847 0.406856578845691 0.395589895453264 0.385102504001823 0.350582931740731 0.283047261634476 0.215662293648143 0.161922694397943 0.177508160106314 0.220035048670475 0.260685108079937 0.305198716252731 0.326093808399448 0.330187504270017 0.326757810789404 0.374015471922929 0.477502674649736 0.62146933556697 0.741222633450962 0.799004755190735 0.812105840337529 0.806756131604885 0.790331417723576 0.773250343013014 0.741557320006811 0.707620989866846 0.665846384894933 0.628386125916812 0.580730556628973 0.582539983421856 0.599813040510617 0.608645726720389 0.652179812844181 0.685193350671564 0.700992314831542 0.703152843249822 0.687362371066527 0.684208578378753 0.679607600238313 0.691353499295118 0.696152193530873 0.719276054135743 0.744380759858581 0.767911881853992 0.767231417674884 0.744100502361965 0.707255861579173 0.664791621141423 0.614110438767349 0.529405223565396 0.457906407849803 0.328261717791061 0.29538362231823 0.25568392147436 0.226953005777288 0.218575222393491 0.249861108848232 0.286548755791778 0.329007497895551 0.364329042364125 0.381083665821351 0.387720198517838 0.364412450755653 0.317294804251338 0.291295791835647 0.370452627441069 0.348714365483823 0 0 0 0 0 0 0 0 0 0 0
0 0 0 0 0 0 0 0 0 0 0 0 0.0890005237370872 0.790791837939812 0.616582949435875 0.46768276003721 0.362155940377975 0.315176716438467 0.319346233959928 0.341035170175511 0.350697221816535 0.355446793118481 0.336046058794833 0.332875601690655 0.337329473617932 0.329545035517187 0.304538047580121 0.253095231785065 0.201389987722835 0.164902590431336 0.19005054451207 0.230407320850908 0.260593038276219 0.289818012639644 0.292136657424958 0.281293246572363 0.260678153831481 0.2943568980562 0.422591099941525 0.575901813297554 0.722439507724308 0.793570410703023 0.811452810976553 0.80844421860469 0.80258726777967 0.784311936227214 0.767258005106459 0.734651893463798 0.69268304164576 0.657215897708846 0.634530432652932 0.637082944929787 0.629089825540653 0.657968792407565 0.703989685585273 0.741333999384771 0.768871379356179 0.771335059687669 0.766644462820257 0.762185280998807 0.766881875300439 0.771783311318055 0.781435756265661 0.790866478670035 0.801107615533184 0.796858989749523 0.766974642603031 0.72296127269595 0.665530063553167 0.604585720790086 0.542153288747448 0.479206953053684 0.43543580787067 0.397561022888843 0.337038774387596 0.307218341305446 0.28123460268432 0.259807083432351 0.260668040251337 0.28134370640453 0.303580176221422 0.329838618802199 0.340366306548754 0.353502835951446 0.366213611213829 0.368907188838344 0.391602002803925 0.492687634910174 0 0 0 0 0 0 0 0 0 0 0 0
0 0 0 0 0 0 0 0 0 0 0 0 0 0.30572749147469 0.738040423045781 0.619916157417711 0.484209107664262 0.388104712947749 0.338114326619503 0.321511381125784 0.313082240512155 0.306779307634801 0.293016480586568 0.289456197069489 0.293136519662031 0.287046068263093 0.271282845821504 0.242712945737069 0.213117066004694 0.194419278990976 0.215696957827322 0.241236397746643 0.265587804514959 0.281491204865343 0.284361196331372 0.267412928940819 0.252112020219936 0.289139602620247 0.409091511265192 0.576518705459687 0.711784418401985 0.788096670994081 0.805814499878944 0.810274142493991 0.8084208344243 0.805343732047236 0.795700516388164 0.781342783252724 0.752284528021387 0.72454665095656 0.681873947950454 0.670307541182765 0.68078258381556 0.705858980844651 0.740031933377379 0.777355743659319 0.801480904510485 0.812227846386611 0.811014385545357 0.809547237478907 0.818516823777822 0.81404851107853 0.812539147525772 0.818066665089739 0.81734954673134 0.801914726146462 0.767046317088395 0.683773133870822 0.614642816810062 0.532387060950733 0.463250407617552 0.424655932353981 0.406178155847753 0.386230879145748 0.371014227943858 0.359854107695584 0.349008973571913 0.323988006122119 0.315627341096936 0.313944421310423 0.320446556406763 0.32798328318722 0.339772771875534 0.363319063711259 0.392428263422595 0.441146047874701 0.480925257667971 0.609860129270841 0 0 0 0 0 0 0 0 0 0 0 0
0 0 0 0 0 0 0 0 0 0 0 0 0 0 0.84007706943582 0.718847941717744 0.592449509895759 0.47328576122294 0.386802595935149 0.339027495809835 0.303329935612259 0.281741282490196 0.267399685631904 0.272547323896938 0.278576908118607 0.261168986471152 0.256373180955035 0.246774233574995 0.234759188862247 0.222904775642582 0.23267761739679 0.248208340746392 0.267756331191946 0.280258646533587 0.286898639783521 0.27640445277123 0.286105992412164 0.324054477744182 0.437979547303377 0.583317074477036 0.712993251180994 0.783240295247693 0.800008666611853 0.807327387628547 0.812361886614338 0.817912846340831 0.817478071049907 0.802019466535341 0.779441525560135 0.746303600998046 0.719556523405749 0.70515386303742 0.707885839058888 0.721894978114379 0.74970566847487 0.790984036618826 0.818391415582456 0.832703255289551 0.83738154943031 0.840138393285769 0.838323994080901 0.83422457555131 0.826806793518636 0.83208886335248 0.82635555263581 0.801306464228318 0.753265344431024 0.659824193615364 0.567440591055987 0.479094749686127 0.420912648101854 0.401086206209407 0.394247439250765 0.387741096327243 0.378633645880099 0.381044323800906 0.378559869701518 0.372955970607257 0.364565390592312 0.352509753218393 0.345933834406482 0.342442666944723 0.353830741250992 0.384346899971709 0.420103064946967 0.474575209862616 0.543312867287863 0.654658359292227 0 0 0 0 0 0 0 0 0 0 0 0
0 0 0 0 0 0 0 0 0 0 0 0 0 0 0.878221850619878 0.783000136562612 0.691553641339319 0.555789171718087 0.443886892992876 0.35541082949946 0.303503579878455 0.271087904055003 0.260382741317042 0.272343267437851 0.278985926170747 0.254294997857133 0.244436180613191 0.254487882403935 0.238848804499487 0.223206289490558 0.226759670025408 0.239068025432042 0.252919500539717 0.269423939600417 0.280904007084672 0.275360117620889 0.288773710447836 0.32620120977942 0.430862473036339 0.566375720184098 0.708754639745274 0.779397813541391 0.799779955103126 0.80662943281255 0.811558551774465 0.815924122225422 0.816600725041324 0.806763689755462 0.785640241601982 0.75268250488913 0.723980947800288 0.703226513549734 0.707941430230304 0.709084825415038 0.740494685320881 0.778166178409894 0.812615830304421 0.831265408009874 0.837819592294749 0.84250262521899 0.841647602525538 0.833530105153689 0.826189231531274 0.826281508463593 0.82251650994286 0.799658867262679 0.752364070033703 0.667865885004163 0.569808128158739 0.472710035435308 0.421180833423419 0.400930289330931 0.400941259590548 0.402051288175613 0.388643614984144 0.372925201985573 0.36358201530145 0.361333767400288 0.361979944975641 0.351573905042624 0.344547704351 0.3464948613094 0.359618353293139 0.38700810048856 0.415117656971279 0.465252444371541 0.534348908187194 0.645748161632262 0 0 0 0 0 0 0 0 0 0 0 0
0 0 0 0 0 0 0 0 0 0 0 0 0 0 0.887938446866703 0.79293077686999 0.689414338487598 0.559697095356524 0.423928459464044 0.338250332891238 0.297053138495788 0.278473129355376 0.274253533959729 0.284331797747208 0.287263829554613 0.265875922057987 0.250077528312452 0.25119946478781 0.232164629202089 0.199830517003619 0.196781926422368 0.212256045479664 0.227188553539146 0.254193006375802 0.264906650866203 0.271158807207828 0.282538769961835 0.310561376048025 0.399083412909751 0.547572673287501 0.693811518552631 0.773131425064049 0.80077897910668 0.805028590167298 0.802984866646824 0.80300049799655 0.798273352012844 0.786052731324083 0.761600216027931 0.732219833950343 0.69901158057455 0.688057613194172 0.678450324270076 0.697956524749387 0.71408970730565 0.751357314061938 0.791693284235039 0.816332572380994 0.826018180978693 0.832261775078065 0.828741308671891 0.820072484880311 0.814206828171353 0.813200859979112 0.809154702388512 0.786969625195699 0.737647888143535 0.657914904949895 0.560786154679019 0.501434698501804 0.451685008346629 0.442694546907376 0.434158344089772 0.413135421924206 0.383400084041407 0.343629478425252 0.320070062177864 0.2998381027369 0.312791229363426 0.314888882519932 0.316314023587294 0.32532063546647 0.342842714717318 0.370265521818105 0.396275745030233 0.428311952780281 0.476676224930003 0.606513757564004 0 0 0 0 0 0 0 0 0 0 0 0
0 0 0 0 0 0 0 0 0 0 0 0 0 0 0.852179278072375 0.737742437610395 0.595435327563068 0.460051098985292 0.365372507224039 0.333099263766784 0.311559899886526 0.298456800088422 0.301841582775266 0.314875295557561 0.318564939678441 0.311967089565535 0.283479294689823 0.263601931612993 0.222730108096904 0.185110300043214 0.163896179240102 0.173745136249782 0.19516232289242 0.228145880094598 0.255937873619945 0.277152232335673 0.289794922423573 0.308727038543105 0.381639421448652 0.534988035441882 0.671116564190707 0.75530129893032 0.792415514611248 0.799608795183968 0.794031489168438 0.782598289011369 0.774172934928831 0.751134731839817 0.72894497140954 0.705316350481037 0.673706444986072 0.649741813928571 0.639261247340593 0.660615566001295 0.70520332978572 0.723814863310348 0.759462842857064 0.7772953899395 0.782732996831244 0.783033052294215 0.777203544791621 0.77312858392959 0.77305040360145 0.780866837015999 0.786574466346695 0.770043664935728 0.732936641437361 0.67896376018354 0.601068395148477 0.547017286797439 0.508474164077578 0.490784135739229 0.471000222890484 0.409438745024614 0.353857444155543 0.285075157286494 0.24074606354176 0.25137153951533 0.280356064620338 0.304708619055023 0.313400376433193 0.312326666407535 0.335620360204867 0.346019387288603 0.35901688929367 0.368639491600617 0.39004500364837 0.512959810272604 0.475308211866531 0 0 0 0 0 0 0 0 0 0 0
0 0 0 0 0 0 0 0 0 0 0 0 0 0.263680601312467 0.771923693623702 0.604181083435405 0.445071437818979 0.361345029107208 0.33760131450006 0.34354103088981 0.347068912028 0.339423240111592 0.339559055953428 0.355741931893359 0.366479534964853 0.356618491249999 0.339394972442513 0.302560069266131 0.254510752536931 0.188789319099531 0.159935762143217 0.156702419592812 0.171889497764156 0.21338736394573 0.259955056291977 0.311146370908174 0.342623127415423 0.369134776798762 0.42752486867153 0.545360182922609 0.674727176694763 0.75866628620969 0.788373064311232 0.794079486905152 0.781608242259182 0.767971622386713 0.753490271231956 0.730123343158445 0.704984553559822 0.673476632449555 0.64259231278606 0.61743779822713 0.62021938590814 0.621844859383722 0.658013374823216 0.693417387324635 0.706084191236024 0.709947133781096 0.699961980102949 0.689984728763793 0.69686562748797 0.709695495347715 0.721383939948328 0.737009869386431 0.752337787742648 0.746888947666089 0.734626529008557 0.699143481633847 0.649340606032322 0.612058484268015 0.584043913355545 0.550235617421935 0.50061246961803 0.419056199235694 0.325531029339186 0.23010390319356 0.192535450922654 0.212496238829324 0.283419464299039 0.33897123575673 0.362902892141732 0.345395838989174 0.373831188803849 0.377363449125734 0.358700099118491 0.327298713667071 0.308016720468058 0.437022142585752 0.538000051085265 0 0 0 0 0 0 0 0 0 0 0
0 0 0 0 0 0 0 0 0 0 0 0 0 0.810801354653349 0.635062342691832 0.452165012483971 0.343981810131301 0.30798935518967 0.343383125858081 0.377844047174568 0.395487004564428 0.38980847056855 0.39635046766846 0.412009385303532 0.407629049604317 0.40970680154367 0.391803927145241 0.358644748600311 0.297338621864387 0.229216579717796 0.171744648291466 0.151269609472275 0.152621260346939 0.198107658206171 0.26714607288448 0.349343189248838 0.4255237966278 0.47679438700543 0.524599169025369 0.624885858133325 0.70120105290934 0.769444883475866 0.793194141307988 0.795207911453001 0.78297950519248 0.76593328590275 0.742738567849119 0.707162503443734 0.678410963734713 0.629500702944371 0.599974117113731 0.566223423859638 0.572804511036513 0.597430885294511 0.612843093574992 0.643620881543704 0.649288051372306 0.633814123129021 0.599302787555022 0.57819679696414 0.562554170819336 0.554777827033832 0.573662265582436 0.630414338686284 0.685290425907384 0.709097806527184 0.725798605977958 0.7197879397694 0.694376044015615 0.674483889885254 0.646591942257755 0.607833854051321 0.549593437031445 0.436486673781593 0.318849144185173 0.213804542040321 0.184215767735484 0.23735984146685 0.340721000625186 0.423478848535042 0.457013608950328 0.441471643861158 0.439701322023604 0.436706555002303 0.394244697192682 0.31222036035531 0.272396172791554 0.40469390779634 0.509954670801468 0 0 0 0 0 0 0 0 0 0 0
0 0 0 0 0 0 0 0 0 0 0 0 0.0632526465940141 0.715051751282892 0.497135139903773 0.336462414530593 0.290712584949221 0.308001001403793 0.36875330021417 0.422177475528284 0.456367718538772 0.469185404284289 0.473408493583763 0.473062804744127 0.472466900720157 0.459227812041497 0.437044225155524 0.406786258945191 0.35608074456632 0.271406798245072 0.207765472648817 0.16288461603778 0.143559097330377 0.168277199928828 0.249706632593223 0.381143942711981 0.501959432326771 0.587361977394867 0.637871306592022 0.699670982882343 0.746586326577242 0.77787397110051 0.799349607891332 0.80035136886494 0.788032193583689 0.764040340263822 0.729024319154798 0.688866263188963 0.650379289026061 0.587102621896764 0.565436176049372 0.532324758629418 0.530303719092285 0.565854790195272 0.583258327844939 0.589271957425885 0.572563131778908 0.514316934326384 0.458837205274526 0.395362424107836 0.348612434592982 0.33679931987136 0.383823350960551 0.475317393345998 0.568639800824233 0.647607277077692 0.706709686926147 0.738330792343347 0.734472777728804 0.729377443882965 0.706481384482437 0.666129993683308 0.596669123288456 0.470417706392548 0.351887771860132 0.26326991147917 0.25879702406541 0.341398705032149 0.449915889458523 0.523319076464824 0.540618158618827 0.548334782328364 0.524111074464801 0.48758626256697 0.4208689933667 0.319882137388625 0.258272085491281 0.370338669941819 0.496186905593455 0 0 0 0 0 0 0 0 0 0 0
0 0 0 0 0 0 0 0 0 0 0 0 0.0989156395287164 0.659589318705225 0.432899784484087 0.288806271047554 0.284179749225654 0.323628917950311 0.390766108239085 0.46285603346101 0.52499224170432 0.548011112058041 0.561617400097693 0.546901045213451 0.531833100015972 0.501820411137805 0.488862209106506 0.45646682019503 0.406776687586358 0.313453511710003 0.231793400706236 0.16599354465192 0.136229420572511 0.151718105179088 0.232518545204538 0.399138541626549 0.561636180787972 0.666225795599907 0.70998940276144 0.743991054928586 0.774580110906356 0.789996730646066 0.802420788430922 0.80381320807133 0.790742992602859 0.763231331945372 0.719475993390695 0.668998458210472 0.612816553017584 0.544647800930232 0.517265443313837 0.523220821564933 0.510808216649724 0.537165050468779 0.537755508118568 0.527365606600507 0.473368278037255 0.402545277784216 0.310676056152215 0.229509389959013 0.166718640007493 0.141017949873739 0.166408025901218 0.283046539880571 0.440674306817191 0.581891921892693 0.692867180692604 0.756168497600404 0.771566716744373 0.770203156252715 0.749826226733587 0.711921210215425 0.648850095838803 0.549803463447208 0.437207002826061 0.384699059868222 0.397641220850419 0.47090031322929 0.552154083413086 0.60671338295476 0.626122810293978 0.613340150335017 0.586032519533545 0.525706599794497 0.426299468528469 0.311615602290159 0.264312697720026 0.383149663069091 0.509507827681241 0 0 0 0 0 0 0 0 0 0 0
0 0 0 0 0 0 0 0 0 0 0 0 0.0986613703467896 0.6481503128187 0.404626409614262 0.280086602698789 0.302741213459845 0.34833506275005 0.419334480399933 0.493533932467745 0.566845752007386 0.611697151704111 0.629162830401002 0.623240391776825 0.600694213387509 0.565911581475354 0.543263925090421 0.494126600586271 0.426322330911007 0.329129731144071 0.230695412960967 0.161484477403809 0.123639814885068 0.133948233969009 0.219398634916093 0.416724486384329 0.611940178472786 0.722885190126666 0.765026580715664 0.782347471817329 0.791796163240884 0.79810750574192 0.803639254215089 0.804017020023136 0.787379805703051 0.756060009142253 0.705767035723752 0.643259085520388 0.570106018507537 0.531707083584469 0.506822942887061 0.508368895870376 0.519303208253477 0.528210796251347 0.523394438616095 0.491221763850644 0.428605332929981 0.333893350044918 0.228026174899146 0.150258996223802 0.0975505094666677 0.074269831724955 0.104996455776306 0.190361248985227 0.364555108268079 0.538558492465885 0.689705813052283 0.770508375359844 0.797609414386537 0.799070837855567 0.785623992114403 0.758509281626816 0.708284838774754 0.647800857880408 0.567019102092257 0.542067622366648 0.548276538462545 0.599071816767294 0.641012516159583 0.667686718176061 0.659855953514 0.63550408610339 0.595140412265738 0.519194332179015 0.398461411664681 0.302163020623778 0.275943743491592 0.397407179826684 0 0 0 0 0 0 0 0 0 0 0 0
0 0 0 0 0 0 0 0 0 0 0 0 0.0613403089109399 0.685007606862489 0.427250116819418 0.291602535229679 0.321137955424089 0.376041985137252 0.439987197740671 0.522751490981787 0.588578102698121 0.644093660613341 0.665487832453119 0.667633112378321 0.6564164501634 0.619266645140164 0.575785101960881 0.515841517668754 0.431098119660953 0.31661544139532 0.224569816913207 0.157687038651525 0.125548609025409 0.133483709382664 0.238897118520818 0.442515870655708 0.657601454343206 0.758939244705051 0.794019020489155 0.80331609194618 0.805376303788269 0.806533027409947 0.805058364855392 0.798805258725252 0.780312719148873 0.748287555568733 0.686420317714357 0.619229810356369 0.56438958120308 0.522461475468902 0.496824264794999 0.506357001405057 0.540248313266195 0.545167598812054 0.544574586095749 0.50825206747226 0.437581870309367 0.349478323632376 0.26341004433176 0.192431584278412 0.168741072704187 0.167570283459306 0.196248051054832 0.282008711231006 0.428861288126321 0.592584882273671 0.701697808852268 0.781204678388765 0.806722741385937 0.810822680329835 0.802151924418426 0.786675775465222 0.761079022879886 0.730657557972507 0.692534534579941 0.662831835448517 0.657280748006343 0.666571937924254 0.688345636650589 0.68309520678861 0.658739250195317 0.629473422469893 0.583857957005012 0.49480091056936 0.396032511660635 0.290299758209687 0.283550544131938 0.42188110934656 0 0 0 0 0 0 0 0 0 0 0 0
0 0 0 0 0 0 0 0 0 0 0 0 0 0.708210868642594 0.457046606508369 0.306053819089984 0.328737540053854 0.400673565961595 0.460481500132088 0.529356887363872 0.577832522102532 0.625539194669538 0.67110587751339 0.686335374245883 0.679379845328459 0.663560337242995 0.618204898000237 0.541683711047353 0.436859320714146 0.314225539967332 0.234365577194839 0.169490219469185 0.144522015110908 0.186264906326081 0.275485306814599 0.483452561674813 0.685736348847018 0.782680661706149 0.807601514421315 0.815172427251462 0.815127452078913 0.815590705360707 0.808136960035886 0.795463438540388 0.763545463623367 0.728744274044292 0.682047345286042 0.62392326809281 0.573312423251768 0.543838049348778 0.539862417730939 0.561351384365887 0.593643067657897 0.599545678177542 0.604563129569726 0.584918634773844 0.527742489269579 0.458184056596947 0.39157693633549 0.354121869814181 0.354063432466159 0.375695016958455 0.413385432233028 0.466435122000478 0.564106343462383 0.668879159831676 0.756944064911402 0.796180924403292 0.812538534737322 0.81466677699187 0.809222631638231 0.801799611303946 0.788471028062558 0.768647331869327 0.753801592487207 0.734965585047339 0.720891469065399 0.705230246817972 0.689075180332196 0.668351207335681 0.630672036423363 0.590254182205931 0.540030706461491 0.470344616973155 0.361140660394258 0.275256759377921 0.28378338822169 0.449242583920022 0 0 0 0 0 0 0 0 0 0 0 0
0 0 0 0 0 0 0 0 0 0 0 0 0 0.289215133637788 0.507094099047954 0.323175444021046 0.356303212363362 0.425961672824755 0.476434469965851 0.513178811191352 0.547520787162453 0.587806136924581 0.631796408359577 0.675550392887479 0.68436652666455 0.67997252553419 0.653917947780872 0.574346417042533 0.487006357860419 0.385601267713809 0.291445004699736 0.225172121622332 0.218885904009902 0.269001783225533 0.370704841658725 0.567162935138167 0.710747414848154 0.799849346306125 0.816654571946716 0.818118921206629 0.818708428000336 0.818683661704702 0.809511087045408 0.790084771887069 0.753751043757605 0.721490235881678 0.679554579893806 0.635350065152825 0.615167704355725 0.594536426074684 0.601380364520949 0.634433636690321 0.661652592995219 0.668861764611272 0.672081284018572 0.661580894042267 0.625818624655814 0.599378446300784 0.564696747639902 0.567790117861134 0.549059209918456 0.556781796197541 0.580654670160156 0.6293893819458 0.675075535581127 0.737337188517284 0.781239329715071 0.808373159187282 0.816541537729861 0.815756053339424 0.811484915615903 0.809066868453856 0.804419118079632 0.793293241078786 0.775918172454353 0.75431814717295 0.733173770272017 0.702669347222666 0.661445533827375 0.611080317836378 0.580242576397291 0.538440555818563 0.491502999608229 0.431443058782948 0.33006212541043 0.262017315436146 0.290583726599619 0.466391548144177 0 0 0 0 0 0 0 0 0 0 0 0
0 0 0 0 0 0 0 0 0 0 0 0 0 0.256676282616338 0.574452626061542 0.368161345191171 0.363458427875106 0.438971982529629 0.472825172907681 0.493738987879209 0.501146666160219 0.51287123793684 0.562601622179504 0.61969222934047 0.665777472959369 0.681792563872599 0.679653856261258 0.639823191928526 0.581706517830877 0.48123730945351 0.398343811402253 0.321374673454642 0.31299135297353 0.358166142641594 0.476600055408787 0.656018006387596 0.75629309589167 0.80854071717969 0.822002201552243 0.820088266331162 0.819049302342392 0.817175689917367 0.809108614639491 0.783521393953202 0.756069986679007 0.722502516422358 0.693713041141435 0.676928697422543 0.668787365779913 0.661773365294418 0.678767605348565 0.71334907605339 0.733450601869098 0.742875800199369 0.737190555398896 0.735926406223138 0.713820400834302 0.696980032177142 0.692408871392359 0.691901986607193 0.696490089413794 0.689510565247783 0.708647798166461 0.71508526526046 0.743722742142828 0.777625994886997 0.802858665356584 0.81589816233681 0.817152480281725 0.815230327437735 0.812169972911243 0.811390092814221 0.808264842408551 0.79906402765169 0.787395382011506 0.762367530636387 0.729213381289995 0.668505659732283 0.600033870555447 0.53945351095556 0.483068705705538 0.441362117602248 0.399495500804886 0.350439076149477 0.295663842087346 0.252826971216912 0.306600052564178 0.504123935117205 0 0 0 0 0 0 0 0 0 0 0 0
0 0 0 0 0 0 0 0 0 0 0 0 0 0 0.660007163067212 0.432613181849348 0.361205393312031 0.420741914541865 0.476590108933148 0.471302807167007 0.455906667898102 0.440606102679447 0.464499380337196 0.540093142886662 0.615553178149928 0.660948651395699 0.707834863017856 0.710019623555661 0.671071777056586 0.605064654820777 0.537110606626974 0.479412748297455 0.466942462614174 0.50244586445789 0.593461746409019 0.714142708966314 0.781508939316644 0.813790299938278 0.82424193958547 0.821144051348297 0.818243423558054 0.813175349133879 0.804870182289355 0.784059863043499 0.754424641895764 0.73193749334179 0.716549254672914 0.713624762955102 0.718253404550163 0.725912643098968 0.742097756119152 0.767238709368417 0.777573520042844 0.775992151356352 0.776553760284079 0.773783929815945 0.7623979185609 0.752960342993427 0.752740445878843 0.758203724601312 0.766920912197807 0.768415804413158 0.772972183470115 0.773605782337642 0.785378491514341 0.797579261317637 0.807370275078853 0.811236780666271 0.815397339783922 0.812789009515431 0.80875398118093 0.8072798372232 0.80477539425532 0.794048335856183 0.781812159694221 0.753520719626018 0.705118233911105 0.63472145417522 0.526627786956616 0.445992393245288 0.370665586940167 0.325989016922921 0.322132225359542 0.301216497820458 0.250077783942871 0.23572318329864 0.341211896919634 0.582032926056279 0 0 0 0 0 0 0 0 0 0 0 0
0 0 0 0 0 0 0 0 0 0 0 0 0 0 0.505104933403429 0.509307373962397 0.380929149866747 0.400922504152685 0.450419167083241 0.430940744543897 0.403297954728462 0.347122473560785 0.362197006572409 0.449109289449145 0.543212332201263 0.61853700898319 0.706553097841436 0.742122648058715 0.753990037208023 0.718631994762526 0.681531558084205 0.632921877703204 0.608687108402806 0.62021647590766 0.691809568953097 0.767319676449512 0.807465282571891 0.81871066286221 0.820360171175045 0.819568590158177 0.814418013373084 0.807498540722307 0.799174181964555 0.781209329896145 0.760154520858797 0.735413372328543 0.728409836246164 0.729669389368515 0.736505930986252 0.755091332098636 0.776077922025356 0.789395968194552 0.790912915236509 0.790122457133765 0.790442130860589 0.785450531401667 0.78251768903631 0.78053234507514 0.781599796452987 0.790631373804607 0.798046980722267 0.806026905664701 0.812101836283406 0.810799691038894 0.804602894887519 0.804752491431232 0.805015126206095 0.808593517941901 0.808760772446872 0.808765503130673 0.803641740750852 0.80241491745797 0.798836990395186 0.779169304974911 0.765223629741007 0.72560906090818 0.662637764244029 0.598310094755402 0.493987046390385 0.384048920185134 0.282237875694338 0.252032604847267 0.242900977013322 0.243917595916588 0.217615517911074 0.243745034174034 0.416321413142829 0.0743997079363033 0 0 0 0 0 0 0 0 0 0 0 0
0 0 0 0 0 0 0 0 0 0 0 0 0 0 0.00800575497143076 0.620961273881362 0.40219664907311 0.36452337374184 0.389939271328941 0.383427452971394 0.335111145138688 0.276786180968582 0.273374493030875 0.359927249560737 0.46172198083819 0.582861293534588 0.692095798786182 0.756737445216799 0.784761016802829 0.779857003179194 0.759735957682055 0.731249676553327 0.723168342746085 0.736772719694682 0.765229835858369 0.805728783625951 0.819707011913178 0.822566015341394 0.821839395423208 0.818354788535659 0.811702725466275 0.803611194857707 0.79444135212584 0.780737582497558 0.75242348768598 0.725555543539935 0.70200350180783 0.699508491739018 0.71394783086063 0.744913739192103 0.766917962035806 0.780707866402122 0.77934605424663 0.777163376224549 0.787699012441474 0.790024204897769 0.787522663909008 0.789305361078786 0.789434025062436 0.796852107289298 0.811766247269873 0.81513139149359 0.822006453436575 0.822996257462509 0.814662499797102 0.807860955696039 0.799249304410174 0.801408630583395 0.79970386258293 0.795954122950363 0.791342390728625 0.792256724000962 0.787470878708458 0.774585539239095 0.748255936939979 0.706685912035306 0.656604790038833 0.568268979359261 0.457399409004861 0.31165980834842 0.217505756384432 0.17845119861953 0.190374865991051 0.200427994164674 0.197066365766914 0.311464678727485 0.533971261839447 0.00121131136631689 0 0 0 0 0 0 0 0 0 0 0 0
0 0 0 0 0 0 0 0 0 0 0 0 0 0 0 0.71082936067019 0.500104723644006 0.372300382659523 0.35177363195371 0.343831344676509 0.297256749230177 0.232879215528616 0.220262600827003 0.299872645080436 0.405323298353829 0.557573877353574 0.67810874304267 0.75348687982077 0.794443481723587 0.802603755952536 0.802034043858402 0.789701254645623 0.783623151427026 0.786741198282789 0.806555556070729 0.813988141339118 0.824825269378086 0.826462870684986 0.825349037650326 0.82264341022756 0.812655702576324 0.801450919850103 0.787943053094103 0.76195850379287 0.731266328950478 0.681711308972339 0.634444344857929 0.620598322244156 0.641855644298721 0.684597499986357 0.721190676439322 0.735268992918475 0.734699690258652 0.734410149530687 0.759026541208724 0.774300129172415 0.782738518470417 0.782322235630574 0.782919253059606 0.794377068172749 0.807938703697374 0.814087369569774 0.820178878135452 0.82135446679693 0.810431269151331 0.79937738342797 0.792049310880286 0.785175768187392 0.784727413325927 0.784661032077394 0.773948604294704 0.772523986306023 0.766195374681537 0.756513632604974 0.731505677953371 0.683263576357212 0.628078981526224 0.543075159487979 0.413437039414799 0.283104180349146 0.182045151541802 0.146235737456645 0.163810631950102 0.186264260447336 0.216979856742898 0.40256894982124 0.288947034273719 0 0 0 0 0 0 0 0 0 0 0 0 0
0 0 0 0 0 0 0 0 0 0 0 0 0 0 0 0 0.605735275542488 0.436894473782344 0.350581437144822 0.31041739899265 0.279308799802393 0.227258440258112 0.219456845705522 0.277913565867045 0.392190991911559 0.531608429966265 0.644928218937214 0.732607796800915 0.786053428018384 0.798805199233927 0.804335065386222 0.798166066946269 0.79946583126445 0.803143035806668 0.81371977942024 0.820477661055006 0.822975533781737 0.825789467381049 0.82543608103468 0.819865197751548 0.811596625585332 0.793859040215498 0.768653724294902 0.736241142492269 0.681445744969978 0.605629867945912 0.528705855484559 0.502010655546335 0.520894432044716 0.574617609447648 0.61351092996705 0.645337479446067 0.655588853973768 0.647232050148884 0.697210619046043 0.724845533619639 0.741245663320952 0.748010853020494 0.75831566967812 0.781196510152917 0.796202234532333 0.805104018449837 0.809283404252607 0.808446081634235 0.801226309699897 0.7877760956145 0.773248581198211 0.766497316178942 0.767698904665783 0.760704617466203 0.751635163334903 0.753741718210976 0.751464170687733 0.731595731160428 0.710515639254467 0.682517177143216 0.62587329626143 0.530584272608339 0.403806457889567 0.268038713775481 0.176540107442049 0.150761706439965 0.166237725517912 0.189249869592717 0.289037987382014 0.0724663279725155 0 0 0 0 0 0 0 0 0 0 0 0 0 0
0 0 0 0 0 0 0 0 0 0 0 0 0 0 0 0 0.313404637382082 0.551611776680489 0.382303915944202 0.304559389055439 0.279288667857409 0.265832160272926 0.274733084431808 0.324873805933687 0.405458697638354 0.502111344004431 0.622386005998758 0.709506204026915 0.761455873014603 0.783327262336779 0.784139602362684 0.784469241964096 0.787873687140892 0.801100809402203 0.810409608474824 0.81776452100965 0.819316134963443 0.818740842953559 0.818871899391694 0.816339311245063 0.809150917720358 0.787702977900576 0.753320817332924 0.687696247784739 0.608296237191715 0.516061105491324 0.410026662718624 0.371147780493608 0.383084868498192 0.43663841569692 0.485649939990154 0.527497691542061 0.54613511263105 0.564437738626379 0.609924300864235 0.65034093234312 0.688787396820786 0.704972784724621 0.724499821810581 0.754935496341705 0.781888913405941 0.789796541873742 0.795772039780173 0.789707146724176 0.780042673480516 0.767680265742245 0.753325158557881 0.741957780902175 0.741981232144655 0.729921145603549 0.704469913558561 0.705719710485539 0.707743297725646 0.706279674816545 0.684062911201399 0.654483621221376 0.583277046939226 0.503376630821068 0.373937187211985 0.246353872237119 0.172150293441271 0.161755295917661 0.170943445486797 0.207624273846502 0.33610365187519 0 0 0 0 0 0 0 0 0 0 0 0 0 0 0
0 0 0 0 0 0 0 0 0 0 0 0 0 0 0 0 0 0.441104330996326 0.458227426480145 0.327930656891969 0.284298354153876 0.298128194955436 0.326440475800411 0.381009765387645 0.433261998026532 0.49701618046291 0.583741696878271 0.673427209231662 0.719298868213649 0.745511267080586 0.748248293797659 0.742524846371194 0.74664594293988 0.772050399046902 0.79674948133861 0.811038637165078 0.812847780109483 0.807852181818201 0.80942039665656 0.814329941553796 0.806734633571984 0.777440286115563 0.728627929188977 0.638210852566759 0.517447717504907 0.399580866765719 0.306209375051285 0.258520203816032 0.269445716805077 0.322628186842406 0.37152226567042 0.418316089804366 0.426509749264267 0.444113454997328 0.510450285394679 0.593625695792617 0.636221691625598 0.6600654500747 0.689480486001021 0.736535706466936 0.763638151154866 0.772852102557043 0.771587466207311 0.763468933837287 0.746442851610807 0.734991583395974 0.729285089924371 0.71938869734485 0.707192136793336 0.683942175971498 0.666488406636976 0.640488671409802 0.642256018241723 0.637946831894376 0.635556713966984 0.61819529128614 0.556027582773463 0.445645579209696 0.340012417434412 0.224585282007165 0.172125520107655 0.163956594705775 0.165140657619182 0.250635678536903 0 0 0 0 0 0 0 0 0 0 0 0 0 0 0 0
0 0 0 0 0 0 0 0 0 0 0 0 0 0 0 0 0 0.148366258827675 0.567406427393589 0.386359179926778 0.302555550504115 0.310781520682477 0.360185041968555 0.416677278444714 0.455903497018945 0.501815966649181 0.560237304824092 0.618315661021855 0.678800674233166 0.702537842952612 0.699793693468848 0.694387950637591 0.687663998892952 0.707811239826189 0.757643961135642 0.787772052069142 0.79831268098146 0.79351898188968 0.79355076614338 0.796032415879047 0.79648771098096 0.770237923220997 0.70195277454128 0.597745844636071 0.454673204846877 0.34090658132059 0.260000403248796 0.223952032542661 0.229513291842114 0.259706319354378 0.296478801474592 0.325716119326395 0.338551721974586 0.361360335492931 0.45535234546118 0.541255294968594 0.604339266733654 0.631061432596201 0.669084968200739 0.724026767422243 0.750446882758832 0.747007187305048 0.74310749747245 0.72039423293076 0.713085714511877 0.701459411858949 0.692602254016408 0.692930451434174 0.670769321577565 0.627967107056017 0.588993453233255 0.555110046050705 0.540905860693419 0.566688815589002 0.575040307220665 0.5601237957961 0.502224627265559 0.398044043904415 0.280974770964663 0.193805295576883 0.171691004646802 0.161799290408289 0.189822490634305 0.346417294077045 0 0 0 0 0 0 0 0 0 0 0 0 0 0 0 0
0 0 0 0 0 0 0 0 0 0 0 0 0 0 0 0 0 0 0.235194112304448 0.478815127216173 0.334751372547897 0.314988669793261 0.36269841890044 0.415588601024026 0.464362454816703 0.495693939467177 0.529245246105547 0.574243101945179 0.621558748025734 0.641080683937773 0.623691025738523 0.59402308380358 0.594732749540315 0.631706400647035 0.697078947210118 0.763921681753639 0.775355625914124 0.757492394948387 0.758235527252908 0.774313804048991 0.786263902285808 0.764480830743266 0.68798363232637 0.546731778472962 0.401436101646284 0.291596648944276 0.239146649055561 0.231911569847982 0.24031795199922 0.252025954118961 0.276335809416742 0.290856178209947 0.286526823436186 0.332238931475141 0.434290744879604 0.528672297522245 0.597279039989419 0.62423016289911 0.666022847200548 0.70531364487028 0.72733642747599 0.719882117414799 0.686327452263129 0.674092078498714 0.67386193607454 0.678399829830944 0.655212872263685 0.658615357036663 0.6343553237753 0.561650114169472 0.517965320779659 0.461604055690711 0.44310246910624 0.451504370913038 0.482972266827443 0.487442701764631 0.436941696642488 0.345746598231051 0.239043002948075 0.177633078602803 0.171248289298388 0.169433205601502 0.273639717469034 0.269587468567656 0 0 0 0 0 0 0 0 0 0 0 0 0 0 0 0
0 0 0 0 0 0 0 0 0 0 0 0 0 0 0 0 0 0 0 0.600972284678406 0.436348905297091 0.337903456109143 0.338475062140156 0.39214613591862 0.437278762629081 0.465437178368218 0.487921196871424 0.517666130953554 0.559604211016784 0.563592605028481 0.546681717549419 0.490052071472124 0.477120461100645 0.52877618459738 0.636407463202463 0.719401998782149 0.730770135452 0.701064677913168 0.695835669346997 0.734603070053868 0.757502622343418 0.750821355283144 0.67490199275588 0.519585141131211 0.382445247284454 0.286237585370987 0.24870511879964 0.24787356874838 0.2700047877988 0.274154030282376 0.291796692731438 0.288493307898256 0.277682436496423 0.342256404268981 0.46219309861511 0.574993090830529 0.623729014858561 0.658793681562042 0.66063545446839 0.691839023257159 0.703785434727367 0.667435471174075 0.620149261800342 0.604759539967747 0.620537056437737 0.627706280134935 0.617337544725681 0.6087861362234 0.57690121973226 0.503429633214711 0.43369723325966 0.368080259663267 0.321672164783984 0.350855383296858 0.395570407570173 0.423703205259352 0.384513241351005 0.300065264722461 0.204889430306759 0.156801782005339 0.185504284760505 0.257373298195169 0.329214465251812 0 0 0 0 0 0 0 0 0 0 0 0 0 0 0 0 0
0 0 0 0 0 0 0 0 0 0 0 0 0 0 0 0 0 0 0 0.0564516964967652 0.559089641063278 0.411667097598194 0.343170792093312 0.355816316942184 0.392826175212656 0.417353806374628 0.437544036710163 0.464709586822203 0.500682296564982 0.496548633192999 0.467479627023423 0.39394541981699 0.37355219917565 0.44109520962674 0.569622405324666 0.66538085079834 0.660654252206492 0.617822756914667 0.618688211020191 0.669918349327348 0.716915306949492 0.727742628628198 0.662453767722312 0.511940370427024 0.365316874428609 0.277963701466748 0.274998171205167 0.28208579854751 0.290952136228778 0.316895054158519 0.335722565136206 0.325322779984468 0.339654739952337 0.393968335348185 0.502709754855863 0.603917824680393 0.656542512117732 0.679906627808133 0.687811952820004 0.691069328909868 0.657078065382013 0.606374619616555 0.530398048486687 0.516404047546584 0.56622998097395 0.584189843838415 0.585140089354208 0.573573199641017 0.535044646850818 0.456221850657571 0.355393655841842 0.268887940907471 0.22471958032389 0.267728194833139 0.314166162680282 0.348386025026169 0.332147153140619 0.255907557489959 0.183510780425129 0.182408740610895 0.283293256838541 0.395317258081109 0 0 0 0 0 0 0 0 0 0 0 0 0 0 0 0 0 0
0 0 0 0 0 0 0 0 0 0 0 0 0 0 0 0 0 0 0 0 0.180362681526662 0.526815731040396 0.413748241103727 0.349614187726614 0.361265037655168 0.367993457430022 0.381188014114565 0.401391467050443 0.442198107520574 0.455247847177365 0.414506301626151 0.329483916222055 0.294843567679623 0.383203467283181 0.525718881746494 0.619407615534828 0.593745025545549 0.531999138282132 0.512298926182033 0.564088399611786 0.659249017940338 0.697170465176678 0.648985356193044 0.512883403976641 0.369187777036292 0.275540864233047 0.287390314100176 0.307230701386853 0.317617561110597 0.328254133035087 0.358151273395351 0.385160558637752 0.397566431510978 0.447734318322149 0.551366735746696 0.649816866794731 0.691328053308461 0.7140569079737 0.70273810274879 0.689507651651168 0.62359592706513 0.522727215208789 0.420579594896497 0.409882998559485 0.47544241575553 0.536073255859246 0.545146325810861 0.54005178847975 0.489237418247939 0.402950501561103 0.288986856686001 0.221745915919401 0.180112351145065 0.201940115425332 0.24025850906621 0.290339228701114 0.262964186889638 0.221596570956393 0.205355089467729 0.295778867816259 0.295430175624698 0 0 0 0 0 0 0 0 0 0 0 0 0 0 0 0 0 0 0
0 0 0 0 0 0 0 0 0 0 0 0 0 0 0 0 0 0 0 0 0 0.335676668445796 0.507816328287459 0.409844181376506 0.357394555090555 0.335451290146014 0.333696069979656 0.350391674680083 0.408441659556997 0.422225039705824 0.378806345333665 0.296480636197041 0.261770445687068 0.350321762192122 0.512688947008035 0.57781280249182 0.513310399044752 0.422835282647093 0.398820524088029 0.475800564217198 0.583997639004375 0.672173868411492 0.639653079021713 0.511689331516342 0.368657893766851 0.282719417623361 0.285310104960359 0.324374791758086 0.326391997142698 0.332838741761986 0.387254541099396 0.4252712030882 0.450715604673131 0.503326117831904 0.589033929098277 0.659588689433741 0.708392920889651 0.726914871337089 0.716655975461782 0.681279328312898 0.57482685962453 0.441150757048869 0.305796446181151 0.309261867147552 0.379488917970385 0.480505201310894 0.503902474011419 0.493206715917154 0.439841415916148 0.341287613876697 0.266510555054828 0.19567078125705 0.155850111501032 0.175769954967052 0.214875580611287 0.245682445653891 0.230656540309702 0.254882238467212 0.336041035228994 0.133997025718218 0 0 0 0 0 0 0 0 0 0 0 0 0 0 0 0 0 0 0 0
0 0 0 0 0 0 0 0 0 0 0 0 0 0 0 0 0 0 0 0 0 0 0.519117391281143 0.521816918922894 0.421457588193232 0.35111989054053 0.321488273843133 0.330469381545129 0.363600314094049 0.383386441504526 0.348289434664011 0.28280638905013 0.261563209161733 0.369836152434127 0.504663901190106 0.536672042683479 0.463355034277902 0.355729916344406 0.318475200511507 0.401666546188787 0.539278640329682 0.625118483900427 0.626074867825703 0.518396011311234 0.37416355741068 0.280472480289907 0.294812916348321 0.328405205214629 0.329639582886634 0.336554025653067 0.391595709582922 0.451820215740301 0.494407144592352 0.548030515513317 0.61209014812215 0.676068556252876 0.715290109510042 0.727201239914596 0.722874515310953 0.68093426573398 0.533157016799709 0.343905513879756 0.213743068770615 0.204236834055927 0.312932992075999 0.435061226268534 0.48676339044701 0.469710410077473 0.415706823854467 0.323742597592178 0.255936693180045 0.180727774015683 0.153949245515952 0.164310553328311 0.191072531990775 0.22568243837053 0.260503748986689 0.393481439542998 0.298278822457082 0 0 0 0 0 0 0 0 0 0 0 0 0 0 0 0 0 0 0 0 0
0 0 0 0 0 0 0 0 0 0 0 0 0 0 0 0 0 0 0 0 0 0 0 0.173370998244591 0.56071165438899 0.428659687499547 0.345057827674383 0.313056809706517 0.313744175845313 0.341481162145287 0.316273733174467 0.274656270301123 0.273557988206616 0.377080473144506 0.499172060358487 0.497136637124949 0.418767111695876 0.302201988988572 0.282618516933871 0.366966471750086 0.501175249521848 0.608770864130229 0.618702535997158 0.504098151610011 0.370622643019643 0.287181985074451 0.299833829233876 0.316601222912447 0.3304554762387 0.33824279359196 0.366007669427348 0.472213769601582 0.533403131987731 0.575442169645063 0.614753303849193 0.662721296044194 0.687158692041774 0.712015940324886 0.710392191398985 0.665587980962355 0.519545807482361 0.332643801089063 0.176648427926125 0.156890562643522 0.257632059144537 0.395955103016584 0.46201004729802 0.474270365773093 0.390189055994471 0.334113986715089 0.255292416164119 0.178893584499814 0.143454918673548 0.14718813700243 0.204903304030616 0.298890405195519 0.368690647726362 0.0108519794359016 0 0 0 0 0 0 0 0 0 0 0 0 0 0 0 0 0 0 0 0 0 0
0 0 0 0 0 0 0 0 0 0 0 0 0 0 0 0 0 0 0 0 0 0 0 0 0 0.564290634393277 0.452024806320565 0.34989165488294 0.307377924916792 0.300243755912011 0.282588509799764 0.265719471420098 0.282055804275149 0.405792597056094 0.489645070438068 0.474942755075546 0.373873583692679 0.290456049264994 0.280422457963484 0.354048214664797 0.507125087734764 0.596168658429265 0.603809603442273 0.492923366375986 0.356331923327441 0.290062641763933 0.290884565266769 0.301400811631434 0.303534263730434 0.310799369392901 0.362363361932916 0.465254648029441 0.546356347900453 0.590270413208145 0.615762030371207 0.637559566900623 0.655042804860464 0.673049709907609 0.682075067068357 0.655046103758035 0.537349500909877 0.360597341914481 0.209827691219094 0.162334465579404 0.258490233760251 0.363720798029217 0.434292042444097 0.423661345107982 0.357329014660963 0.301686468652662 0.214769625090601 0.163114103014814 0.150096709982408 0.196164645841199 0.280863915643473 0 0 0 0 0 0 0 0 0 0 0 0 0 0 0 0 0 0 0 0 0 0 0 0 0
0 0 0 0 0 0 0 0 0 0 0 0 0 0 0 0 0 0 0 0 0 0 0 0 0 0 0.593260546440806 0.463704946950387 0.378236918594518 0.314604591650479 0.271674281758143 0.252627413907022 0.285163648954699 0.376986228884654 0.459925027095822 0.440642382947629 0.36144029492975 0.298099909642929 0.299553550617199 0.365964976013973 0.489921373208645 0.589900063641377 0.579006012177397 0.488366701136617 0.352113094331701 0.276689272001169 0.268553030553091 0.273481443988955 0.290998208969749 0.284581034774044 0.338487693505187 0.447068615714848 0.550879749625845 0.600160848311711 0.61000827733976 0.6036145276741 0.60070965824331 0.612799066990874 0.629656265130435 0.622297100989664 0.538220202843468 0.413681327007061 0.269465873993733 0.20270037045952 0.257155985563904 0.341109170452296 0.363878654679561 0.342647611888118 0.272077485543516 0.229852347621848 0.202600999000461 0.196165992827111 0.255251061213226 0.376116540962702 0 0 0 0 0 0 0 0 0 0 0 0 0 0 0 0 0 0 0 0 0 0 0 0 0 0
0 0 0 0 0 0 0 0 0 0 0 0 0 0 0 0 0 0 0 0 0 0 0 0 0 0 0.0443832499270968 0.645663458797862 0.533762886711716 0.420666923438625 0.313899206727826 0.258376393401218 0.238337784316607 0.311971929090536 0.39108408644758 0.39928279321807 0.359341542835863 0.324844709021677 0.331790714876735 0.384856374487464 0.485882495586514 0.568172276210824 0.558056983143301 0.455699091222463 0.344491967667478 0.269303379221182 0.25522028854673 0.257368322477597 0.262163101152126 0.276521528923968 0.311920959344469 0.431195381889933 0.537253960126075 0.599862709683219 0.602758723701518 0.571926362575651 0.541391350452173 0.544056704605393 0.564341212828433 0.576287417646981 0.523978570611725 0.43039996357483 0.31073301283953 0.228134016202779 0.224635304742726 0.269239845893347 0.265978645280638 0.249445221690125 0.228498953397523 0.245673342580875 0.275271239830622 0.327121565193173 0.418634862406592 0.00518999958759214 0 0 0 0 0 0 0 0 0 0 0 0 0 0 0 0 0 0 0 0 0 0 0 0 0 0
0 0 0 0 0 0 0 0 0 0 0 0 0 0 0 0 0 0 0 0 0 0 0 0 0 0 0 0.0462457308045091 0.0862967637302975 0.581062309028487 0.454041902676421 0.315150383884563 0.241425702927182 0.262242113744481 0.318410313848846 0.333819740165411 0.336001657651493 0.339992968664212 0.36109722440328 0.412418158233294 0.471157988814209 0.532135397468972 0.533204483658974 0.454659140735087 0.350575182542629 0.283884576101924 0.266328917278742 0.262635041655252 0.267920905803155 0.280060577186338 0.320653999599686 0.420447818214962 0.539464939181998 0.594107840740236 0.583434234028928 0.526375136362341 0.460806156155905 0.461467027895114 0.485223372667285 0.500155092188074 0.459361270715904 0.407633400384598 0.30032771791002 0.226405143609145 0.216216412878564 0.237393998552155 0.255447483925343 0.282997625065875 0.328621488826503 0.383317085636973 0.440701421844648 0.0581902075264618 0 0 0 0 0 0 0 0 0 0 0 0 0 0 0 0 0 0 0 0 0 0 0 0 0 0 0 0
0 0 0 0 0 0 0 0 0 0 0 0 0 0 0 0 0 0 0 0 0 0 0 0 0 0 0 0 0 0.00721287704640554 0.638041612153282 0.50316839561866 0.386219211222003 0.298048611307679 0.290923420983416 0.292653724975657 0.305076660449401 0.343226642290884 0.375632511292657 0.431313830921502 0.458622364654589 0.478818295123015 0.472850213177403 0.436059375547357 0.369906566330457 0.314931757648152 0.288934107133138 0.288569852776847 0.28354169282033 0.3001157422787 0.348535033490169 0.43613550335484 0.511186525662793 0.567771207645779 0.537423718263345 0.462366686970364 0.357928199125907 0.349978697962284 0.375294547577174 0.396181821030944 0.395314583987497 0.349386626508789 0.304563792384929 0.290343143633036 0.300270128106306 0.362104863823732 0.421413411802911 0.0847495362820288 0.087546086181255 0.104511989249146 0 0 0 0 0 0 0 0 0 0 0 0 0 0 0 0 0 0 0 0 0 0 0 0 0 0 0 0 0 0
0 0 0 0 0 0 0 0 0 0 0 0 0 0 0 0 0 0 0 0 0 0 0 0 0 0 0 0 0 0 0.0689756864180526 0.490312782963433 0.569297645107274 0.466238432267008 0.37868690921102 0.319420799763601 0.296198698452279 0.314829991970239 0.3544797715918 0.379662075063188 0.393271829174842 0.404931973382926 0.410499750369769 0.400707796338049 0.370807607025533 0.334318501731597 0.311108344012023 0.307879881959335 0.309882339060618 0.319271877024753 0.356158934906424 0.417868515251643 0.470451181456258 0.495433286759594 0.470454002912926 0.383940909553435 0.27291484261831 0.259448854104722 0.290857570740176 0.321100802786169 0.331023330047152 0.327020119041983 0.357333382801181 0.405840346421044 0.119254797565059 0.0662949154200664 0 0 0 0 0 0 0 0 0 0 0 0 0 0 0 0 0 0 0 0 0 0 0 0 0 0 0 0 0 0 0 0 0 0
0 0 0 0 0 0 0 0 0 0 0 0 0 0 0 0 0 0 0 0 0 0 0 0 0 0 0 0 0 0 0 0 0.222209782449746 0.214903449782446 0.356824043088432 0.453696899909862 0.372389562981022 0.327834403808162 0.320060131950733 0.318859690399329 0.314047980933234 0.314763974205266 0.320472185313278 0.32678737063411 0.330358363376149 0.314440184896321 0.310823995171429 0.315263147731173 0.330095196086702 0.348433248659741 0.363314834279567 0.385265123959918 0.405277691742459 0.422546297922747 0.392989418828196 0.330344299660856 0.278479666409862 0.284061854050184 0.333915194093323 0.356251063486868 0.369288910319155 0.416378138314269 0.271692589348414 0.0143531256754017 0 0 0 0 0 0 0 0 0 0 0 0 0 0 0 0 0 0 0 0 0 0 0 0 0 0 0 0 0 0 0 0 0 0 0 0
0 0 0 0 0 0 0 0 0 0 0 0 0 0 0 0 0 0 0 0 0 0 0 0 0 0 0 0 0 0 0 0 0 0 0 0.203134301919746 0.548562291299133 0.475537366491596 0.407458592036221 0.365322286628878 0.332278054860926 0.308709006882587 0.295817521271484 0.302229789098848 0.312572317556186 0.315881193018164 0.315868111953146 0.355324003581284 0.389170984338973 0.396373078095385 0.396601949484269 0.399815950711788 0.402244396339282 0.413113056652523 0.40433427829223 0.387528990266318 0.377241401645514 0.160264757426641 0.184684139444798 0.196570901600888 0.191181308652927 0 0 0 0 0 0 0 0 0 0 0 0 0 0 0 0 0 0 0 0 0 0 0 0 0 0 0 0 0 0 0 0 0 0 0 0 0 0 0
0 0 0 0 0 0 0 0 0 0 0 0 0 0 0 0 0 0 0 0 0 0 0 0 0 0 0 0 0 0 0 0 0 0 0 0 0 0.299634364077069 0.488945010142791 0.5516076901931 0.500718264555741 0.452643718907971 0.4276477331293 0.448763990432621 0.452275314140178 0.461138447803354 0.469909195773884 0.513143401615153 0.526534313733451 0.534696806187713 0.537253551904919 0.518849786030825 0.516849142763524 0.520146391868559 0.543630918912091 0.36637214615337 0.0282861987845692 0 0 0 0 0 0 0 0 0 0 0 0 0 0 0 0 0 0 0 0 0 0 0 0 0 0 0 0 0 0 0 0 0 0 0 0 0 0 0 0 0 0 0
0 0 0 0 0 0 0 0 0 0 0 0 0 0 0 0 0 0 0 0 0 0 0 0 0 0 0 0 0 0 0 0 0 0 0 0 0 0 0 0 0.0897086465714484 0.349822121391145 0.327206112884035 0.33037583408597 0.341132387040534 0.10249966919662 0 0 0 0 0 0 0 0 0 0 0 0 0 0 0 0 0 0 0 0 0 0 0 0 0 0 0 0 0 0 0 0 0 0 0 0 0 0 0 0 0 0 0 0 0 0 0 0 0 0 0 0 0 0
0 0 0 0 0 0 0 0 0 0 0 0 0 0 0 0 0 0 0 0 0 0 0 0 0 0 0 0 0 0 0 0 0 0 0 0 0 0 0 0 0 0 0 0 0 0 0 0 0 0 0 0 0 0 0 0 0 0 0 0 0 0 0 0 0 0 0 0 0 0 0 0 0 0 0 0 0 0 0 0 0 0 0 0 0 0 0 0 0 0 0 0 0 0 0 0 0 0 0 0
0 0 0 0 0 0 0 0 0 0 0 0 0 0 0 0 0 0 0 0 0 0 0 0 0 0 0 0 0 0 0 0 0 0 0 0 0 0 0 0 0 0 0 0 0 0 0 0 0 0 0 0 0 0 0 0 0 0 0 0 0 0 0 0 0 0 0 0 0 0 0 0 0 0 0 0 0 0 0 0 0 0 0 0 0 0 0 0 0 0 0 0 0 0 0 0 0 0 0 0
0 0 0 0 0 0 0 0 0 0 0 0 0 0 0 0 0 0 0 0 0 0 0 0 0 0 0 0 0 0 0 0 0 0 0 0 0 0 0 0 0 0 0 0 0 0 0 0 0 0 0 0 0 0 0 0 0 0 0 0 0 0 0 0 0 0 0 0 0 0 0 0 0 0 0 0 0 0 0 0 0 0 0 0 0 0 0 0 0 0 0 0 0 0 0 0 0 0 0 0
0 0 0 0 0 0 0 0 0 0 0 0 0 0 0 0 0 0 0 0 0 0 0 0 0 0 0 0 0 0 0 0 0 0 0 0 0 0 0 0 0 0 0 0 0 0 0 0 0 0 0 0 0 0 0 0 0 0 0 0 0 0 0 0 0 0 0 0 0 0 0 0 0 0 0 0 0 0 0 0 0 0 0 0 0 0 0 0 0 0 0 0 0 0 0 0 0 0 0 0
0 0 0 0 0 0 0 0 0 0 0 0 0 0 0 0 0 0 0 0 0 0 0 0 0 0 0 0 0 0 0 0 0 0 0 0 0 0 0 0 0 0 0 0 0 0 0 0 0 0 0 0 0 0 0 0 0 0 0 0 0 0 0 0 0 0 0 0 0 0 0 0 0 0 0 0 0 0 0 0 0 0 0 0 0 0 0 0 0 0 0 0 0 0 0 0 0 0 0 0
0 0 0 0 0 0 0 0 0 0 0 0 0 0 0 0 0 0 0 0 0 0 0 0 0 0 0 0 0 0 0 0 0 0 0 0 0 0 0 0 0 0 0 0 0 0 0 0 0 0 0 0 0 0 0 0 0 0 0 0 0 0 0 0 0 0 0 0 0 0 0 0 0 0 0 0 0 0 0 0 0 0 0 0 0 0 0 0 0 0 0 0 0 0 0 0 0 0 0 0
0 0 0 0 0 0 0 0 0 0 0 0 0 0 0 0 0 0 0 0 0 0 0 0 0 0 0 0 0 0 0 0 0 0 0 0 0 0 0 0 0 0 0 0 0 0 0 0 0 0 0 0 0 0 0 0 0 0 0 0 0 0 0 0 0 0 0 0 0 0 0 0 0 0 0 0 0 0 0 0 0 0 0 0 0 0 0 0 0 0 0 0 0 0 0 0 0 0 0 0
0 0 0 0 0 0 0 0 0 0 0 0 0 0 0 0 0 0 0 0 0 0 0 0 0 0 0 0 0 0 0 0 0 0 0 0 0 0 0 0 0 0 0 0 0 0 0 0 0 0 0 0 0 0 0 0 0 0 0 0 0 0 0 0 0 0 0 0 0 0 0 0 0 0 0 0 0 0 0 0 0 0 0 0 0 0 0 0 0 0 0 0 0 0 0 0 0 0 0 0
0 0 0 0 0 0 0 0 0 0 0 0 0 0 0 0 0 0 0 0 0 0 0 0 0 0 0 0 0 0 0 0 0 0 0 0 0 0 0 0 0 0 0 0 0 0 0 0 0 0 0 0 0 0 0 0 0 0 0 0 0 0 0 0 0 0 0 0 0 0 0 0 0 0 0 0 0 0 0 0 0 0 0 0 0 0 0 0 0 0 0 0 0 0 0 0 0 0 0 0
0 0 0 0 0 0 0 0 0 0 0 0 0 0 0 0 0 0 0 0 0 0 0 0 0 0 0 0 0 0 0 0 0 0 0 0 0 0 0 0 0 0 0 0 0 0 0 0 0 0 0 0 0 0 0 0 0 0 0 0 0 0 0 0 0 0 0 0 0 0 0 0 0 0 0 0 0 0 0 0 0 0 0 0 0 0 0 0 0 0 0 0 0 0 0 0 0 0 0 0
0 0 0 0 0 0 0 0 0 0 0 0 0 0 0 0 0 0 0 0 0 0 0 0 0 0 0 0 0 0 0 0 0 0 0 0 0 0 0 0 0 0 0 0 0 0 0 0 0 0 0 0 0 0 0 0 0 0 0 0 0 0 0 0 0 0 0 0 0 0 0 0 0 0 0 0 0 0 0 0 0 0 0 0 0 0 0 0 0 0 0 0 0 0 0 0 0 0 0 0
0 0 0 0 0 0 0 0 0 0 0 0 0 0 0 0 0 0 0 0 0 0 0 0 0 0 0 0 0 0 0 0 0 0 0 0 0 0 0 0 0 0 0 0 0 0 0 0 0 0 0 0 0 0 0 0 0 0 0 0 0 0 0 0 0 0 0 0 0 0 0 0 0 0 0 0 0 0 0 0 0 0 0 0 0 0 0 0 0 0 0 0 0 0 0 0 0 0 0 0
0 0 0 0 0 0 0 0 0 0 0 0 0 0 0 0 0 0 0 0 0 0 0 0 0 0 0 0 0 0 0 0 0 0 0 0 0 0 0 0 0 0 0 0 0 0 0 0 0 0 0 0 0 0 0 0 0 0 0 0 0 0 0 0 0 0 0 0 0 0 0 0 0 0 0 0 0 0 0 0 0 0 0 0 0 0 0 0 0 0 0 0 0 0 0 0 0 0 0 0
