0 0 0 0 0 0 0 0 0 0 0 0 0 0 0 0 0 0 0 0 0 0 0 0 0 0 0 0 0 0 0 0 0 0 0 0 0 0 0 0 0 0 0 0 0 0 0 0 0 0 0 0 0 0 0 0 0 0 0 0 0 0 0 0 0 0 0 0 0 0 0 0 0 0 0 0 0 0 0 0 0 0 0 0 0 0 0 0 0 0 0 0 0 0 0 0 0 0 0 0
0 0 0 0 0 0 0 0 0 0 0 0 0 0 0 0 0 0 0 0 0 0 0 0 0 0 0 0 0 0 0 0 0 0 0 0 0 0 0 0 0 0 0 0 0 0 0 0 0 0 0 0 0 0 0 0 0 0 0 0 0 0 0 0 0 0 0 0 0 0 0 0 0 0 0 0 0 0 0 0 0 0 0 0 0 0 0 0 0 0 0 0 0 0 0 0 0 0 0 0
0 0 0 0 0 0 0 0 0 0 0 0 0 0 0 0 0 0 0 0 0 0 0 0 0 0 0 0 0 0 0 0 0 0 0 0 0 0 0 0 0 0 0 0 0 0 0 0 0 0 0 0 0 0 0 0 0 0 0 0 0 0 0 0 0 0 0 0 0 0 0 0 0 0 0 0 0 0 0 0 0 0 0 0 0 0 0 0 0 0 0 0 0 0 0 0 0 0 0 0
0 0 0 0 0 0 0 0 0 0 0 0 0 0 0 0 0 0 0 0 0 0 0 0 0 0 0 0 0 0 0 0 0 0 0 0 0 0 0 0 0 0 0 0 0 0 0 0 0 0 0 0 0 0 0 0 0 0 0 0 0 0 0 0 0 0 0 0 0 0 0 0 0 0 0 0 0 0 0 0 0 0 0 0 0 0 0 0 0 0 0 0 0 0 0 0 0 0 0 0
0 0 0 0 0 0 0 0 0 0 0 0 0 0 0 0 0 0 0 0 0 0 0 0 0 0 0 0 0 0 0 0 0 0 0 0 0 0 0 0 0 0 0 0 0 0 0 0 0 0 0 0 0 0 0 0 0 0 0 0 0 0 0 0 0 0 0 0 0 0 0 0 0 0 0 0 0 0 0 0 0 0 0 0 0 0 0 0 0 0 0 0 0 0 0 0 0 0 0 0
0 0 0 0 0 0 0 0 0 0 0 0 0 0 0 0 0 0 0 0 0 0 0 0 0 0 0 0 0 0 0 0 0 0 0 0 0 0 0 0 0 0 0 0 0 0 0 0 0 0 0 0 0 0 0 0 0 0 0 0 0 0 0 0 0 0 0 0 0 0 0 0 0 0 0 0 0 0 0 0 0 0 0 0 0 0 0 0 0 0 0 0 0 0 0 0 0 0 0 0
0 0 0 0 0 0 0 0 0 0 0 0 0 0 0 0 0 0 0 0 0 0 0 0 0 0 0 0 0 0 0 0 0 0 0 0 0 0 0 0 0 0 0 0 0 0 0 0 0 0 0 0 0 0 0 0 0 0 0 0 0 0 0 0 0 0 0 0 0 0 0 0 0 0 0 0 0 0 0 0 0 0 0 0 0 0 0 0 0 0 0 0 0 0 0 0 0 0 0 0
0 0 0 0 0 0 0 0 0 0 0 0 0 0 0 0 0 0 0 0 0 0 0 0 0 0 0 0 0 0 0 0 0 0 0 0 0 0 0 0 0 0 0 0 0 0 0 0 0 0 0 0 0 0 0 0 0 0 0 0 0 0 0 0 0 0 0 0 0 0 0 0 0 0 0 0 0 0 0 0 0 0 0 0 0 0 0 0 0 0 0 0 0 0 0 0 0 0 0 0
0 0 0 0 0 0 0 0 0 0 0 0 0 0 0 0 0 0 0 0 0 0 0 0 0 0 0 0 0 0 0 0 0 0 0 0 0 0 0 0 0 0 0 0 0 0 0 0 0 0 0 0 0 0 0 0 0 0 0 0 0 0 0 0 0 0 0 0 0 0 0 0 0 0 0 0 0 0 0 0 0 0 0 0 0 0 0 0 0 0 0 0 0 0 0 0 0 0 0 0
0 0 0 0 0 0 0 0 0 0 0 0 0 0 0 0 0 0 0 0 0 0 0 0 0 0 0 0 0 0 0 0 0 0 0 0 0 0 0 0 0 0 0 0 0 0 0 0 0 0 0 0 0 0 0 0 0 0 0 0 0 0 0 0 0 0 0 0 0 0 0 0 0 0 0 0 0 0 0 0 0 0 0 0 0 0 0 0 0 0 0 0 0 0 0 0 0 0 0 0
0 0 0 0 0 0 0 0 0 0 0 0 0 0 0 0 0 0 0 0 0 0 0 0 0 0 0 0 0 0 0 0 0 0 0 0 0 0 0 0 0 0 0 0 0 0 0 0 0 0 0 0 0 0 0 0 0 0 0 0 0 0 0 0 0 0 0 0 0 0 0 0 0 0 0 0 0 0 0 0 0 0 0 0 0 0 0 0 0 0 0 0 0 0 0 0 0 0 0 0
0 0 0 0 0 0 0 0 0 0 0 0 0 0 0 0 0 0 0 0 0 0 0 0 0 0 0 0 0 0 0 0 0 0 0 0 0 0 0 0 0 0 0 0 0 0 0 0 0 0 0 0 0 0 0 0 0 0 0 0 0 0 0 0 0 0 0 0 0 0 0 0 0 0 0 0 0 0 0 0 0 0 0 0 0 0 0 0 0 0 0 0 0 0 0 0 0 0 0 0
0 0 0 0 0 0 0 0 0 0 0 0 0 0 0 0 0 0 0 0 0 0 0 0 0 0 0 0 0 0 0 0 0 0 0 0 0 0 0 0.000688208095527009 0.00103337595342928 0.000659172185395672 0.000500973841906982 0.00259650922657266 0.00916852219272628 0.00895303768887286 0.00903226490670487 0.00819055004959765 0.00736506867058371 0.00380182913114246 0 0 0 0 0 0 0 0 0 0 0 0 0 0 0 0 0 0 0 0 0 0 0 0 0 0 0 0 0 0 0 0 0 0 0 0 0 0 0 0 0 0 0 0 0 0 0 0 0 0
0 0 0 0 0 0 0 0 0 0 0 0 0 0 0 0 0 0 0 0 0 0 0 0 0 0 0 0 0 0 0 0 0 8.70251115668971e-05 0.00178309404293562 0.00858987212660961 0.010711308013378 0.0135232376459568 0.0201986324976927 0.00268333831051007 -0.000445580671814214 -0.00348952110719266 -0.00358473019756711 0.00658051577484833 0.0171497682806339 0.0275012845348608 0.0352831118761528 0.0172642183081227 0.00413248992141685 0.00218380111563336 0.000719877207469309 -0.0135388318012794 -0.0309658345234433 0.0592080804264511 0.11381178308194 0.0252223775027188 0 0 0 0 0 0 0 0 0 0 0 0 0 0 0 0 0 0 0 0 0 0 0 0 0 0 0 0 0 0 0 0 0 0 0 0 0 0 0 0 0 0 0 0
0 0 0 0 0 0 0 0 0 0 0 0 0 0 0 0 0 0 0 0 0 0 0 0 0 0 0 0 0 0 0 1.83626699776799e-05 0.00499569829682807 0.02491064838063 0.0380123869373041 0.0377966394801716 0.0387263594270216 0.0504897158070842 0.0592460186026534 0.0630998293816539 0.0671683860838097 0.0740918406572969 0.101686331713015 0.121392577402147 0.107212892374296 0.109033166739791 0.12858140423093 0.137458409837032 0.0777422931503644 0.132987464426243 0.137459734847417 0.065921127143294 -0.0196645184168582 -0.0863694470582392 0.118607982091767 0.0810945920538857 -0.00300689453582328 0 0 0 0 0 0 0 0 0 0 0 0 0 0 0 0 0 0 0 0 0 0 0 0 0 0 0 0 0 0 0 0 0 0 0 0 0 0 0 0 0 0 0
0 0 0 0 0 0 0 0 0 0 0 0 0 0 0 0 0 0 0 0 0 0 0 0 0 0 0 0 0 6.41904988484234e-05 0.00198446490496709 0.0138259607652453 0.108684487726739 0.168592323276346 0.120641882570863 0.127095960452716 0.141914706860044 0.146904610848319 0.131906443849574 0.113115485218214 0.102086679259478 0.11652397065424 0.127456996733568 0.122541500959478 0.110124731441243 0.108045317458017 0.121946306088687 0.12030303362661 0.0819955947989252 0.0811287390935903 0.115758652430962 0.128406806323579 0.0904467435632645 0.063486714761971 0.264065124909666 0.17027706509885 0.02441660614022 0.0539376358579285 -0.00366752075061919 0.0533706407149118 -0.206682828737646 -0.220609581503527 -0.00425878008377603 0 0 0 0 0 0 0 0 0 0 0 0 0 0 0 0 0 0 0 0 0 0 0 0 0 0 0 0 0 0 0 0 0 0 0 0 0
0 0 0 0 0 0 0 0 0 0 0 0 0 0 0 0 0 0 0 0 0 0 0 0 0 0 0 0 7.70692243141558e-07 0.00415157479444161 0.0266613384965886 0.0391031438916041 0.143161976055467 0.205417384463604 0.163485548976338 0.151464528816334 0.136872662995141 0.121044824458073 0.111831975444487 0.101502259104057 0.0956262058036318 0.108618301028393 0.127058366736214 0.0906106612984474 0.0566819721677271 0.0648007910153421 0.104582088516228 0.108307561357895 0.0822483978460338 0.060922661282455 0.0572378112637364 0.08673956093376 0.131610872554854 0.183345337829999 0.270025230621147 0.20374642220362 0.0756271505215671 0.0665286233912637 0.00477070055929599 -0.0267664141228841 0.0130068088768629 -0.576638284266824 -0.154630530580921 0.0331891760123253 0.000888113185975739 4.9870520552294e-07 0 0 0 0 0 0 0 0 0 0 0 0 0 0 0 0 0 0 0 0 0 0 0 0 0 0 0 0 0 0 0 0 0 0
0 0 0 0 0 0 0 0 0 0 0 0 0 0 0 0 0 0 0 0 0 0 0 0 0 0 0 -0.000291229310726795 0.010133454418861 0.0870062050535963 0.129247591672939 0.0972488171737426 0.17919171291518 0.199361244695113 0.155570912549615 0.120514656832973 0.0860897464240021 0.0658735206623495 0.0726386227530081 0.0774251402524868 0.0704537908073471 0.0742560470338768 0.152519436910532 0.130203610013052 0.0656773660563724 0.0824231462082864 0.155216751314533 0.15760969587314 0.0962382558259161 0.0598263402852674 0.0644400387478473 0.0871089993882862 0.113867852749251 0.136580790875242 0.146128602646424 0.133471091232547 0.0989816060023759 0.0859706208250201 0.0721238458137084 0.0547056217406096 0.121585420004775 0.0655182370755325 0.0627360215345618 0.203551739489916 0.045111462919417 0.00652578148634066 9.94898617223944e-05 0 0 0 0 0 0 0 0 0 0 0 0 0 0 0 0 0 0 0 0 0 0 0 0 0 0 0 0 0 0 0 0 0
0 0 0 0 0 0 0 0 0 0 0 0 0 0 0 0 0 0 0 0 0 0 0 0 0 -0.000377276395795913 -0.00773885384699487 0.00933806971742303 0.00832243270479558 0.0499014676951575 0.116853458873043 0.125490426262091 0.164292680376244 0.178991691559225 0.152895209750297 0.128821846364666 0.102068814118215 0.0855904393448697 0.0833366368934047 0.0793221724421858 0.0427039655460126 0.0224205581083439 0.13113694929064 0.131752887699384 0.0756619341810679 0.110924282758816 0.169477662696859 0.167148632918591 0.0812182249222455 0.0349455530135481 0.0345064710468624 0.0597271578994848 0.0869109878505666 0.112349509946003 0.116501679651965 0.106167152844739 0.0843360587220492 0.0734227350661871 0.0690084621191282 0.0402208709578061 0.0683926526691542 0.107092162843719 0.133614374939157 0.122565873093784 0.0724044269703557 0.0444615977720945 0.0106367242543586 0.019886575616875 0.0206211070127209 0.00590454804468293 0.000461541156990444 0 0 0 0 0 0 0 0 0 0 0 0 0 0 0 0 0 0 0 0 0 0 0 0 0 0 0 0 0
0 0 0 0 0 0 0 0 0 0 0 0 0 0 0 0 0 0 0 0 0 0 0 0 -6.65272360653704e-05 -0.0072463236247413 0.00558210173547145 -0.025195748769582 0.0316369144371741 0.113137633371942 0.11883731304176 0.0930537489322156 0.121850441937449 0.145018594344118 0.149467863529656 0.149658328057819 0.133670631028184 0.120675725490671 0.108483670149255 0.0957096321752362 0.0429018113195288 0.0101699592289379 0.082515265408565 0.102877949869634 0.0794392414052023 0.130447871463099 0.155303372860517 0.136538475601933 0.0508716130607275 0.0074826166113211 0.00314184174428183 0.0281265041598981 0.0608728253418303 0.0928364520284513 0.104580468955106 0.0977343969511873 0.074877561722847 0.0707021399249763 0.0632464603865154 -0.00252678004916179 0.00518091605614554 0.0793520024752368 0.131774846789605 0.120808051873378 0.0518678743836704 0.0558472822259105 0.0467396684227857 0.0724987677618917 0.141712023617493 0.0863163906825155 0.0454461056953864 0.00915360833658192 0.000303192532021115 0 0 0 0 0 0 0 0 0 0 0 0 0 0 0 0 0 0 0 0 0 0 0 0 0 0 0
0 0 0 0 0 0 0 0 0 0 0 0 0 0 0 0 0 0 0 0 0 0 0 0.00104850382132634 0.0187171876256878 0.0503496694118843 0.0317992515012017 0.0985206055252548 0.147732877740005 0.136614321431391 0.0985932520353618 0.0768662827945104 0.0876043126605571 0.10278431546093 0.131091595088532 0.154162697584 0.147611299719232 0.143809564927707 0.134415701062121 0.108880090193634 0.0589765828163602 0.0190811394804853 0.0635044147315735 0.084968462352475 0.0642954905370785 0.129488620579462 0.152823428331075 0.127379648059441 0.0499687848996781 0.0195064870247331 0.0161727397011161 0.026736263685354 0.05670023068707 0.0996403823734208 0.111724287459327 0.11786596523708 0.11360317031254 0.100658790472001 0.0791540029662721 0.0267492834435279 0.0363199843153936 0.0939027457403511 0.126359061998748 0.129389878862727 0.043150158183235 0.0429005100197372 0.0536694399582499 0.0490796694909385 0.146503373862447 0.141036506189895 0.140659309438008 0.159872955901642 0.0566330860933148 0.00448090054765522 0.000399180119242259 0 0 0 0 0 0 0 0 0 0 0 0 0 0 0 0 0 0 0 0 0 0 0 0 0
0 0 0 0 0 0 0 0 0 0 0 0 0 0 0 0 0 0 0 0 0 0 6.43843043526773e-06 0.0199331380811633 -0.0228973933647829 0.0559449621318095 0.171600825462574 0.198421666407483 0.1800468120064 0.129520584436675 0.0972850467660755 0.0739089404399844 0.074648877370311 0.087145691496908 0.113239770974286 0.132819865657667 0.14031678878004 0.150311326580039 0.151004615449842 0.12272554873868 0.0688430271984306 0.0386913557119615 0.0746660771254483 0.0784021885968764 0.0328962368693599 0.116186022067576 0.161379213351311 0.145985766985056 0.0800642547131484 0.052725327747972 0.0448794602310621 0.0365117093605467 0.0607344469936218 0.114435199141952 0.122581662792258 0.141652434641558 0.168935151231446 0.143902823033894 0.103118588733857 0.0704121996804552 0.0811400235205369 0.119325173270739 0.130450172426294 0.118343014725497 0.0522109910769818 0.0414009324198502 0.044409364628388 0.00958236768158462 0.087974668002858 0.110918402220678 0.103157337783826 0.178022084443458 0.225882245415546 0.0929463734224253 0.0799442482539472 0.00825891114405078 6.08174371998171e-05 0 0 0 0 0 0 0 0 0 0 0 0 0 0 0 0 0 0 0 0 0 0 0
0 0 0 0 0 0 0 0 0 0 0 0 0 0 0 0 0 0 0 0 0.000354064664166747 -0.00141337928267526 0.0261425994091585 0.0564448342699998 0.0892453163128559 0.199760984441213 0.233867171209467 0.246538141898298 0.198096553767023 0.136849169924416 0.0904079626371128 0.0582527878761144 0.0663524827839151 0.0845546909920937 0.101988110852376 0.110343030349988 0.12247886124374 0.146379897298272 0.161880843529319 0.127977039143041 0.0673075614813587 0.066435197616988 0.0945375129284507 0.0767538870881107 0.0059175797346435 0.101182396150664 0.165974260220245 0.158220944194626 0.104171840653793 0.0723898546930594 0.055148038723894 0.0504023712633005 0.0746507631767519 0.130046790486629 0.127879893778465 0.147356749499619 0.198297505617527 0.171080322317831 0.124694590514736 0.0998412194319854 0.0990794794810548 0.120243712037352 0.133277977973193 0.139192360549068 0.0886760053801384 0.059466578399573 0.046420330035226 -0.0269409018108966 0.0225037176224958 0.0865991752538583 0.0823746349095919 0.0965051011687802 0.141906962152293 0.159697691127659 0.11817591738566 0.0992154538358964 0.0169874427175217 0.000153549556470958 0 0 0 0 0 0 0 0 0 0 0 0 0 0 0 0 0 0 0 0 0 0
0 0 0 0 0 0 0 0 0 0 0 0 0 0 0 0 0 0 0 0.000941953486589367 0.0226329903831842 0.00440399949853324 0.0684133600149069 0.195287343153397 0.220525006351996 0.184742847756635 0.237846710654417 0.281904902285171 0.218280079445287 0.145250222265589 0.0833462633412185 0.0362382465062664 0.0524128237981484 0.0869271738430155 0.106626838390083 0.105133204144013 0.108197416668418 0.141869596090026 0.173182941649533 0.13677128267889 0.0647972840738536 0.0861625986065175 0.118228506579709 0.120142012954738 0.0581425910588509 0.10536474108139 0.149018825993352 0.156938852426924 0.11956743938786 0.0838563870788282 0.0519217876186986 0.0589983296694529 0.0904022721589267 0.143249436446612 0.120727108859879 0.123394071858144 0.186960896395887 0.180375104038861 0.143848651003469 0.114620142760054 0.0988265672311012 0.107755329221046 0.126568311365457 0.161845835327274 0.114820292436972 0.0779450497413039 0.0771471590252443 -0.0327975168118765 -0.013548016856166 0.100776505768145 0.0886556410757461 0.0831793175607625 0.0935322977523483 0.0943120833332185 0.123016487265084 0.200886748503514 0.267057724962934 0.033145096448659 0.000326761150498238 0 0 0 0 0 0 0 0 0 0 0 0 0 0 0 0 0 0 0 0 0
0 0 0 0 0 0 0 0 0 0 0 0 0 0 0 0 0 0 0 0.0216119029659004 0.0125380958197119 0.0456183576874176 0.166106585084843 0.243644831567358 0.198143535597354 0.145198190840222 0.220694165646439 0.291493113604362 0.228128085343778 0.152163984344119 0.0908057756000132 0.0477125679348758 0.0716463500809416 0.114886524728456 0.138529478253725 0.121793062230961 0.0998552887658627 0.140329091481741 0.180765343175459 0.150621081939343 0.0830089844662121 0.0905792326634883 0.133877592387336 0.166761530424065 0.115031981404872 0.114605624418602 0.126467576177209 0.14902468947451 0.128786380198725 0.0977950855159884 0.0531308812615369 0.0573517314017689 0.09433110590772 0.148980687105464 0.11187863003672 0.0960983188402058 0.169315090805214 0.18980954918916 0.164470106201246 0.13455396784937 0.106837972692622 0.0993397449564117 0.112310707188006 0.176867430494241 0.142608433371456 0.102540735712958 0.126505608144265 0.0386735965951487 0.0537584395223348 0.173170184309681 0.0946783900369882 0.0406624337151283 0.0631095183557717 0.062199556217894 0.0773901846313461 0.14019261672145 0.275721018033408 0.348832894564141 0.0290434870042075 0.00342307912805625 0 0 0 0 0 0 0 0 0 0 0 0 0 0 0 0 0 0 0 0
0 0 0 0 0 0 0 0 0 0 0 0 0 0 0 0 0 0 0.0012387185626053 0.0208356070303827 0.0281844445246457 0.139252934480196 0.210758072719942 0.194591751149256 0.150089090677187 0.116419125132735 0.190708693227742 0.267072901484745 0.217410228937751 0.154582164625153 0.116539817115094 0.101542795781087 0.121414336474732 0.158870374188105 0.176632276770231 0.143084801128784 0.103814626172903 0.145806939502972 0.185126476046495 0.16478148816071 0.106239706154923 0.0950760701825123 0.135263285361499 0.175470855282833 0.139570182159973 0.115377100185056 0.101030861755993 0.127480516833932 0.123323072444591 0.109803916646295 0.063519957118342 0.0485527302064752 0.084507303680934 0.148058255179515 0.113511843444749 0.0836240423232137 0.129415022669818 0.168663417920088 0.18019366741599 0.16878647999702 0.143114032180932 0.110041141647802 0.104001683801222 0.184733021911627 0.174472498217905 0.136831627879012 0.17212360048485 0.121993258764238 0.132857815677678 0.220167185728043 0.0952898753241952 0.0261456479264962 0.0420304356284667 0.0422462511704325 0.0399385484093013 0.0615700514854509 0.19260325132386 0.202383347089339 -0.313607754608443 -0.181857122001902 0.0033709021713126 5.94595052568083e-06 0 0 0 0 0 0 0 0 0 0 0 0 0 0 0 0 0 0
0 0 0 0 0 0 0 0 0 0 0 0 0 0 0 0 0 0 0.00485438372373394 0.0305367438300976 0.0714687566207742 0.199064652228835 0.172962800304363 0.140735315714378 0.115238416991712 0.0941295440311562 0.157513024808558 0.231254217508068 0.198806173595829 0.152344462113293 0.139532948456313 0.154130012416805 0.181273521247127 0.192402107173754 0.179829054375771 0.141882816253412 0.126401632475994 0.163487830693307 0.19076364681307 0.173091495760667 0.124453810268414 0.104419195396826 0.122220223521705 0.146835318492474 0.131131811736923 0.105051438543732 0.0750938304804812 0.0962326333250916 0.108422879329405 0.119364562579499 0.0739680517303578 0.0425162828983015 0.0727224450135328 0.151333727295014 0.121469331384401 0.0787908829832192 0.0933871273039532 0.136941902604187 0.186738349571348 0.200899852174596 0.195293570834402 0.140434250406188 0.10790512288157 0.189114747816124 0.202068723400259 0.166182721643797 0.202429997647223 0.178019345766225 0.173878864001472 0.17042423516895 0.0773800366328419 0.0364805269039595 0.0446277845813084 0.0459379451973332 0.0417730333332027 0.0359887731330428 0.0975365557754595 0.178102018502324 -0.038255001705825 -0.411205258746568 0.0278717299534709 0.00133427208847962 4.31870071336151e-05 0 0 0 0 0 0 0 0 0 0 0 0 0 0 0 0 0
0 0 0 0 0 0 0 0 0 0 0 0 0 0 0 0 0.000596947191799178 0.0187079037981577 -0.00943643041644281 0.0600678783630176 0.184248041278049 0.165485035780696 0.129832661725563 0.108622821478709 0.0988842947477755 0.0831396741781019 0.123042507309236 0.190173921829797 0.175423901464832 0.142916493387196 0.143477930767054 0.166822053402966 0.182222077616734 0.169667975627015 0.147468073840696 0.135224959145717 0.152057785763513 0.182634591298155 0.195850618333336 0.176262595126613 0.136592690469092 0.116297011296117 0.116738298696115 0.121870914651842 0.117803159777112 0.091088890389071 0.0542210093256678 0.0700572340889694 0.0894540301135482 0.112205109997037 0.0825441347099637 0.049267346697011 0.0671343707333804 0.141440497885276 0.12192642241628 0.0859005585974449 0.0801854421152128 0.112995700139137 0.178424999119026 0.215400153271003 0.23007637237064 0.168836411378184 0.119314575037555 0.195178780605619 0.215898397452671 0.187317365705417 0.208061517910202 0.196363781989536 0.187036048197131 0.112309984548098 0.0603093063214257 0.0511322266997991 0.0548605084669 0.055736848471696 0.051759565155957 0.0408287494884091 0.0497591827095534 0.129966681135569 0.177384092967039 0.0577649049731909 0.0174308647018955 0.221646054736261 0.00727370598350709 0 0 0 0 0 0 0 0 0 0 0 0 0 0 0 0 0
0 0 0 0 0 0 0 0 0 0 0 0 0 0 0 0 0.00978939269385055 -0.250387023058898 0.0567722400971958 0.13059780721306 0.205267302352283 0.123178527062894 0.101095494524733 0.0864160941436921 0.0861969925891758 0.075755283944508 0.0897156269905402 0.134118923226203 0.139191494696889 0.126561103899061 0.129511456487333 0.148170074118142 0.157062464608696 0.136674788766445 0.11990017531393 0.13909445860991 0.173289107229259 0.191288371463617 0.196967875659235 0.176242079955678 0.147496430497582 0.140967078317521 0.135874689231891 0.120216688211712 0.0992484138338769 0.0779481458763782 0.0579981533165829 0.0639492943546249 0.073163007301227 0.093466857716287 0.0888835573516836 0.0624807458607344 0.0681911766161881 0.117969470113591 0.114277071368095 0.0945533940470655 0.0808872122490352 0.100602141368607 0.158364744605347 0.209041644480469 0.243573856451495 0.19772252619876 0.14856049962128 0.186495564911687 0.199781378063464 0.203349366883228 0.201837414856471 0.206193598001776 0.200353642740877 0.104506684756656 0.0716503014131516 0.0745695462686005 0.08186543769932 0.0881174399454194 0.0917261872438028 0.104663942549839 0.100700782994801 0.098227501321092 0.18469801821122 0.386443952331335 0.221190942127121 0.36353775269495 0.356821831325718 0.0401078927315016 0 0 0 0 0 0 0 0 0 0 0 0 0 0 0 0
0 0 0 0 0 0 0 0 0 0 0 0 0 0 0 5.1219208922972e-05 -0.130868332299745 -0.271059841443893 0.08349996272197 0.160867657350656 0.170710064246156 0.121174621787921 0.110769583554454 0.093589183605762 0.0854296242437522 0.0666912216905018 0.0633633344999687 0.0778166222069872 0.0965672155199867 0.111418066729409 0.123566454046243 0.138843191779714 0.142543341447378 0.129992423677911 0.13721102548834 0.164496321091459 0.187704788142368 0.194679194152831 0.192795650422997 0.173944109997083 0.163709544695968 0.176524714960051 0.159590033408141 0.122362845753722 0.0788261979675365 0.0707933154934212 0.0662552124357575 0.0607923142860102 0.0625559596513011 0.0803595495242485 0.0962225609900474 0.0683436291957077 0.0708386003546779 0.0967160037607779 0.104350620023931 0.0954833749486794 0.0807965049258361 0.0946099365236993 0.141351892209069 0.200492629084145 0.25070413004494 0.223755732993317 0.183724418045104 0.167704305019718 0.174666064598607 0.217090576504346 0.197230702779535 0.214118420441508 0.205032379047961 0.113684728435519 0.0852747126287512 0.0919954927249556 0.0997692617221104 0.10742031025015 0.112776643572112 0.160682984372262 0.187184565600947 0.112402791291837 0.132051687742107 0.310206591068022 0.344941546027494 0.186881864388307 -0.192409956203827 0.174466009070762 0 0 0 0 0 0 0 0 0 0 0 0 0 0 0 0
0 0 0 0 0 0 0 0 0 0 0 0 0 0 0 0.010908065480698 -0.537530605217906 -0.0646955214330202 0.110384737597169 0.162278597206326 0.14938687800331 0.142510335719197 0.126010567719169 0.10795468772105 0.0885281738583563 0.0580150443572175 0.0550492872651364 0.0686316368079542 0.0942848528701391 0.122180391548075 0.1378137900903 0.148211479268672 0.154335892884876 0.159007181761169 0.171990755838429 0.186175251187985 0.191616951086496 0.189749824948839 0.183668069319519 0.175592649444758 0.1818703968457 0.199484479815666 0.173613894484543 0.131586646422356 0.0816615609548883 0.0852082264113554 0.0861864857938888 0.0744240983121761 0.0731404992231401 0.0875532401260972 0.106259874051112 0.075301487450036 0.0750103669827687 0.0859136515588515 0.102790373174623 0.0992208756935998 0.0831435440998585 0.0931350908986788 0.129160858597846 0.195485227055125 0.255916089027049 0.241289180929198 0.207296748456581 0.153301282669686 0.160003329121115 0.209083920951991 0.198014977401844 0.218172221341159 0.202833802042165 0.120856494951327 0.0990219299770393 0.107240094449995 0.108741608816417 0.108499488461657 0.106804532770412 0.173223588614654 0.236973468308426 0.141964978565306 0.0961754766047236 0.175411462500178 0.314920096778339 0.12829584901687 -0.160218983159979 -0.429843661988726 0.0432904205241836 0 0 0 0 0 0 0 0 0 0 0 0 0 0 0
0 0 0 0 0 0 0 0 0 0 0 0 0 3.99618512812768e-07 8.02853261621377e-05 -0.101889373702306 -0.581432824775873 -0.00446852018084306 0.146220306710102 0.143030701695337 0.145993084641702 0.154419474771091 0.13695435555646 0.120100469940395 0.0963098439283693 0.0699375879106871 0.0738809097107195 0.0961396574882642 0.125599207329675 0.153839620388549 0.162916844765903 0.166152158191916 0.173499121059489 0.178850192925794 0.183840435062292 0.188054165090925 0.185154380190206 0.17786236481695 0.169321632610524 0.168891303763792 0.191889130698477 0.215693671184705 0.184686462250506 0.145314056438981 0.0976276968534624 0.109032638528479 0.112225006180588 0.095328000270037 0.0926844567093628 0.103216044737567 0.11427308322747 0.0860672539167173 0.0818080438088382 0.0884272133106404 0.108580719945376 0.108891215543335 0.0930852763349222 0.100841219753266 0.127757593033906 0.196444396057207 0.260256196579315 0.241933602484301 0.204825628060496 0.159940605125038 0.160114601063668 0.18461486327295 0.201168395255008 0.220749119704916 0.196993817795827 0.13023265113816 0.118762606237703 0.121510978559459 0.10165548378946 0.08769510454034 0.082457162796892 0.113359258056474 0.163455485986671 0.151606205785212 0.124407971840178 0.129364559034863 0.264221289971171 0.130788784094977 0.124720792487556 -0.774315116147628 0.163204183462523 0.000441475238929472 9.46019655265112e-08 0 0 0 0 0 0 0 0 0 0 0 0 0
0 0 0 0 0 0 0 0 0 0 0 0 0 0.000397139468773482 0.00364998670751853 -0.954670516477289 -0.0795851980014085 0.0828036522149058 0.153206588277689 0.142370580457713 0.152415657795445 0.165322608634584 0.152939780700951 0.13324040878349 0.110360693314873 0.106219601773207 0.140059628251796 0.180166475747525 0.200189128439373 0.207626348196355 0.19942985417602 0.189963799145944 0.187035277829518 0.186935593629206 0.186017049425018 0.178400184403873 0.163506050092371 0.149205442411861 0.15404664090899 0.168315858258266 0.204188152264328 0.212318622707587 0.187960206789231 0.159148935885758 0.12044865363065 0.130958674681455 0.131338706092468 0.113382725075022 0.11126795004269 0.117721647979804 0.123458007110468 0.101679576954111 0.0874309742379364 0.0892996014289485 0.11766057102646 0.125790675772727 0.116453890555291 0.113928016433978 0.128216366075081 0.2011650103255 0.27013843540562 0.241913562164172 0.202553425785038 0.17526082188417 0.162914733190954 0.166969217495231 0.201645070374198 0.208836365743332 0.188979794466685 0.159998796491934 0.158463558325716 0.150351585643491 0.107358868240731 0.0802465210509185 0.078601005931321 0.0841922119979903 0.105662374466596 0.156781628426426 0.165513678317142 0.181334366040716 0.2572906403672 0.151731629518016 0.101987306912687 -0.643832373448921 -0.209830180914993 0.0115260575457016 0.000289680529144054 0 0 0 0 0 0 0 0 0 0 0 0 0
0 0 0 0 0 0 0 0 0 0 0 0 0 0.00411719628780694 -0.0998515912928927 -0.288056139346477 0.0211911111995601 0.150162799812635 0.147743962650821 0.148815088086665 0.161298440139619 0.180124059827133 0.172235242293887 0.151594163715774 0.142454596077253 0.168595669438032 0.218400371271001 0.253287632617478 0.256919203132911 0.249294098586671 0.193360679458262 0.138896686763867 0.16581592841752 0.201459444566674 0.187071211758623 0.159569012458654 0.133482897308038 0.123439572769899 0.135285550219753 0.155417185299819 0.181995435977593 0.188324231815478 0.186263236884325 0.178131380653304 0.158199929683609 0.146289769023814 0.134951945788157 0.123178313060126 0.126630935571409 0.128757368053476 0.126761350603329 0.111750311342572 0.10300593823327 0.108127463071928 0.137293112935743 0.145664821575881 0.135149177632497 0.125835615396694 0.130981869074945 0.191858141621697 0.250678796195536 0.223690814193637 0.198434470771366 0.192548469029524 0.177058177293397 0.170877095796014 0.177907651247182 0.180859576710772 0.183241391380984 0.19334999954553 0.194036053406527 0.188620487843866 0.154928802418425 0.143615997860731 0.160786177310975 0.160882820220832 0.13494078211778 0.107928847123582 0.105186228208215 0.142048950197717 0.243234614810562 0.170992637215617 0.0355980566676629 -0.1429208991553 -0.411280269194572 0.00141731718441717 0.00777370120648586 0 0 0 0 0 0 0 0 0 0 0 0 0
0 0 0 0 0 0 0 0 0 0 0 0 0.000126519234583276 -0.0039647243774437 -0.52012043555715 -0.0103817894235273 0.081457572033901 0.152987032617058 0.149807641332185 0.168552161980632 0.180245946951758 0.193232360134453 0.18895010492777 0.183803753384357 0.206683178056088 0.251927576759611 0.289567889156667 0.297791959750042 0.288640529495788 0.239854809866204 0.15923699925456 0.111473143814879 0.137400507276109 0.170357977467585 0.150064080157721 0.122192844221118 0.101970041429044 0.0967423492398257 0.111705250775272 0.13534772682559 0.162848356903929 0.169357704472362 0.173091164656486 0.186023554643639 0.175649432804598 0.144694967215898 0.131905410844733 0.12996276464255 0.139559505167181 0.137664386160608 0.128444821915914 0.120721479871573 0.124864547238572 0.139840586661378 0.164390594878529 0.161853468286653 0.139617149330607 0.129030519728893 0.129793810919507 0.16276564290347 0.195555564956895 0.188954337015185 0.189957513086504 0.196604295993628 0.184452003005985 0.166689338856209 0.146001589108565 0.154430935441537 0.169635725260369 0.191449604002071 0.205194387687769 0.212993021386402 0.206050691147644 0.215025262959562 0.241704889904759 0.236167408923671 0.160677805233792 0.0117719722170572 -0.0404543362022399 0.00294928139468469 0.183118059058244 0.185620841901134 0.0623320706778262 -0.0129294727099908 -0.167538835538876 -0.0099827035221149 0.154012921601018 0.00022370802209449 0 0 0 0 0 0 0 0 0 0 0 0
0 0 0 0 0 0 0 0 0 0 0 0 0.00646301678189651 -0.237579523652419 -0.578869678533806 0.0207800831691938 0.0897268713833471 0.124280641317624 0.158458544304061 0.196513522087079 0.203829509267946 0.208958209694896 0.209364413682448 0.221461851791199 0.247279593749388 0.262585667077439 0.25507900672481 0.222015075680832 0.172057035929133 0.123453123479387 0.103357414043465 0.106390144016105 0.127370416090514 0.160122175353671 0.171146281806287 0.168253852275419 0.121096026690792 0.0892541466759875 0.108614160315625 0.140221665039367 0.169767613304247 0.121509073482224 0.0857407681762116 0.109738761268481 0.117204006460636 0.114041496959809 0.111670609143661 0.116651943565337 0.129330095098068 0.136488041823997 0.140021331814094 0.146351626156205 0.159903072032886 0.172791419787741 0.168927263735744 0.15546922785409 0.137712652237113 0.125615280845624 0.119984825201759 0.132508371156193 0.149172561689191 0.158960346716972 0.159336550407163 0.139059432306133 0.135021968251443 0.130031169950228 0.122064496905187 0.134706198581327 0.150709087413753 0.183728032934672 0.19440918152155 0.187310524058287 0.19947662672315 0.218951562633699 0.223070537995605 0.219264958977176 0.158016712202579 0.00927664716677209 -0.0629446505523624 -0.028747430694792 0.168821303771291 0.177691332762103 0.116892757008335 0.111177897655072 0.0241354398557659 0.0521567920859796 0.305638717403279 0.0116711704972697 0 0 0 0 0 0 0 0 0 0 0 0
0 0 0 0 0 0 0 0 0 0 0 0 0.022608358598611 -1.05707352448714 -0.310388586090032 0.0311662369041379 0.0787214810497872 0.108271728153642 0.157553098284855 0.201252735617149 0.205026558426449 0.207403484024898 0.211853035136735 0.214918884586494 0.220674591074526 0.217623348222438 0.195454549938754 0.165720051132795 0.139255083650012 0.12311626456341 0.119960037008859 0.117118335384924 0.133631890418962 0.180882669624958 0.205300720171785 0.200026829758885 0.14744385627548 0.0819248378941932 0.0944721048862067 0.110345588108339 0.11461486034376 0.0548473324639554 0.0343004435810445 0.058562067904624 0.0738490140793191 0.0851585495115909 0.089856745085992 0.0978405283197304 0.108932386510846 0.126666151039254 0.141427036584901 0.158553910216233 0.181720601284478 0.19581955627225 0.167924211992194 0.144886433344048 0.134012442867804 0.121693643563441 0.11108220435115 0.106533639004928 0.10617570495359 0.120545347434243 0.109757608668853 0.0807068819141842 0.0863154108462924 0.0936796579206162 0.110114673887005 0.130081784793613 0.151641592967475 0.17308176423293 0.161484222364961 0.133547775555084 0.175145759301223 0.210645245882536 0.180902853477362 0.179817048255176 0.155427514166561 0.0890745126614488 0.0589891556727178 0.0936241338114956 0.176825656816275 0.160729155450863 0.134181509626654 0.123943660868144 0.0109861727044052 0.00431657791005642 0.0394058181261272 0.0257766401770632 0 0 0 0 0 0 0 0 0 0 0 0
0 0 0 0 0 0 0 0 0 0 0 0 0.01669863745737 -0.902120539614212 -0.0609166752034993 0.0298291193523915 0.126518862323958 0.127829675193961 0.125136110163202 0.160816688391829 0.184831038601684 0.194604964280467 0.205229598031945 0.205612450368921 0.224440455549239 0.229880349951453 0.207639568785311 0.173873900000435 0.156046931376568 0.148509695685828 0.147657237418969 0.147935546955153 0.160926634915236 0.183073561611727 0.172731524487501 0.14751286454827 0.120943141863486 0.0679321693210802 0.00660355273421121 -0.0704771029332699 -0.146773134626741 0.00577863208342531 0.0503985282103975 0.0610248052095304 0.0582621837230334 0.0626146706664186 0.0776239500057308 0.0861550244101613 0.0927513353497027 0.107840456543749 0.126549025787804 0.154140793967018 0.179824673235109 0.192649807860733 0.178401454412059 0.162810761702879 0.150063753189957 0.141489720684343 0.134177161614331 0.118129956076216 0.104216899176123 0.104382575781962 0.105814467051235 0.107597509867894 0.0988350602290602 0.10008984732251 0.113994922577507 0.134490727600651 0.156017548269072 0.158791608485726 0.127242772395062 0.1056530987666 0.148569411344029 0.170503320186187 0.160333651968134 0.15536181130964 0.145593163471615 0.133129586412818 0.132960060305784 0.165918202479705 0.162259314946318 0.152892356919708 0.146217409995617 0.122386137755174 0.0356769777780537 -0.0609971222819072 0.0800709536851086 0.0331623706694142 0 0 0 0 0 0 0 0 0 0 0 0
0 0 0 0 0 0 0 0 0 0 0 0 -0.0447660472248694 -0.95054362730656 0.0400578292064071 0.0358793003097286 0.188159762586832 0.142044433683031 0.104476476806944 0.121371909655744 0.141906149570274 0.140116486030253 0.124533228571338 0.163839381736171 0.230878678194224 0.247915403815595 0.212372916651693 0.182439855083946 0.176204980178902 0.178692732703071 0.179496693736563 0.175367944798318 0.170972468082697 0.173121281711916 0.163140190515834 0.152527727260642 0.163709285213814 0.186669713053969 0.125586882054122 -0.000118276416932787 -0.0611722767131423 0.100312838302929 0.154128059689734 0.10434113178798 0.0839125567651374 0.0718030722986555 0.060445279367212 0.0622825838909677 0.0732286530135026 0.0894593881596989 0.116485136518233 0.150197227624127 0.178906491322505 0.191741425261554 0.179644272406874 0.170594704671418 0.16119880948372 0.159237640385603 0.153355504492696 0.130816076480894 0.12099008198828 0.123633474674706 0.128626272017857 0.119310703132911 0.0897249509248553 0.0852866432103809 0.0972485516581863 0.101762764802295 0.10495352865039 0.114930712622959 0.105589212400019 0.103987576622217 0.112408037438703 0.129076926278867 0.153654694641748 0.140080005468842 0.121250110785995 0.0956687691838012 0.0953278200160929 0.131969375494596 0.150147099802818 0.126655940761152 0.110783627870983 0.153001600502124 0.10364645008688 -0.200628486267127 -0.00209529754233866 0.100902696010016 0 0 0 0 0 0 0 0 0 0 0 0
0 0 0 0 0 0 0 0 0 0 0 0.00848082646312001 -0.317306473114934 -0.602738500152429 0.0335188270233527 0.0697978300617214 0.231927285412097 0.14474312349358 0.123268393356073 0.0948908842661712 0.0866157080074353 0.092250137267285 0.100613026461632 0.154158581016502 0.215382476844881 0.231955811587944 0.208260892742566 0.187753447531372 0.184091886680238 0.188532799911532 0.186032915538153 0.172833861501455 0.158374228518754 0.154014341066325 0.144413544997007 0.159864424778579 0.17383963506911 0.164107723059415 0.160644828473463 0.0841270221891105 0.0586899046346739 0.182703675246206 0.25824041692548 0.16640947398392 0.107887847354374 0.0744617849881755 0.0426426029538419 0.0397400422214939 0.059325203729198 0.0899820113832132 0.125766249499523 0.158942883746294 0.180328830836532 0.187013016932063 0.175022948523691 0.171289622615301 0.166304155430491 0.16652877635322 0.165167910821559 0.159584114675268 0.165553519977121 0.166597366778297 0.136759558354748 0.101853173028166 0.0584713412116218 0.0560178487564842 0.0643357932809776 0.0522028867551886 0.0580211023319806 0.0831992170207374 0.0919441649824601 0.0943526787785031 0.0880298577213743 0.117219290115052 0.153449433461962 0.116980983130049 0.101736746784593 0.0846547932088258 0.0809640390145664 0.111344973383359 0.136873715687903 0.100630483992232 0.145098521192977 0.314177763994856 0.162473657527179 -0.172887348359464 -0.231699930523463 0.0238902935655622 0 0 0 0 0 0 0 0 0 0 0 0
0 0 0 0 0 0 0 0 0 0 0 0.0278505835440537 -1.01889808273195 -0.0330891113422771 0.0091337559176199 0.062602440045681 0.131855633876147 0.15106787869676 0.14720590440665 0.120819101886705 0.111004870526719 0.122824313385838 0.13258662295477 0.168503733711659 0.21309772954407 0.217924886634682 0.179792753361739 0.14847972906753 0.144856846003283 0.160061549336545 0.171461231739035 0.162978760301978 0.145225697143101 0.130193376757332 0.114946409469603 0.163805499674085 0.192706628626743 0.161110821872075 0.157610203434279 0.131485197748447 0.0585611262909058 0.121769530676433 0.205215205894726 0.168952950021003 0.121887957571828 0.0696305734765948 0.0469674784460722 0.0488870946352671 0.0621659111121355 0.0869490289180156 0.120777807545755 0.146536735499447 0.152513173833056 0.167653409498011 0.171677917644399 0.173781284723598 0.17166944522769 0.171353480028524 0.175199130339765 0.17892897318923 0.199468536059668 0.193332463527749 -0.0122147474433702 -0.149107291921906 0.049834142670217 0.0482504458616493 0.028084545892595 0.026083481662494 0.0441553180060824 0.0708513074156276 0.0778598299706076 0.0781296540914517 0.0774663035185578 0.123218289722758 0.163137547321744 0.0970377438236857 0.09677819619213 0.0937325867465201 0.0928672717226006 0.131943215425948 0.157049748324012 0.114277335284046 0.173088532226534 0.346825144516606 0.203787043050467 -0.047049462287557 -0.132111893729018 0.0173926204400349 0.00518878612950552 2.10412552220589e-05 0 0 0 0 0 0 0 0 0 0
0 0 0 0 0 0 0 0 0 0 0 0.0132125688842172 -0.864660517167936 -0.011544488607774 0.0114498074077147 0.0469963060544258 0.0693668837012619 0.158291046124743 0.173980151913081 0.163680151427503 0.146547868574168 0.147654699754433 0.158876567713224 0.189673032713813 0.214841461841834 0.20068102612458 0.146959805891754 0.11190399112968 0.117385002867225 0.142631766764057 0.159675721457402 0.154144663557357 0.14353505551857 0.114614868738945 0.0842225621701944 0.161060659732555 0.190503448413114 0.139305806396853 0.155656908852974 0.124821847374963 0.0322169499961106 0.0649610665932304 0.13701766965803 0.138880994452207 0.117052172036153 0.0664052578551151 0.0513738374900631 0.0843266638394506 0.0978984531276305 0.104736754731726 0.128496890691465 0.137746779315862 0.116939892584617 0.144971132236973 0.169711082686847 0.16017371571976 0.160920690201042 0.172401077078007 0.18151626553628 0.187895351724627 0.238838408212091 0.226097816609704 -0.306095800807276 -0.579766665840852 0.0454691695207089 0.0394099274522828 0.00878394527038934 0.018197756845564 0.0481991633995546 0.0784267042256682 0.095761311824475 0.0982982751295705 0.0956794273661002 0.139633269136476 0.156116090850772 0.0822494582520796 0.0926719345111558 0.0942734932235941 0.101964642163446 0.167700959608569 0.216814985431607 0.150389538892706 0.159558426353862 0.302989183571024 0.275346758036697 0.012954803555695 -0.0205230372155244 0.180979606771725 0.0641686739802214 0.000385328101929693 0 0 0 0 0 0 0 0 0 0
0 0 0 0 0 0 0 0 0 0 0 -0.0146086366548647 -0.755902530219772 -0.00526164136622723 0.0618173432318965 0.0965962006217962 0.0960450359690806 0.158154844503139 0.191111088007336 0.192515342561591 0.169625450637069 0.153348071392273 0.147891724964135 0.161841468397012 0.179016243466576 0.17859979204786 0.147453621302857 0.137700299167475 0.144836262710142 0.149793941086256 0.148363979157336 0.14556925322709 0.142692482691149 0.101393413342207 0.0754157947737124 0.14749857555833 0.160973748846283 0.125118766516517 0.160668118421212 0.139333342061118 0.0530425290114466 0.0526742563331505 0.0777279259211818 0.11289187876519 0.0995728798190481 0.070035361631528 0.0521695102625712 0.117476694127161 0.140691958417816 0.144316183650843 0.146793280896089 0.171157390011141 0.188235724039317 0.170899836230836 0.157484325700368 0.140737885153873 0.152100844119565 0.180922200879523 0.211652890721332 0.241740650791897 0.278623875345549 0.255777919127287 -0.227479611688794 -0.452624933431497 0.0247580518592162 0.0306014190701636 0.0217916137752726 0.0427603351517956 0.0741380589554553 0.113656961155982 0.15975926648175 0.156304251465322 0.139601042674077 0.145689571915692 0.121485591023574 0.0692933987519864 0.0793007593731481 0.0881979151357838 0.108790765591027 0.193122922209441 0.26672492007253 0.188142171868419 0.139168904348524 0.230530692753163 0.289328047720177 0.122773928939502 0.106759683293768 0.296080787346793 0.14937427205141 0.00110983019862243 0 0 0 0 0 0 0 0 0 0
0 0 0 0 0 0 0 0 0 0 0 -0.102815767149424 -0.833769385394412 0.000272022833080666 0.0701906909421485 0.121033271249478 0.0983142810577387 0.129209938682114 0.179042130170896 0.191918106787533 0.158569895252846 0.118332662608135 0.0780962816428957 0.0779501708102616 0.119211092393174 0.150178286829594 0.157700166301467 0.171609923265523 0.168197920698526 0.145204785434572 0.125529110322951 0.124171513337518 0.121578628142977 0.0939120028446365 0.0902717523794851 0.127905272312068 0.126367946102086 0.115875153518754 0.156881921893193 0.16364977111697 0.118872700111502 0.0527753889225387 0.0363502319702033 0.0871104499547703 0.087143135367864 0.074763592967546 0.0475305335313671 0.0849237619843493 0.0770469336765347 0.0804758250401943 0.119724314788293 0.17744314279238 0.259891209215586 0.191841390663133 0.135289582615243 0.125113079257074 0.152026381333445 0.196334072889753 0.240996668230723 0.286194855373816 0.301926590484007 0.267528164782624 0.0926064368631286 -0.0136658313406334 0.0131883937980913 0.0212554931103577 0.0457646754341337 0.0764964334944659 0.108975079539041 0.150721744387584 0.189457502135562 0.165077009599333 0.134641079572813 0.12402758132118 0.0916892107850857 0.0631549037233261 0.0712611151608709 0.0859477275851597 0.113452014207207 0.196182094748305 0.286536660383135 0.223507753184168 0.13773293411664 0.163443633971118 0.221184894685922 0.185322869312763 0.191944745992364 0.242111195292453 0.14386505291961 0.00181698875582399 0 0 0 0 0 0 0 0 0 0
0 0 0 0 0 0 0 0 0 0 0 -0.33194438883444 -0.729072710103079 0.00219053612684293 0.0640914453194665 0.134879237386538 0.089301328604475 0.0763811616395813 0.121773532214846 0.147885398385387 0.117919372777374 0.0755061658360695 0.0408746461465303 0.0405320852018842 0.0724069188843134 0.0969862294990625 0.125026455768252 0.15119137102789 0.147229483900464 0.115280299037924 0.0931011465813079 0.0941444206641757 0.0950915718382549 0.0932088789436718 0.099907604296419 0.100656910079798 0.0975149664987478 0.110715591826969 0.14243665225928 0.177837712379448 0.168558541134631 0.0658161226158235 0.0345588296483748 0.0795709592575427 0.0895238017502784 0.0819422268857223 0.0440439432986079 0.0414706889167225 -0.00580785589781004 -0.00765456528097384 0.0702811976542728 0.114311398987131 0.14323203712361 0.106855232339149 0.0981741999840352 0.140082974849695 0.145827850057634 0.169335542418912 0.235195147332567 0.284936405109153 0.278021226604513 0.229327912339443 0.222072637567278 0.147652970487536 0.0109827843002452 0.0264956722850905 0.0729138734917413 0.12186561305663 0.156646180286139 0.186074923487381 0.189837942363509 0.116977732390813 0.0643185979746881 0.0891934709767579 0.0792896846231818 0.0723254742712101 0.0725645088997667 0.088571008261935 0.116206585210692 0.192288809346157 0.271976894738401 0.243201568241534 0.204140176656127 0.159355498368103 0.154482852686666 0.179846414000571 0.03699100276893 -0.0732535467212007 0.1959777748786 0.00259024272708857 0 0 0 0 0 0 0 0 0 0
0 0 0 0 0 0 0 0 0 0 0 -0.522045967462959 -0.708062851227097 -0.00107312372154699 0.0540117108732053 0.132360166271441 0.118950318937591 0.068215524906851 0.0828227618390429 0.121052206810101 0.124879388829435 0.0873228773945379 0.0571461131422678 0.0490913108927055 0.0365188319492305 0.0333322507812231 0.0741879717820829 0.124402700833492 0.120540269565963 0.0880215593854856 0.07504419654978 0.0857965959253431 0.0962100825844713 0.095569074736282 0.085417867039627 0.0674031451471445 0.0764982332853492 0.104108958474847 0.128604181398744 0.159805497339394 0.160314470775325 0.107116544610736 0.0795359355880619 0.0905273945998632 0.0940392196062769 0.0882234685793359 0.0614219794582818 0.0755234458963902 -0.000636121296478059 -0.0378241453356126 0.0332513465226228 0.06581111134451 0.0356200569605416 0.0119743483449365 0.0530081184253087 0.149537803209129 0.0158418657460337 -0.147661661913396 0.0114623669609815 0.165972295721456 0.152282881585099 0.108608163937896 0.121743477508875 0.0828540946894912 0.0195037338407821 0.0403391091022772 0.0976284094733037 0.164121773734298 0.189513092523406 0.192578082047397 0.171595583665639 0.073015175334235 0.00926146344090971 0.0697111264920394 0.0780383514158657 0.0789052716676156 0.0720080100163167 0.0840044056954554 0.105592748115092 0.151330482410299 0.19044388699394 0.23323475700027 0.392452172191211 0.30177042284947 0.139281369802333 0.173849301116038 -0.112569324104933 -0.221581744475403 0.281961824613175 0.00221866389236801 0 0 0 0 0 0 0 0 0 0
0 0 0 0 0 0 0 0 0 0 0 -0.310862302708222 -1.18738127081466 -0.00401143993691585 0.0462019705530133 0.116657206911465 0.159611525562597 0.0898874831454316 0.0828496983646923 0.141432026645354 0.165391965363452 0.107245753937224 0.0824765643016412 0.0604907425740754 0.0294344375053035 0.0310160506110939 0.0793146896549628 0.108029944859331 0.0915955356168896 0.071628594923212 0.0826968307127798 0.106989164868027 0.107493531877022 0.0871854431750167 0.0646627606133344 0.0408520721465423 0.062674458315571 0.0904544716297183 0.107083027612084 0.116141204644632 0.128567430829764 0.153458605661737 0.154836683764664 0.112498975303914 0.102328962702205 0.103179216418902 0.104009087914757 0.12018869047577 0.0308981237712906 -0.0414170426201551 0.00877745123132516 0.0391065744869798 0.0610285668553672 0.0504364205952155 0.0893398876947996 0.169138014208471 0.0196827749643535 -0.244286242440491 -0.183184932004614 -0.0270795732287487 0.0173618423536773 0.0264753285797071 0.0475042371737191 0.05579619479568 0.0525357850933977 0.0627958295064084 0.103671619303713 0.154858098794852 0.153019600808675 0.136114068483834 0.12532111640207 0.0678881606975015 0.039291538033139 0.106924228498813 0.0725665640146215 0.0530188275878717 0.0455635210559913 0.0552109410781757 0.0761069827809663 0.0935960106518714 0.0960243267856426 0.235976206740369 0.714858058019002 0.612624862059143 0.16593766964023 0.146103110690366 -0.230354604611211 -0.100787897729262 0.157565181668967 0 0 0 0 0 0 0 0 0 0 0
0 0 0 0 0 0 0 0 0 0 0 -0.0695972047565274 -1.45854975862265 0.00867666488050671 0.0236838611287437 0.0829365789880567 0.160098532637079 0.099830732535574 0.12436901863355 0.164651270774956 0.155967481887492 0.122669531950896 0.115222057595778 0.0959642824050916 0.0768232824080079 0.0824188346683764 0.0928832153791852 0.085142171913552 0.0718749263030223 0.0696987087472859 0.0994777885744927 0.119403310838206 0.0969769628886047 0.0696586528048106 0.0450247669292621 0.0265629161003596 0.0568096483807439 0.0838037511356066 0.093970216777998 0.0599898292265012 0.0627229292976572 0.139053147303728 0.188953888769804 0.142571056132486 0.119839372798726 0.121959158334116 0.14101979141701 0.124530168609427 0.0381346747061492 -0.0334730332941461 -0.00527346765123701 -0.00910824510984719 0.0479492873571592 0.0721649456533952 0.103763532283576 0.153639642715141 0.124324830033575 -0.0195423317820305 -0.125693126455889 -0.156435480160157 -0.0261660814317304 0.0285072959787732 0.0311875691301624 0.0688255176055952 0.0975813134301185 0.0929616617236693 0.101861320757914 0.119462618771436 0.107614892526751 0.0944287727811487 0.0868695035408745 0.0707248285573702 0.0851519177664889 0.183647011388619 0.082974607898034 0.0285591293206801 0.0400946793039208 0.0617352099932482 0.070955477792294 0.0700148561203019 0.0651076749889517 0.253272132045714 0.840647362367899 0.747864374685388 0.180927956911513 0.0578988171780408 -0.217770239749223 0.0142143587245509 0.0468145373722075 0 0 0 0 0 0 0 0 0 0 0
0 0 0 0 0 0 0 0 0 0 0 0.0140297164081705 -1.76323192073551 -0.0545257108917545 0.0109238933428202 0.0401765500691135 0.132219850213833 0.128907470851497 0.19609441789927 0.142795344376827 0.123157277338323 0.116352505070985 0.113959296608008 0.105041813680083 0.0978004900822696 0.0981749755187804 0.101928518363088 0.0945626363573592 0.0844747972495393 0.0925333167438859 0.101768658056521 0.086988242399082 0.0700957225622533 0.0569926984783205 0.0393638612828948 0.0361413951708606 0.0594748589156056 0.0863091696663008 0.0850760792103748 0.00389595827403343 -0.0105643313558186 0.093023622799803 0.194477030684307 0.172770844841626 0.137941965989698 0.12112803650598 0.153138451693882 0.137718591177741 0.049380152009146 -0.0183644684342159 -0.00476557027169522 -0.0118118990853385 0.0316051718487337 0.0428269894473731 0.0648105419073625 0.101745754142686 0.116029893044144 0.0666696349115336 -0.0466984449246197 -0.161158782106571 -0.0340409330136177 0.0319535242014119 0.0245996392728633 0.0818382713709294 0.118723864328315 0.12618746043903 0.148193155539343 0.173068406017171 0.162744390772311 0.134426077779449 0.102602432759128 0.0764235562591395 0.0804189887943131 0.131387878863847 0.117431004395611 0.0768025663625997 0.0958342565286341 0.101910092784001 0.10115385006326 0.0716555122046098 0.0915661056666097 0.215909005451946 0.500341567028264 0.423162537752141 0.112571801872341 -0.119374956017804 -0.147791100851066 0.0437597383498372 0.00511731288431399 0 0 0 0 0 0 0 0 0 0 0
0 0 0 0 0 0 0 0 0 0 0 0.00166391265713889 -1.47542104576822 -0.315919495491019 -0.0474543571325425 -0.00288180835614969 0.0888738324472935 0.118816917644997 0.137829112363637 0.0721660502073789 0.0567487704330358 0.0508013784072391 0.0510701785116573 0.0598298905886869 0.0827211142937921 0.113792924425278 0.129813507305553 0.12437444838101 0.119439895854665 0.12848857993247 0.128887057138466 0.0962041003969191 0.0714800053213666 0.0634771638651438 0.0588233023357227 0.063941248404472 0.0701874434428908 0.0870713208663525 0.0814795293236842 0.0171692728576393 5.24704583581446e-05 0.0931792920836657 0.210537940803686 0.192230411128099 0.129104996051267 0.0770927826015083 0.122610561909849 0.136328886906326 0.0660906301502209 0.00982693148046165 0.0084700440595144 0.0222961972545658 0.0528507863189389 0.0216150634812881 0.0298848580045956 0.0621663141421011 0.0656013899918474 0.0478837087725102 0.00929336760471662 -0.0239411697507389 -0.00365633721203329 0.02874238291566 0.029098104210355 0.0820096291558047 0.122696448276778 0.162453370723299 0.245970618386409 0.347036794945141 0.284106754668822 0.193287822948147 0.129989747451679 0.0788623366174084 0.0792904352659774 0.0650019862982393 0.012807085769254 0.0284046479892774 0.06389526335955 0.103277712561886 0.104070298821531 0.070223425030967 0.0924468939627622 0.13826791095662 0.173690018533675 0.156164719703722 0.0929625372384631 -0.217269024005953 -0.176818604774206 0.0263045898360113 0.00508914557158238 0 0 0 0 0 0 0 0 0 0 0
0 0 0 0 0 0 0 0 0 0 0 0 -0.883928964766204 -0.413574030997453 -0.267595132598252 -0.0355449684543797 0.0409778012601307 0.0866279819081415 0.0862716440014186 0.050615684921948 0.0513921864941598 0.0588659975666722 0.058242192793046 0.0566591650020218 0.0810417021112591 0.114243419661631 0.128146309711366 0.13073988232203 0.139593297877237 0.157238358369484 0.166334293500344 0.151741858176609 0.132519670779524 0.115842010957987 0.101093974354138 0.0938608387202149 0.0851929072168212 0.0929261117304502 0.107615750553488 0.0964702510813351 0.0930416403808714 0.151790224809319 0.238335261771158 0.205460640271697 0.0894445713741598 0.0166800402793037 0.0800708645813303 0.111094149131309 0.0810740990136509 0.0476794416228921 0.0254277954455751 0.039203875049788 0.0636722830937073 0.00991474147138419 0.00861361591517703 0.0362313005608827 0.0329585277924383 0.0219043468055822 0.00520507139130757 -0.00363117024084002 0.00924723395715867 0.0289417206617791 0.037586003110621 0.0730028263230907 0.112086075637235 0.16950753312413 0.277175563173932 0.407219787283827 0.300811329047558 0.187665778240632 0.122607668917224 0.0749974041047387 0.0764297103041698 0.0433834584152532 -0.0832050744232256 -0.0902660435130854 -0.0076698587393411 0.0330754150766771 0.057758797849715 0.0593961287444362 0.0723672179914757 0.110361271849835 0.135252680500286 0.160392689286182 0.196292528421915 0.0691801739498306 -0.194792594565802 -0.0327915730155314 0.01743658376345 0 0 0 0 0 0 0 0 0 0 0
0 0 0 0 0 0 0 0 0 0 0 0 -0.619977504532628 -0.369748029131948 -0.252188080853398 -0.0656346699861419 0.0346423303016111 0.0993811316301738 0.101338337512892 0.0656843739214823 0.0523484564734979 0.0439128320185829 0.0352202691167407 0.03428373623791 0.0405079828430064 0.0550889567177064 0.078117791742935 0.0979098363361311 0.120466087182185 0.146504534833789 0.153305459757466 0.135628660680858 0.116176704938828 0.100359548499775 0.0991052551564331 0.107761844989926 0.0895380874560043 0.0871612754404586 0.112341930903747 0.130862122314734 0.147397754679805 0.193308647117983 0.255683379985088 0.198682532104576 0.0653179905335963 0.0206558528863638 0.0967076643245413 0.109152494908759 0.0981604395397396 0.0825320929849182 0.0425109014989605 0.0455908738944124 0.0671734103193318 0.012975866421511 0.0136499841593239 0.0286543243413499 0.00963704460920323 0.0140250307880122 0.0214137853910052 0.0266833284459909 0.0417713593407875 0.0534834668738597 0.0571333130501755 0.0557325994914242 0.074545707285031 0.136773238260195 0.238749705236111 0.356974644252624 0.266691305878915 0.154907866757082 0.102711115148163 0.0678843374854538 0.0776373500708208 0.0642427996826077 -0.0263035679952253 -0.0109505637353942 0.042454870247532 0.0391503935733247 0.0391870950496458 0.0654605016396308 0.0819718789644407 0.0999264544006792 0.107312318984151 0.136110515965983 0.217878160510659 0.272626430275829 0.045192171404503 -0.205180557171912 0.118091069156823 0 0 0 0 0 0 0 0 0 0 0
0 0 0 0 0 0 0 0 0 0 0 0 -1.02322769185616 -0.142084287865968 -0.0518404285066137 -0.0951976949400456 0.158372666157724 0.178497017642019 0.134628677535746 0.0901035252252735 0.0567892368322399 0.0301778672708807 0.0131572249381145 0.0377400436763812 0.0569374789149008 0.047843113377639 0.0610047910681061 0.0846580368378952 0.112640823061694 0.142940039586616 0.139842829845777 0.114622663875204 0.0946598308327686 0.0797388470351013 0.0843040242899913 0.095894972368993 0.0907183679170839 0.0839095708231279 0.106472738002113 0.129253942641915 0.145314859233222 0.170853257228058 0.199047317080734 0.148019138003438 0.0687803381993605 0.0457272923298287 0.116708232238853 0.11904770212356 0.116030789963924 0.118391620508127 0.0675141138877292 0.0565740690886207 0.07701061974764 0.0303933894648078 0.0383114657450869 0.0167225140269298 -0.0587488559585412 -0.0563085471384744 0.0118873698347219 0.107587209932299 0.111542947532812 0.106163499426185 0.0910565987314218 0.0548999281873713 0.0441519412192177 0.0993432442707613 0.201476941525185 0.32165711977103 0.247004105280869 0.157731757768851 0.11281611864815 0.0794057629981292 0.101927819752662 0.137696463635221 0.166075853335385 0.172434815572745 0.113935835403574 0.06492493408897 0.0437501126844719 0.0856538625517956 0.112408854633736 0.106322822924185 0.0883184772106088 0.105675281284036 0.173109529560529 0.332865777590797 0.262634210605339 -0.116666425442484 0.217188302071808 0.000510842531699423 0 0 0 0 0 0 0 0 0 0
0 0 0 0 0 0 0 0 0 0 0 0 -1.74358045687019 -0.143418997239148 -0.0686884911703087 -0.132529892767529 0.218816784192858 0.216345806256905 0.10665358180884 0.0986555448620356 0.0827876159679099 0.0480738423542309 0.0287866590494794 0.054056955839603 0.0730006699679393 0.0547795609159884 0.0633823632031673 0.0915487205997085 0.126375980419365 0.16080892655295 0.147300484651666 0.114910262892817 0.0935318206995592 0.0769612441271028 0.059177279273304 0.0444384705722437 0.084202552214171 0.10496638102279 0.112708741465542 0.125841125960463 0.134186203320564 0.135820611314312 0.130483740164669 0.105093500297809 0.0721335484219575 0.0595946272757856 0.121631530533112 0.124928193195359 0.132436938028098 0.154171817553567 0.0871597254192971 0.0494331685170017 0.0942125013927951 0.0628996645019566 0.0613694982190724 0.0132443429305537 -0.0441834056437665 0.00308510206733021 0.0766602824468691 0.148403099986783 0.189314018329868 0.223862945582174 0.168885984756909 0.0851814596497814 0.0397042293211465 0.0646926899572586 0.167972279230061 0.295558694164582 0.24089985599464 0.17993360253415 0.135527638587975 0.0998493580022376 0.131973752694783 0.192360527128951 0.275021745648594 0.253005798064324 0.125471814819197 0.073111025160023 0.0598350021328246 0.0902415099284465 0.112282840280672 0.103340515414022 0.0840294788324011 0.102207820537894 0.156219326804108 0.303709105493686 0.298382006037761 0.0732653513888426 0.0999488781237877 0.00605349464890906 0 0 0 0 0 0 0 0 0 0
0 0 0 0 0 0 0 0 0 0 0 0 -1.80327493921095 -0.0792928992070872 -0.106481838344884 0.0281911643442956 0.199407571956231 0.203271853801579 0.123094432840306 0.112614170896395 0.0939599021566987 0.0635186088733268 0.0643852950607292 0.0871641123788029 0.083626392180693 0.0663300469133178 0.0750841045002033 0.101192102158876 0.139666632001624 0.180104140927699 0.159652963404275 0.121788724475427 0.0991706884974164 0.0773277222356404 0.0231182950797753 -0.0216037031950325 0.0771336339185345 0.152530792646876 0.146259009537908 0.134518200842621 0.128830480156595 0.118829275135503 0.105785002416448 0.0914441723201751 0.0747582713015283 0.0731339912208936 0.126944657520764 0.12825801709907 0.137724867265175 0.167927734690991 0.0635686151086488 -0.0150759764458234 0.103662976183656 0.0967227606068354 0.0686729922739145 0.0175909615723395 0.0257898282341617 0.0963257527458713 0.121073846231148 0.132839079966471 0.233572599802743 0.343301328592177 0.270694961415608 0.147044030344343 0.0465981672285074 0.043036775889861 0.136664603782223 0.258410340705244 0.229875816990437 0.191329306526024 0.148597564402609 0.123211647541557 0.149822997723469 0.192983447946086 0.245742656996725 0.213547368354111 0.098851666948112 0.0715006041135419 0.0926826789948992 0.0715279600064556 0.0710360921177585 0.0881723878294244 0.0991699644105256 0.122396623288755 0.151618594488035 0.179781859431567 0.179343443320515 0.129106349894876 0.0576804952248811 0.00326588037362844 0 0 0 0 0 0 0 0 0 0
0 0 0 0 0 0 0 0 0 0 0 0.0019758722446646 -1.69496623876144 -0.0720757924395252 -0.0171797582430575 0.0786026008239801 0.150298244682844 0.198962237025962 0.145252715847927 0.119468950222002 0.100790682041902 0.0831444117043409 0.10361463985536 0.1232790765895 0.101633713868402 0.0836282439967839 0.0950731248262852 0.114327586946208 0.144154477733631 0.18487688434318 0.165222903800468 0.127352185214399 0.10497962468599 0.0787862094253381 0.003548224815404 -0.0538811167705962 0.0736932090872192 0.200069250277115 0.183257615847556 0.146860156603685 0.126127948675019 0.111640959783017 0.0989683809562409 0.085221898385425 0.0825962981062137 0.0946456004603892 0.128974772659709 0.11583427555512 0.115252940479499 0.158156067835494 0.0212590582732033 -0.0740865452895808 0.0987326626020562 0.101371106642705 0.0550991298221863 0.0304613956891308 0.0509662492425387 0.102448550677978 0.0995043165642676 0.0788349025623147 0.219513004456142 0.392187717699855 0.294781646916304 0.187553350510749 0.0789325598810089 0.04234637177756 0.102407382427266 0.187159133192704 0.197560885945274 0.19056258800917 0.158888980659421 0.145647776844535 0.159653175079028 0.177495751896823 0.19302808240728 0.166018747381737 0.0797614136684728 0.0776166111022112 0.133356243909494 0.0888233072895898 0.0876801859344413 0.110452923756739 0.122455154385364 0.12805851984034 0.130293385562861 0.124730804271869 0.140087521994688 0.148946763124462 0.0442677416276004 0.000879908387251905 0 0 0 0 0 0 0 0 0 0
0 0 0 0 0 0 0 0 0 0 0 0.000492997396833367 -1.23675109532063 -0.159774518307447 0.0186039553179009 0.0550871229421285 0.17301209355429 0.232539670085994 0.146345043584093 0.137007104417441 0.121501985166003 0.10859214157117 0.135851993543472 0.154619855449532 0.146064444382467 0.128091109523426 0.125173501768615 0.129353606989661 0.142892324893874 0.169691509052798 0.157280539901657 0.128699500065742 0.107269774804862 0.0821768724874558 0.0291679103922429 -0.00933858672297857 0.0924913127027091 0.211936654659382 0.188516485641088 0.137360663662846 0.110759786988503 0.0950595601553844 0.0851433187376296 0.085046964413736 0.119423860023883 0.131872381367301 0.110432322815324 0.0866934359205478 0.0845261726928625 0.132721999404497 0.0391684185005637 -0.00374024535104852 0.102632694872945 0.0498502808140896 -0.00359210789539165 0.00365147721244881 0.0187173256445243 0.0472553139937892 0.0614657793090569 0.0400227081930566 0.181437057834169 0.376633317469986 0.272985201817437 0.206350748178326 0.110072953136205 0.0426612506500481 0.0661866599098998 0.116230859336167 0.164374670673765 0.180410426880783 0.161575759647263 0.155302893778308 0.160916008274847 0.16759275996164 0.170810820694785 0.155399788673525 0.105922098039676 0.125649518902575 0.181707070046004 0.169436905107609 0.17433294751007 0.169358721263412 0.151645445407719 0.116508874009578 0.109951476158212 0.131035943744899 0.139437308183701 0.133059474485154 0.028745513054382 0 0 0 0 0 0 0 0 0 0 0
0 0 0 0 0 0 0 0 0 0 0 0 -0.663015691915448 -0.230695773122263 0.0304317811618192 0.0700988531887052 0.205967337575975 0.244558333452599 0.143428043310115 0.15465127936442 0.133017780557707 0.124147305673386 0.154351736553551 0.184514140137251 0.19639283863059 0.188094854722605 0.167545762948315 0.15308304752884 0.145103959853127 0.150145165454475 0.14430966755893 0.128993274768299 0.10766279298383 0.0846329276153178 0.07733545372715 0.0803603390685976 0.139953256273773 0.206593435817192 0.160713447060132 0.0980869277613268 0.0775828482340618 0.0681062251939771 0.0709751461720904 0.0952492513854844 0.174734835711376 0.169094631263371 0.0774477131080603 0.0580201948989147 0.0726929460333102 0.106415659810534 0.0954665321584588 0.104723227319988 0.0913478902851957 0.0252939256088634 0.013310079489325 0.0253937183833616 0.0353060789686879 0.0688452526185911 0.085340450815903 0.0592754170487759 0.183016986941318 0.347722376401525 0.254530994195638 0.197476086250646 0.0950232722747792 0.0181336219779012 0.0423196733494421 0.110824061266938 0.143957961933881 0.152490066447636 0.14852305623314 0.150383568564103 0.154246771310103 0.159635273539615 0.172818297248344 0.18315976806464 0.18151280387837 0.200589937942665 0.223449196750145 0.220451384767019 0.200359274730283 0.19080634917277 0.164896310282588 0.117800555334257 0.12377051918163 0.167258049448498 0.147285299876747 0.106361426067007 0.0140938970673714 0 0 0 0 0 0 0 0 0 0 0
0 0 0 0 0 0 0 0 0 0 0 0 -0.250805345430805 -0.347912194403322 0.0309356296078223 0.0813445802200913 0.198568468107328 0.188418674051587 0.13087144486231 0.15774731273944 0.134293316509029 0.127011296055155 0.14486078521658 0.191614046828064 0.225041942956526 0.2238564478962 0.199691619786263 0.179561103687067 0.15698720379882 0.141960272103205 0.136631414573194 0.131950477302531 0.113488771774789 0.0946092937331515 0.118660541124847 0.153762693159485 0.180735765677985 0.187993409857983 0.122143027587275 0.0647573119282862 0.0517388158592545 0.0428054091157517 0.0572096120844875 0.106318437304509 0.204316574554379 0.178824500525422 0.0654052508945652 0.0735045298531426 0.0978726484442597 0.120243773342707 0.133229937929498 0.133680924149147 0.114982841498316 0.105941168257548 0.117528642195778 0.126240170602223 0.124304877086712 0.16257953189686 0.178919013664334 0.154109818774989 0.204918360133293 0.280549115136484 0.242167798594367 0.182402943289514 0.0725748082107164 -0.00405063398061908 0.0162852661498517 0.112715637103185 0.134135031091832 0.133976985728825 0.144512761264027 0.15537353682672 0.157871791884748 0.1594444310514 0.172244296700572 0.189761246687346 0.211100007164167 0.223872123115631 0.218019020505592 0.18523409217239 0.175664752144332 0.18851648606675 0.173252540804679 0.135950377631529 0.164224829530868 0.228905314403998 0.180098805254738 0.109576178398122 0.0081448877544271 0 0 0 0 0 0 0 0 0 0 0
0 0 0 0 0 0 0 0 0 0 0 0 -0.078243925679173 -0.516291881262915 0.018493910453192 0.0836856318324857 0.170593909919878 0.127437281541829 0.119020347256932 0.154308882538485 0.132766609755901 0.115323318210004 0.110104997260201 0.156339218660245 0.205671168043592 0.214768935157593 0.198675878793133 0.18946318072867 0.166745001110306 0.140178345305017 0.138642082724973 0.141057485137467 0.133218333273732 0.125607480660132 0.150617912866276 0.184816690845854 0.177194121603671 0.133548459421001 0.0774286369049052 0.0542708688718969 0.0394485794990238 0.00184294491665254 0.0355365432414571 0.114010898682274 0.21066263563958 0.170105346054751 0.0894276468648416 0.107713540274037 0.114595520393203 0.123445210482227 0.133506555631959 0.144442933390112 0.155255123004144 0.165206247241899 0.174307048964038 0.184469938264051 0.1863964083159 0.206867820633762 0.224079136751369 0.219563853670611 0.203572389551031 0.193892593961086 0.210047001708317 0.16723976437836 0.0912263831330399 0.0132630261893708 0.0379760131119804 0.109327317295927 0.13327635225123 0.135048746815148 0.147953916989534 0.170193910703646 0.176251249909544 0.172383271409039 0.172673111785457 0.174470924467799 0.168349326040106 0.167174264856441 0.178591036706617 0.125846805989735 0.126090887483523 0.159704097652426 0.188715813293839 0.182213457166341 0.187541371128803 0.218412101897729 0.207954129148718 0.133996617618678 0.00146838914462103 0 0 0 0 0 0 0 0 0 0 0
0 0 0 0 0 0 0 0 0 0 0 0 0.0309216296352154 -0.645111187148636 0.00503090224469374 0.0659864859181566 0.114340300124594 0.0928657787853571 0.10124539968543 0.139564567460816 0.133994017791387 0.113370630330785 0.0850512623886065 0.116555359446379 0.170541022669627 0.190892403346837 0.173816059863777 0.167420524907892 0.161296617530545 0.14193793444284 0.144004402838556 0.151079375016087 0.156410822519862 0.162164234882363 0.179062659264653 0.197419764596533 0.148915581726164 0.0657544150330882 0.041659831145076 0.0532917390735579 0.0184033772998257 -0.0376092294384439 0.0316755949273114 0.129432980731099 0.217618956033437 0.178741934713352 0.128809377995905 0.12184456094802 0.132876329805264 0.156145571955756 0.162845960927764 0.16536247636099 0.162223212862398 0.163488017317027 0.184410552981703 0.206529064334433 0.218962288701793 0.198551275021004 0.181773333905252 0.190094190135202 0.185248264257465 0.162660464360682 0.144644261855298 0.124281012199436 0.126230988011229 0.11509824260936 0.106926712447655 0.130644901480601 0.136811999636953 0.141797170353861 0.15580647596258 0.180474825786298 0.195495964365159 0.191898390835242 0.175952110004781 0.15465617812125 0.131710991404575 0.130218533994794 0.105342049242681 0.0407143042541695 0.0483197208995988 0.118461673280843 0.201175920236035 0.24316474172745 0.19451085451117 0.129237218820118 0.212476230530189 0.143235691989108 0 0 0 0 0 0 0 0 0 0 0 0
0 0 0 0 0 0 0 0 0 0 0 0 0.0326175403333882 -0.404196554868598 -0.0439782033654215 0.0552502514816463 0.0472935778644761 0.0803025152857373 0.0842732375689292 0.113071358302033 0.132820817815699 0.12937636468353 0.0874041937960942 0.0942177825772009 0.13802027772839 0.162697402295296 0.147686870902079 0.141049150834716 0.151364486108863 0.14866455628154 0.152471501769078 0.161642693263104 0.173582350392157 0.184694789213298 0.191581484332515 0.190372960558121 0.118961081186922 0.0475353829223399 0.0476263260926769 0.0657291337519569 -0.00700105420125208 -0.0363989122366379 0.0642294613262687 0.143847128196055 0.193343611336711 0.191288923005465 0.161065621202458 0.134000298368656 0.141835628834767 0.159587392249154 0.156068689008321 0.149709554437342 0.149227660923194 0.158364192338792 0.185215280698005 0.201864782680748 0.20802305454387 0.191942089188956 0.166805738316434 0.170909479519877 0.178947027545578 0.162956507104333 0.150884534945286 0.143749256160982 0.148152394585555 0.139674315159501 0.123727173545071 0.131674669871682 0.138744648402721 0.151746408252724 0.173369316689274 0.185283596447471 0.192320259086845 0.195109874249481 0.181231154543658 0.136524802922998 0.143730084298429 0.124116904666873 0.0396219156988347 0.0138392651636484 0.026916811887469 0.0853282204720554 0.163658026414222 0.229582310274704 0.174359944782539 0.0850070189689368 0.226787865867891 0.101457089567293 0 0 0 0 0 0 0 0 0 0 0 0
0 0 0 0 0 0 0 0 0 0 0 0 0.0117525648511325 -0.191906049068023 -0.323409153814707 0.0561131031883627 0.0266206684681876 0.061192181397554 0.0666219473375511 0.121258350386696 0.150856368589985 0.154589253909202 0.0991399756697936 0.0748609579085135 0.109350351341954 0.135936856698794 0.124074766181263 0.120431071516899 0.144221485007757 0.156686340740105 0.161094571133006 0.170172200368863 0.183158772334367 0.189562623666368 0.176681784964229 0.151357445448729 0.0960586594065941 0.0585954131624646 0.0742105069428005 0.123503428789632 0.0430278869451686 0.0303707454948853 0.0965835672802481 0.138885294678168 0.183581393710806 0.184182555380798 0.162057794699095 0.129488233725883 0.126079350309886 0.131890403073052 0.131533886806551 0.129053953257972 0.138776096892738 0.15739117719271 0.182309971498741 0.193639178222853 0.187259618189412 0.171438666329447 0.153183677916703 0.157935089083772 0.165639790437835 0.158093337323648 0.151131872664296 0.145511798759793 0.136395156726612 0.126949002976589 0.12112687516754 0.1175208403081 0.124005209582693 0.150991452662448 0.190038863551894 0.154226355981021 0.101272515201773 0.0541509049755192 0.081865309042343 0.143432585417992 0.155349207538017 0.0945309482378585 0.04877954662024 0.0696656560052773 0.0528428470925453 0.0581338167525167 0.0906950784931874 0.143621178875466 0.118444830291949 0.0875061438143985 0.221294666894152 0.0442511567495674 0 0 0 0 0 0 0 0 0 0 0 0
0 0 0 0 0 0 0 0 0 0 0 0 0.000152759144247764 0.0154755407834336 -0.949121729750688 0.0398249084893897 0.0373134983464414 0.0427219231338419 0.0466778328661153 0.155005396690769 0.204807329001668 0.191437812069418 0.120856118444967 0.0689938846061958 0.0932978914051127 0.11653153559046 0.106479215808277 0.102982085594618 0.132934099914455 0.161110013321613 0.17777845905702 0.183865059838097 0.186548190734947 0.183214087770279 0.155651900622876 0.121622926939231 0.0881513353458789 0.0822421596496363 0.198193343759724 0.329135594212323 0.187436983658394 0.109684924842648 0.113508646913921 0.136178260291638 0.129757972448669 0.127288953542261 0.130374030146085 0.114916133412993 0.109170614630943 0.105875279259033 0.113608536911955 0.129907955710595 0.140713369953165 0.15122581236602 0.16791436902738 0.173651742765526 0.160965395285433 0.146872980202533 0.137792923509645 0.158383499808171 0.18091355444876 0.177224604973935 0.175874752641165 0.179224970990852 0.164953391148505 0.140051016340501 0.105723387495248 0.0910257558768115 0.11257700054286 0.160328774905582 0.206151529546552 0.141378855425091 0.0427511084384879 -0.0954149061504365 -0.0627756489418151 0.171111843735827 0.156096628944915 0.0903473073702991 0.0817492412579169 0.093769144045593 0.0953902782042658 0.0267931581456116 0.00489299861950623 0.0777710877464312 0.0896929033959456 0.072398876208657 0.0726522086389525 0.00853261820151345 0 0 0 0 0 0 0 0 0 0 0 0
0 0 0 0 0 0 0 0 0 0 0 0 5.54943527149554e-08 0.00658410032903786 -0.570155571629391 -0.00280154312489333 0.0810800204240458 0.0511227706220209 0.0380205629309804 0.164758583053607 0.248243318788576 0.203067020771781 0.131033774739539 0.0731576315848332 0.0838066637584954 0.10141595302618 0.102553308340058 0.10714791507149 0.141751311780615 0.174957937478665 0.197059923566013 0.197552279679326 0.175822540230879 0.157076809344912 0.132938720026861 0.107245385969892 0.0977914796108349 0.125666339246118 0.274284690083851 0.302205587599942 0.184054508700278 0.138721463059065 0.146927501568044 0.143057026981057 0.115856897406967 0.0927342262521706 0.0836409538861628 0.0906724341236491 0.0958874599793116 0.0858082454780818 0.0958373349929424 0.131545789132448 0.1434074204294 0.138152501479049 0.146995881424313 0.15036944793513 0.140702609234026 0.132045103981326 0.127394022738652 0.148247952109119 0.167824169690854 0.164362247607649 0.168475868596715 0.177307461697412 0.135547439020618 0.0985961930964174 0.09016477218844 0.110188119679036 0.181507014864822 0.218880531440266 0.208970916277625 0.161560675449877 0.0855176286279715 -0.0114524712433226 -0.0102327367367897 0.128795799600272 0.153948449136383 0.159745138667629 0.147353414329627 0.101170666705448 0.167824300782234 -0.0125543980007064 -0.131436822593473 0.0864632684495712 0.115188529018342 0.0272696925340366 0.0386876707063449 0.00107806600117743 0 0 0 0 0 0 0 0 0 0 0 0
0 0 0 0 0 0 0 0 0 0 0 0 0 5.0835970207589e-05 -0.00372627687031475 -0.175273493625227 0.138174466344871 0.0904498388121216 0.0489929324946866 0.146443089152013 0.255089417034511 0.159617948372968 0.104992767667972 0.0760915558822116 0.0935315238178251 0.109117937696536 0.106267229076284 0.113623380496571 0.156040723593777 0.193678579826141 0.210175077631982 0.200365259993723 0.14716003022781 0.107104362704292 0.115627997239091 0.126739322617467 0.134557304954455 0.14381806623413 0.141559881578273 0.138045131088798 0.150933977277303 0.159446445614747 0.148896199919362 0.128142229986162 0.103864244037728 0.0841557222746756 0.0826528424593887 0.0836120882033861 0.0761904571439646 0.0680844239251308 0.076808413618384 0.128574187410289 0.140966464228818 0.120400015685091 0.119843240972894 0.125243125384809 0.135473387195454 0.131319400705965 0.116386767799949 0.105475948352815 0.097026130377949 0.0954854912153189 0.112158539688961 0.128790797073294 0.124315775366061 0.132886626605202 0.126972513532893 0.150732337125753 0.198157141410732 0.192690466583896 0.178704889252949 0.16417164598305 0.120814096307798 0.067796015011169 0.044266569390521 0.06385438995826 0.135196143785907 0.186362153774924 0.192479113161664 0.110423148507822 0.236667257251444 0.00723275276235166 -0.250905544457012 0.0719526114875855 0.0440307094034528 0.0538893582565875 0.0226280871539003 0.000121109745810601 0 0 0 0 0 0 0 0 0 0 0 0
0 0 0 0 0 0 0 0 0 0 0 0 0 0 0.00320394969645322 -0.330991570686969 0.0401808940430917 0.160787711281645 0.0567355209636165 0.121310466109984 0.245047396293568 0.127464938776881 0.0774336752886288 0.0727006423568848 0.0992491187200531 0.124637239346131 0.117158834618993 0.109464620217215 0.128524971748287 0.157211511616611 0.19116988801932 0.203448580894139 0.144328660386227 0.0892040665565225 0.108266784473229 0.131444188121668 0.163921550378139 0.17899433561066 0.162054449231306 0.150270304634588 0.16240485659812 0.172056570613005 0.151207801866552 0.11739715329744 0.0924384412297935 0.0823057783079957 0.0859116203616951 0.0953936587860139 0.0687447302079446 0.0540324900470955 0.0622299252823376 0.122752039710401 0.135955564215656 0.103517443824873 0.0989526659856506 0.111308426267134 0.141049686500243 0.128073800944096 0.0915662496809095 0.0903359531196299 0.096521605846062 0.110018064694706 0.102076871621503 0.105928190018876 0.202654832205699 0.228167460575594 0.172211822272916 0.129362925249766 0.111243887579026 0.130263059893894 0.153955854722168 0.172630455178726 0.152742393861351 0.126315988208863 0.0931788755155945 0.0628361823141615 0.0931045610391367 0.139317707241677 0.194399812418801 0.115670933038043 0.263297005138001 0.167977036532488 -0.155483977825519 -0.114800223993117 0.0173641519715063 0.0317392958773756 0.00299931305759869 0 0 0 0 0 0 0 0 0 0 0 0 0
0 0 0 0 0 0 0 0 0 0 0 0 0 0 1.15273003688862e-07 0.0232415655665868 -0.46904518013275 0.176257792554549 0.0491574379793753 0.10605539546121 0.1894580035655 0.115620072502804 0.0745719602426608 0.069871054928489 0.0871449738705727 0.109246008232426 0.112954657349205 0.108531597016046 0.116067770530586 0.13168947228322 0.161099363485159 0.19019690977638 0.153951894530881 0.106170276198865 0.115796410093003 0.132670156115089 0.170579689572504 0.195590333902934 0.185237869909013 0.173684170931473 0.177506821182305 0.182443329536145 0.156515583826411 0.11987331643894 0.0925605647490625 0.0895037818849133 0.090292905749808 0.106504329139012 0.0960564264148824 0.0772877174155324 0.0723037425268661 0.120103134657654 0.130424067804768 0.0980393557896384 0.108425866423906 0.138590131689129 0.178012531657887 0.131217139331216 0.0696909433979614 0.100639381609713 0.116190113496615 0.12780145677309 0.106574324978227 0.138898075201314 0.204272009559396 0.197679761103224 0.162408510261886 0.115886894241373 0.0881147135294345 0.098809400383546 0.122903525982735 0.146481576798496 0.141982493142658 0.144905283216121 0.118818595001479 0.0751338106695609 0.078045379809275 0.104594256845074 0.151727302787412 0.12839746114559 0.258413052692376 0.280624862763369 0.00721897041728085 -0.224227853916777 0.04892408622134 0.00391541517375733 1.00921417233206e-05 0 0 0 0 0 0 0 0 0 0 0 0 0
0 0 0 0 0 0 0 0 0 0 0 0 0 0 0 0.000609373735924809 -0.076201228742474 0.0308124359519308 0.0507667118402254 0.102208263339324 0.122282291935914 0.0967370345662849 0.0767718960036074 0.0710706146542653 0.0743771108284262 0.0814379847800712 0.0998850093639054 0.109471753045109 0.119889682494545 0.133629917381524 0.145169391173963 0.163934529274762 0.155148357856727 0.120569991017637 0.1199139116169 0.139035519361069 0.167020148482864 0.192741844296528 0.190537672004865 0.166011183452615 0.15274070814149 0.166808280846654 0.161586037922894 0.129588426770981 0.101743865979213 0.103944883071048 0.10958221247894 0.118275236633585 0.116201459651182 0.0994858433241676 0.082974647152554 0.117391353201523 0.127981132718994 0.0967082863303538 0.119150494894954 0.166961759925042 0.205799952327891 0.156590175501613 0.114231748644327 0.113656497658481 0.109184921330022 0.11923466262983 0.143540619603143 0.177140286474921 0.174070455913269 0.161035645446842 0.146163768246061 0.104131103517736 0.0785421278520034 0.0710195560613032 0.0842019154254842 0.0991472344671512 0.099205706202066 0.113154830466126 0.120375231171251 0.109808419453608 0.104277566465298 0.102220639216935 0.0984449730443167 0.140527242223236 0.212540812512522 0.252276829732134 0.11781246765416 0.0261159950450135 0.0241920804000108 0 0 0 0 0 0 0 0 0 0 0 0 0 0 0
0 0 0 0 0 0 0 0 0 0 0 0 0 0 0 0 0.00727953048284057 -0.0883598111421732 0.0608487541238551 0.0769963429002024 0.0594336920959243 0.0580730117570136 0.0900894229944234 0.0882119069339296 0.0839339711787012 0.0784741844020789 0.0943849568767303 0.104449584496183 0.110655077835927 0.120834709027361 0.128097646324408 0.137272037381513 0.142655559584543 0.127977441492735 0.120806711751468 0.142828685878885 0.160952123661719 0.175442013189039 0.181925116426868 0.158225026163645 0.1248104975957 0.140168016138546 0.159408983037417 0.139969083952697 0.121169586558232 0.138038567604682 0.149781930548503 0.13794311968338 0.122787707329598 0.104508204216679 0.0885805152674702 0.117652138393578 0.136055222967262 0.102751553199751 0.125373467137039 0.179595392554195 0.20283341492032 0.19669279800378 0.190856193731292 0.125157295863244 0.101247286074639 0.127573765043154 0.163684657139245 0.148561462033302 0.135939420489487 0.132448591927865 0.120524467996813 0.087859034070539 0.0799407105479832 0.0900451080243237 0.084146285505622 0.0749113207487577 0.0760879356824304 0.0937863253867212 0.125736085186667 0.15094864712216 0.131265300394553 0.0998387492402627 0.0611104004593738 0.145545282744202 0.152869694421782 0.141689410244105 0.118339386691811 0.0252835161744764 0.013558398107579 0 0 0 0 0 0 0 0 0 0 0 0 0 0 0
0 0 0 0 0 0 0 0 0 0 0 0 0 0 0 0 0 0.0147350673081236 0.00150392639499241 0.0579695989931042 0.0202532686530979 -0.0554875852744775 0.089549379901742 0.113541635688385 0.109281844835777 0.090181657971035 0.0968466672526216 0.0980412241321228 0.0928699236829393 0.0904542797093806 0.0984984577769339 0.111490591700438 0.12524298148759 0.138677471159613 0.152075505294769 0.162581975081903 0.161595340766552 0.143004793069594 0.120983345443619 0.111417223401509 0.103886604702923 0.118668177507716 0.154167053842596 0.149188666663982 0.14602956117736 0.168332907575563 0.175117721607051 0.152977409455743 0.12595585136851 0.103387159799193 0.0922449992896769 0.117592556539588 0.146918457088463 0.112158992006718 0.126974219717875 0.181759774573698 0.190775952210843 0.193830953624536 0.184361403859034 0.140969511979449 0.150519528175088 0.155433476202516 0.118616799451381 0.100488889887267 0.099072035817525 0.102530837144891 0.0948516303959117 0.0727472653615098 0.0853684857263689 0.122518712850355 0.0974751530622166 0.0667377317524326 0.0746388968288739 0.103985545584628 0.154442937535366 0.210371986868535 0.157427304406598 0.0890935068965751 0.0492821500976659 0.10983078494886 0.100710978987058 0.0768850359248713 0.0434524938278653 -0.00250630221816092 0.00128751341734012 0 0 0 0 0 0 0 0 0 0 0 0 0 0 0
0 0 0 0 0 0 0 0 0 0 0 0 0 0 0 0 0 0 0.0442297776001329 0.036301061570341 -0.00216429643209987 -0.108980212844707 0.0524324743755871 0.12306973452186 0.124111242151982 0.0988234523740307 0.124213751789627 0.13005187136488 0.102704685516981 0.0760386173611439 0.0754117697710858 0.0889358722802172 0.103020705991586 0.131819969503395 0.166553708511223 0.17303215069773 0.155772770220938 0.133920781005594 0.0971330357427235 0.0730444252493455 0.0888667281117374 0.111195028647032 0.150727952608209 0.153226940648056 0.147531374486609 0.150433839712523 0.144867386856627 0.131294007438466 0.11355514895914 0.0947669855130421 0.0906786549310809 0.111453391148605 0.144946286936937 0.127784939306909 0.129426103705408 0.164487074994098 0.170357375646074 0.161626394603639 0.135017584553933 0.161918524611389 0.207577066161749 0.155266486510631 0.0748634501161804 0.0719481171310732 0.0837651466953874 0.0946141444072013 0.0681247792909556 0.0329895929156964 0.0699482510047817 0.138751768778978 0.106150768874785 0.0603014434102271 0.0756934588461534 0.114135040443623 0.195422560082967 0.27855680593589 0.18091379981403 0.0761280672827625 0.0432934900932579 0.0546734739148264 0.0656910253773654 0.0664461325308464 -0.0588533917840654 0.00864590738064597 9.04112193951069e-07 0 0 0 0 0 0 0 0 0 0 0 0 0 0 0
0 0 0 0 0 0 0 0 0 0 0 0 0 0 0 0 0 0 0.00974110772180076 -0.334849813317137 -0.0140208737086959 -0.0313724018220155 0.0284060653463374 0.1151203089996 0.1286211753338 0.105273384654461 0.173926773697544 0.226600472897577 0.166028176223997 0.0918169942128302 0.0641956302033418 0.0704450769335378 0.0766852343969362 0.103244103765666 0.136771369769249 0.148793873872171 0.134778245999015 0.128315240213061 0.0992560579588347 0.0716650260590938 0.10756541281477 0.133739277747205 0.159779031478394 0.150838361700696 0.129659625603509 0.107960721191206 0.0941758970380826 0.0969872005226952 0.0919956382188548 0.0790895046487832 0.0837927148970133 0.101627595526269 0.13004346966867 0.134745644669018 0.135897042591773 0.14607664788288 0.150908605287512 0.1373719970847 0.103201719053099 0.153725384054021 0.1752211151698 0.12486620912743 0.0818698590657443 0.0846461968362908 0.110062209221366 0.120985624429933 0.0242275799629781 -0.0721637833631094 -0.00598742440006309 0.109779023442319 0.103542438986239 0.0706672359569203 0.0926679409368102 0.135285728502587 0.228429376592623 0.326230321845114 0.199845567068515 0.0669357529506203 0.0290483674825022 0.0310056759793252 0.0525543616965404 -0.0733186355976653 -0.0115038027337638 0 0 0 0 0 0 0 0 0 0 0 0 0 0 0 0 0
0 0 0 0 0 0 0 0 0 0 0 0 0 0 0 0 0 0 0 -0.172746177312342 -0.0626237023425088 0.00772219432828792 0.0554941688191775 0.11526108157728 0.129621282650844 0.0989376079885625 0.182962058053682 0.28878130146382 0.21475782019718 0.110563972530723 0.0574769445590609 0.0565969345168534 0.057488293671953 0.0826593726791857 0.123948358983835 0.148737232854117 0.141168172084819 0.133792172086441 0.0957597318256326 0.0602757347296845 0.105441623860808 0.145309602241947 0.165356162740799 0.140080763931585 0.104032579955314 0.0660835114552159 0.0545882840230382 0.0730788250271361 0.0726679417099684 0.0643157206182399 0.0783397090393339 0.09701050146984 0.110110191752396 0.115416911952786 0.109642676867035 0.135709156707381 0.143341503650152 0.118430445438915 0.100938316280885 0.121749419925144 0.113257544844223 0.105464926512304 0.0963309988725315 0.0963056564866608 0.131345282471077 0.135323263233831 -0.0280381729504271 -0.184391461231026 -0.098698922769319 0.0681921298858543 0.0970299728770309 0.0938376853425702 0.130757844241985 0.172993209462514 0.213539674852129 0.258756480316573 0.208224082056689 0.093650520088935 -0.0204091437891547 0.0462462878963523 0.0379647372753019 0.0244770329217248 0.00356114278790688 0 0 0 0 0 0 0 0 0 0 0 0 0 0 0 0 0
0 0 0 0 0 0 0 0 0 0 0 0 0 0 0 0 0 0 0 0.00953255066667661 0.0142509374116623 0.0350938659600804 0.0412937330422128 0.160347549862393 0.120732343235443 0.0851026120021697 0.131123533889117 0.202863938581012 0.165522663993478 0.0976863668254084 0.0571945616763159 0.054885603703303 0.0565897905270019 0.083119942029848 0.130928997457908 0.158803601145368 0.151728900929226 0.139881933137821 0.0917344832516948 0.0494495884798525 0.088609090273156 0.129987673343438 0.14987298724605 0.11234224268701 0.0743497815235077 0.0484897411149178 0.0507534535595628 0.0652126776109716 0.0600497666813872 0.0605097589716077 0.0862645706464821 0.10426416304496 0.100777988811648 0.0924195647985636 0.0696982260458843 0.115503010469136 0.145768599598298 0.0996642980195763 0.0955806640726728 0.0946659803821844 0.0786535194097427 0.111566504164692 0.117309338686383 0.0861266889954826 0.090872061722184 0.0838457717748143 -0.0356035426231041 -0.196188009925723 -0.13788717298637 0.0351389862168245 0.0947378814462431 0.123079024091975 0.172278672186544 0.207157410871843 0.180157456507204 0.155331904861114 0.247629068952307 0.0759349907308276 -0.0153170627036872 0.0385346980093772 0.00207962915255793 0 0 0 0 0 0 0 0 0 0 0 0 0 0 0 0 0 0 0
0 0 0 0 0 0 0 0 0 0 0 0 0 0 0 0 0 0 0 0 0 0.0249268273930084 -0.0439893579054738 0.0972699434314135 0.096731086196149 0.0741273429043229 0.0961914684076354 0.136472651345249 0.118464329307501 0.0820612093731 0.0582269930827752 0.0573079888572743 0.059894590178427 0.0856376114012266 0.133032035911446 0.159414132515961 0.155516983212842 0.143696647232541 0.0923597701981244 0.0519554096579506 0.0899492983520168 0.130568466548053 0.1408680274234 0.084289848362986 0.0523853203528225 0.0399684841943646 0.0492202323777768 0.0549693084386695 0.0521314510664671 0.0624356741977775 0.0951810093612242 0.110694379101157 0.0948009336459454 0.0801881789556836 0.0564761075172249 0.092485521372243 0.140164735707197 0.125680610303557 0.0930242414032299 0.0715990919134894 0.091276785330586 0.153919761083137 0.14976367997656 0.0735859567930974 0.034814686744204 0.0103001581530263 -0.0127005030747707 -0.0771520901274706 -0.064209388562319 0.032299130313981 0.107970432686914 0.162887649182741 0.196255995820908 0.200252244510884 0.131227665317534 0.118625812411044 0.265946521524844 -0.260701296830951 0.00402534919117419 0.00593848615052908 0 0 0 0 0 0 0 0 0 0 0 0 0 0 0 0 0 0 0 0
0 0 0 0 0 0 0 0 0 0 0 0 0 0 0 0 0 0 0 0 0 0.000268069335556606 0.0051568528767413 -0.0179870247277374 0.0783941175054424 0.0474051653792213 0.0790679511607544 0.123573395984678 0.120904321837717 0.0911404025328649 0.0720919074250098 0.072376762837457 0.0750476985768355 0.0903938833876882 0.120497412826976 0.14287059720032 0.148315797943569 0.142812302047011 0.0922247859550845 0.0662840911287128 0.121332477426384 0.175541734477751 0.176823832673576 0.0810834051099354 0.0612168701691689 0.0663867941717694 0.0555523283446503 0.0423174127285619 0.0504605627859436 0.0694487947638701 0.0966730015758612 0.10831594143039 0.091061510511624 0.0778517228123739 0.0675157436750974 0.0848520867457604 0.123558852841696 0.174359754142388 0.102874820038171 0.0430456451914764 0.101751125094551 0.196596082307337 0.196127146125936 0.0780165512865699 0.0077501812883324 -0.0406997140261624 0.00584504763675269 0.0400018739885585 0.0280023171250617 0.0406700163809066 0.130504394926135 0.207686415875969 0.159474835252451 0.101843649519118 0.0829777565391464 0.134217363444836 -0.0892530331503915 0.0153819977284255 0.00759638154430173 0 0 0 0 0 0 0 0 0 0 0 0 0 0 0 0 0 0 0 0 0
0 0 0 0 0 0 0 0 0 0 0 0 0 0 0 0 0 0 0 0 0 0 0 0.00741759164827813 0.0661440128563395 0.0162407262793415 0.0511840133599649 0.108243724321098 0.129523134493589 0.107006759755367 0.0878137884057232 0.0894581605828637 0.0924310991776369 0.0950659088899764 0.104581429568939 0.122746694249865 0.139978459689652 0.139645885489211 0.0900159074781358 0.0817339484812051 0.139780150974613 0.205985840925733 0.222485511689766 0.0867098556082195 0.0891137339847889 0.101260477835737 0.0541455425934191 0.0339197693114589 0.0510981776509502 0.0731719594114341 0.0917690590328125 0.0985621807884188 0.0836639894232324 0.0782721443200305 0.0867218441406801 0.0930755415259371 0.117164129016392 0.194124343052486 0.112123386174212 0.0326117872671839 0.0868272324617995 0.194174025972829 0.229793225906177 0.0975960334587044 0.0204470016787845 -0.0340834204116553 0.0013720755768615 0.0863434087698698 0.0826442221248241 0.0550007272747876 0.159385258386266 0.241667848213686 0.129627761974282 0.0914266604357099 0.0535865027506834 0.0218453831317827 -0.00305535230231945 0 0 0 0 0 0 0 0 0 0 0 0 0 0 0 0 0 0 0 0 0 0 0
0 0 0 0 0 0 0 0 0 0 0 0 0 0 0 0 0 0 0 0 0 0 0 0 0.0853999285387297 0.0710694039267821 0.0173376246101481 0.085627833962859 0.151355485784712 0.134362478411316 0.108491991585972 0.10168125480866 0.103990738826232 0.105327808363154 0.102280012187488 0.11234497418726 0.134244984310758 0.128693716626475 0.0841804254228537 0.0848376498854164 0.123012682702548 0.172509064275512 0.193927228633632 0.0929295909478799 0.106158443977791 0.109828543152973 0.0568727638626896 0.0519197743239024 0.0598545575559361 0.0680912010679129 0.0698152324319103 0.0670552981493558 0.0653951442261408 0.0826284244531092 0.120994860695148 0.117487943206182 0.121623015360028 0.196826442587586 0.115000804260417 0.0443302014681517 0.0687740127053348 0.15633454647807 0.258698890965001 0.126325371722662 0.0368735390927755 -0.00676734108349584 -0.0034777632436375 0.0531201156743657 0.0698349083644879 0.0725326008389577 0.171871308732587 0.241363045271626 0.251096900593115 0.162513561111397 0.000386980281825968 0 0 0 0 0 0 0 0 0 0 0 0 0 0 0 0 0 0 0 0 0 0 0 0 0
0 0 0 0 0 0 0 0 0 0 0 0 0 0 0 0 0 0 0 0 0 0 0 0 0.00322121493314443 0.0943946820385356 0.0470792035342697 0.0368327451136344 0.105806069945009 0.19138820353895 0.151831087448043 0.10867726880992 0.0874080400363101 0.102970818619551 0.111227890449476 0.11879336594781 0.133233457497239 0.117535270108778 0.0801162949271192 0.0790695181869339 0.0983814037028799 0.126774366213972 0.141214970223603 0.0913255552546222 0.0916212556479113 0.093107389940075 0.0824081159734467 0.0779647611419241 0.0699403094400047 0.0618179422810423 0.0470143025765924 0.032098396116794 0.0446302945235703 0.0902045673028302 0.152709675135082 0.135055832449655 0.120401090046689 0.183265328924733 0.115952228854136 0.0553648662337003 0.0655704129300807 0.115518110370213 0.243477338925064 0.175286401279877 0.0643664789789047 0.0263668579444936 0.00557420105531155 0.00677588089536436 0.0331568739223152 0.0820463905878362 0.165378096960666 0.263480094679659 0.214210945989655 0.015303467662232 0 0 0 0 0 0 0 0 0 0 0 0 0 0 0 0 0 0 0 0 0 0 0 0 0 0
0 0 0 0 0 0 0 0 0 0 0 0 0 0 0 0 0 0 0 0 0 0 0 0 2.00859868363797e-07 0.000586137969516506 0.0116785563266848 0.0264956534840019 0.0457787223305912 0.0559206063401643 0.120452461778362 0.12221671934517 0.0656816531586999 0.0769581612149232 0.110817293124673 0.12351464683665 0.132415220811623 0.112688515074489 0.0848695751686338 0.0889823121212567 0.10469323418241 0.12044675172378 0.119356551500476 0.0892898075181684 0.073256521940737 0.0831320389928129 0.10583634852465 0.10084336002155 0.0840686784878355 0.0330690701863716 -0.108033036600561 -0.270959303251344 -0.0583446525747355 0.128733579500408 0.204260915917953 0.156749347970598 0.110278829298163 0.133988738460917 0.107810942689314 0.0784400985773106 0.0701045087225355 0.0952764156770182 0.161533282929388 0.223167223883742 0.204226747471856 0.0992557367672885 0.0103865834637994 0.00881001591742606 0.0199974933173587 0.0482141138597378 0.0786265755290381 0.067485596827712 0.00815344695974259 3.43298490117057e-05 0 0 0 0 0 0 0 0 0 0 0 0 0 0 0 0 0 0 0 0 0 0 0 0 0 0
0 0 0 0 0 0 0 0 0 0 0 0 0 0 0 0 0 0 0 0 0 0 0 0 0 0 0 0.000227433840345676 0.0174490963683004 0.0229198474835885 0.0134664825096403 0.0726028115907876 0.0820501389518025 0.079477141846143 0.109396432076931 0.120743859686172 0.132818966159338 0.119835977815512 0.0987287457561033 0.104734622761275 0.115415669317679 0.124770623954729 0.136515043627956 0.115998244074931 0.0712415353083206 0.0799964230246862 0.114303708757926 0.120298972682243 0.112088177271493 -0.0612541408650037 -0.479052051368806 -0.672710904048343 -0.122272944843295 0.171061284417595 0.239020654177139 0.161061211098976 0.0979957098107132 0.0960359775755518 0.10019259440545 0.111713801823494 0.108388375383971 0.0905485148708415 0.0717857402251621 0.191503719147647 0.329737465364723 0.165473033776524 0.00661822503406129 0.00199124894926307 0.00175210728401818 0.00156362122694847 0.000977029728411006 0 0 0 0 0 0 0 0 0 0 0 0 0 0 0 0 0 0 0 0 0 0 0 0 0 0 0 0 0
0 0 0 0 0 0 0 0 0 0 0 0 0 0 0 0 0 0 0 0 0 0 0 0 0 0 0 0 0.00027874251075987 0.00871207645065198 -0.0592338813509251 -0.0306819445583096 0.0456691471414303 0.0686900234898452 0.0972929833829101 0.111710420773166 0.124661964187521 0.123829112736211 0.102922814400811 0.0986361849138656 0.100394775406288 0.100610540735477 0.139343107814333 0.15285910048101 0.0754772788430555 0.0755606047764951 0.109214937532946 0.126620272852447 0.12965945782632 -0.118368459395397 -0.549580523903313 -0.394022852520134 0.0139667044682626 0.160026956805984 0.197663485261623 0.13455243932449 0.0910997564988862 0.0837137115546234 0.142949351828348 0.27622992255323 0.606259701928008 0.0866374012886621 0.00199070408828285 0.0474633121473047 0.0624562718485864 0.0233108643134531 0.000533277295724185 0 0 0 0 0 0 0 0 0 0 0 0 0 0 0 0 0 0 0 0 0 0 0 0 0 0 0 0 0 0 0 0 0
0 0 0 0 0 0 0 0 0 0 0 0 0 0 0 0 0 0 0 0 0 0 0 0 0 0 0 0 0 8.60852620155928e-07 -0.0013563969478476 -0.0235524000458368 0.00902158052952386 0.0421084923549873 0.0529190302646911 0.056904133521568 0.0622671463658073 0.0667104433351511 0.0645349680068405 0.0569181042590585 0.0591968330142942 0.0701918979317175 0.0878620965866916 0.134847194738916 0.0732872737127633 0.0550868012150057 0.0658020574219465 0.0803398477940028 0.0946408373515825 0.00921155524987745 -0.0890021373735933 -0.0103252540020546 0.0766934071343539 0.116561758416964 0.115337997251976 0.0892534815898649 0.105401266906115 0.150618498067209 0.124830058135675 0.16091581204188 0.248694052030206 0.00852829534009777 0.00229395577732814 0.00559619284727377 0 0 0 0 0 0 0 0 0 0 0 0 0 0 0 0 0 0 0 0 0 0 0 0 0 0 0 0 0 0 0 0 0 0 0 0
0 0 0 0 0 0 0 0 0 0 0 0 0 0 0 0 0 0 0 0 0 0 0 0 0 0 0 0 0 0 0 0 -9.72729736330386e-06 0.00461589464848141 0.0218069718059739 0.0366164287906992 0.0374039338576788 0.0345441431289655 0.0325386661231748 0.0526311858889112 0.0469478374910314 0.048057297115966 0.0530732631478227 0.0792070273759806 0.0669009254619143 0.0429768506703836 0.0151410371983842 -0.00307301667231526 0.0363268104563585 0.0397658651215713 0.0184051331328648 0.053039995468396 0.108324843004603 0.0784716221715717 0.0501823842307612 0.166322668986618 0.322711192542645 0.193431705408967 0.026809947071406 0.00829758360215737 0.00780397624276687 0.000506225266358848 2.17553708480023e-05 1.26345357883744e-05 0 0 0 0 0 0 0 0 0 0 0 0 0 0 0 0 0 0 0 0 0 0 0 0 0 0 0 0 0 0 0 0 0 0 0 0
0 0 0 0 0 0 0 0 0 0 0 0 0 0 0 0 0 0 0 0 0 0 0 0 0 0 0 0 0 0 0 0 0 5.92902909125658e-07 0.000199172961385062 0.00731481186944098 0.029236277824192 0.0471383703346272 0.026973498982788 0.048991228945333 0.0752421467787699 0.0384204499124836 0.0209871254222002 0.0231735161101436 0.0342405334805538 0.0371675029470552 0.00127129896746958 0.0257333044108201 0.0683231070294556 0.134725971325491 0.175059815385106 0.122736490805239 0.0247944895987895 0.251230163092949 0.648383067166379 0.55374153912321 0.375985718838743 0.107849175116341 0 0 0 0 0 0 0 0 0 0 0 0 0 0 0 0 0 0 0 0 0 0 0 0 0 0 0 0 0 0 0 0 0 0 0 0 0 0 0 0 0 0
0 0 0 0 0 0 0 0 0 0 0 0 0 0 0 0 0 0 0 0 0 0 0 0 0 0 0 0 0 0 0 0 0 0 2.803197882508e-09 7.54840617908765e-06 0.000117777217142406 0.00392465808791544 0.0185713335578859 0.0277139030444768 0.0530397382460987 0.0717124837681435 0.0895473069022263 0.132662860882747 0.119199795446045 0.0327309563681605 0.0226982270767124 0.0429562430923129 0.0596362427895598 0.0493670639715341 0.0261916032112281 0.00952802042593777 0.0205412067288814 0.138077485081314 0.114760798883178 0.0278709732743222 0.00145355917937037 0 0 0 0 0 0 0 0 0 0 0 0 0 0 0 0 0 0 0 0 0 0 0 0 0 0 0 0 0 0 0 0 0 0 0 0 0 0 0 0 0 0 0
0 0 0 0 0 0 0 0 0 0 0 0 0 0 0 0 0 0 0 0 0 0 0 0 0 0 0 0 0 0 0 0 0 0 0 0 0 0 0 0 0 0 0.00202740009636119 0.00738132758111659 0.00440327409112725 0.000115627525141567 0 0 0 0 0 0 0 0 0 0 0 0 0 0 0 0 0 0 0 0 0 0 0 0 0 0 0 0 0 0 0 0 0 0 0 0 0 0 0 0 0 0 0 0 0 0 0 0 0 0 0 0 0 0
0 0 0 0 0 0 0 0 0 0 0 0 0 0 0 0 0 0 0 0 0 0 0 0 0 0 0 0 0 0 0 0 0 0 0 0 0 0 0 0 0 0 0 0 0 0 0 0 0 0 0 0 0 0 0 0 0 0 0 0 0 0 0 0 0 0 0 0 0 0 0 0 0 0 0 0 0 0 0 0 0 0 0 0 0 0 0 0 0 0 0 0 0 0 0 0 0 0 0 0
0 0 0 0 0 0 0 0 0 0 0 0 0 0 0 0 0 0 0 0 0 0 0 0 0 0 0 0 0 0 0 0 0 0 0 0 0 0 0 0 0 0 0 0 0 0 0 0 0 0 0 0 0 0 0 0 0 0 0 0 0 0 0 0 0 0 0 0 0 0 0 0 0 0 0 0 0 0 0 0 0 0 0 0 0 0 0 0 0 0 0 0 0 0 0 0 0 0 0 0
0 0 0 0 0 0 0 0 0 0 0 0 0 0 0 0 0 0 0 0 0 0 0 0 0 0 0 0 0 0 0 0 0 0 0 0 0 0 0 0 0 0 0 0 0 0 0 0 0 0 0 0 0 0 0 0 0 0 0 0 0 0 0 0 0 0 0 0 0 0 0 0 0 0 0 0 0 0 0 0 0 0 0 0 0 0 0 0 0 0 0 0 0 0 0 0 0 0 0 0
0 0 0 0 0 0 0 0 0 0 0 0 0 0 0 0 0 0 0 0 0 0 0 0 0 0 0 0 0 0 0 0 0 0 0 0 0 0 0 0 0 0 0 0 0 0 0 0 0 0 0 0 0 0 0 0 0 0 0 0 0 0 0 0 0 0 0 0 0 0 0 0 0 0 0 0 0 0 0 0 0 0 0 0 0 0 0 0 0 0 0 0 0 0 0 0 0 0 0 0
0 0 0 0 0 0 0 0 0 0 0 0 0 0 0 0 0 0 0 0 0 0 0 0 0 0 0 0 0 0 0 0 0 0 0 0 0 0 0 0 0 0 0 0 0 0 0 0 0 0 0 0 0 0 0 0 0 0 0 0 0 0 0 0 0 0 0 0 0 0 0 0 0 0 0 0 0 0 0 0 0 0 0 0 0 0 0 0 0 0 0 0 0 0 0 0 0 0 0 0
0 0 0 0 0 0 0 0 0 0 0 0 0 0 0 0 0 0 0 0 0 0 0 0 0 0 0 0 0 0 0 0 0 0 0 0 0 0 0 0 0 0 0 0 0 0 0 0 0 0 0 0 0 0 0 0 0 0 0 0 0 0 0 0 0 0 0 0 0 0 0 0 0 0 0 0 0 0 0 0 0 0 0 0 0 0 0 0 0 0 0 0 0 0 0 0 0 0 0 0
0 0 0 0 0 0 0 0 0 0 0 0 0 0 0 0 0 0 0 0 0 0 0 0 0 0 0 0 0 0 0 0 0 0 0 0 0 0 0 0 0 0 0 0 0 0 0 0 0 0 0 0 0 0 0 0 0 0 0 0 0 0 0 0 0 0 0 0 0 0 0 0 0 0 0 0 0 0 0 0 0 0 0 0 0 0 0 0 0 0 0 0 0 0 0 0 0 0 0 0
0 0 0 0 0 0 0 0 0 0 0 0 0 0 0 0 0 0 0 0 0 0 0 0 0 0 0 0 0 0 0 0 0 0 0 0 0 0 0 0 0 0 0 0 0 0 0 0 0 0 0 0 0 0 0 0 0 0 0 0 0 0 0 0 0 0 0 0 0 0 0 0 0 0 0 0 0 0 0 0 0 0 0 0 0 0 0 0 0 0 0 0 0 0 0 0 0 0 0 0
0 0 0 0 0 0 0 0 0 0 0 0 0 0 0 0 0 0 0 0 0 0 0 0 0 0 0 0 0 0 0 0 0 0 0 0 0 0 0 0 0 0 0 0 0 0 0 0 0 0 0 0 0 0 0 0 0 0 0 0 0 0 0 0 0 0 0 0 0 0 0 0 0 0 0 0 0 0 0 0 0 0 0 0 0 0 0 0 0 0 0 0 0 0 0 0 0 0 0 0
0 0 0 0 0 0 0 0 0 0 0 0 0 0 0 0 0 0 0 0 0 0 0 0 0 0 0 0 0 0 0 0 0 0 0 0 0 0 0 0 0 0 0 0 0 0 0 0 0 0 0 0 0 0 0 0 0 0 0 0 0 0 0 0 0 0 0 0 0 0 0 0 0 0 0 0 0 0 0 0 0 0 0 0 0 0 0 0 0 0 0 0 0 0 0 0 0 0 0 0
0 0 0 0 0 0 0 0 0 0 0 0 0 0 0 0 0 0 0 0 0 0 0 0 0 0 0 0 0 0 0 0 0 0 0 0 0 0 0 0 0 0 0 0 0 0 0 0 0 0 0 0 0 0 0 0 0 0 0 0 0 0 0 0 0 0 0 0 0 0 0 0 0 0 0 0 0 0 0 0 0 0 0 0 0 0 0 0 0 0 0 0 0 0 0 0 0 0 0 0
0 0 0 0 0 0 0 0 0 0 0 0 0 0 0 0 0 0 0 0 0 0 0 0 0 0 0 0 0 0 0 0 0 0 0 0 0 0 0 0 0 0 0 0 0 0 0 0 0 0 0 0 0 0 0 0 0 0 0 0 0 0 0 0 0 0 0 0 0 0 0 0 0 0 0 0 0 0 0 0 0 0 0 0 0 0 0 0 0 0 0 0 0 0 0 0 0 0 0 0
