0 0 0 0 0 0 0 0 0 0 0 0 0 0 0 0 0 0 0 0 0 0 0 0 0 0 0 0 0 0 0 0 0 0 0 0 0 0 0 0 0 0 0 0 0 0 0 0 0 0 0 0 0 0 0 0 0 0 0 0 0 0 0 0 0 0 0 0 0 0 0 0 0 0 0 0 0 0 0 0 0 0 0 0 0 0 0 0 0 0 0 0 0 0 0 0 0 0 0 0
0 0 0 0 0 0 0 0 0 0 0 0 0 0 0 0 0 0 0 0 0 0 0 0 0 0 0 0 0 0 0 0 0 0 0 0 0 0 0 0 0 0 0 0 0 0 0 0 0 0 0 0 0 0 0 0 0 0 0 0 0 0 0 0 0 0 0 0 0 0 0 0 0 0 0 0 0 0 0 0 0 0 0 0 0 0 0 0 0 0 0 0 0 0 0 0 0 0 0 0
0 0 0 0 0 0 0 0 0 0 0 0 0 0 0 0 0 0 0 0 0 0 0 0 0 0 0 0 0 0 0 0 0 0 0 0 0 0 0 0 0 0 0 0 0 0 0 0 0 0 0 0 0 0 0 0 0 0 0 0 0 0 0 0 0 0 0 0 0 0 0 0 0 0 0 0 0 0 0 0 0 0 0 0 0 0 0 0 0 0 0 0 0 0 0 0 0 0 0 0
0 0 0 0 0 0 0 0 0 0 0 0 0 0 0 0 0 0 0 0 0 0 0 0 0 0 0 0 0 0 0 0 0 0 0 0 0 0 0 0 0 0 0 0 0 0 0 0 0 0 0 0 0 0 0 0 0 0 0 0 0 0 0 0 0 0 0 0 0 0 0 0 0 0 0 0 0 0 0 0 0 0 0 0 0 0 0 0 0 0 0 0 0 0 0 0 0 0 0 0
0 0 0 0 0 0 0 0 0 0 0 0 0 0 0 0 0 0 0 0 0 0 0 0 0 0 0 0 0 0 0 0 0 0 0 0 0 0 0 0 0 0 0 0 0 0 0 0 0 0 0 0 0 0 0 0 0 0 0 0 0 0 0 0 0 0 0 0 0 0 0 0 0 0 0 0 0 0 0 0 0 0 0 0 0 0 0 0 0 0 0 0 0 0 0 0 0 0 0 0
0 0 0 0 0 0 0 0 0 0 0 0 0 0 0 0 0 0 0 0 0 0 0 0 0 0 0 0 0 0 0 0 0 0 0 0 0 0 0 0 0 0 0 0 0 0 0 0 0 0 0 0 0 0 0 0 0 0 0 0 0 0 0 0 0 0 0 0 0 0 0 0 0 0 0 0 0 0 0 0 0 0 0 0 0 0 0 0 0 0 0 0 0 0 0 0 0 0 0 0
0 0 0 0 0 0 0 0 0 0 0 0 0 0 0 0 0 0 0 0 0 0 0 0 0 0 0 0 0 0 0 0 0 0 0 0 0 0 0 0 0 0 0 0 0 0 0 0 0 0 0 0 0 0 0 0 0 0 0 0 0 0 0 0 0 0 0 0 0 0 0 0 0 0 0 0 0 0 0 0 0 0 0 0 0 0 0 0 0 0 0 0 0 0 0 0 0 0 0 0
0 0 0 0 0 0 0 0 0 0 0 0 0 0 0 0 0 0 0 0 0 0 0 0 0 0 0 0 0 0 0 0 0 0 0 0 0 0 0 0 0 0 0 0 0 0 0 0 0 0 0 0 0 0 0 0 0 0 0 0 0 0 0 0 0 0 0 0 0 0 0 0 0 0 0 0 0 0 0 0 0 0 0 0 0 0 0 0 0 0 0 0 0 0 0 0 0 0 0 0
0 0 0 0 0 0 0 0 0 0 0 0 0 0 0 0 0 0 0 0 0 0 0 0 0 0 0 0 0 0 0 0 0 0 0 0 0 0 0 0 0 0 0 0 0 0 0 0 0 0 0 0 0 0 0 0 0 0 0 0 0 0 0 0 0 0 0 0 0 0 0 0 0 0 0 0 0 0 0 0 0 0 0 0 0 0 0 0 0 0 0 0 0 0 0 0 0 0 0 0
0 0 0 0 0 0 0 0 0 0 0 0 0 0 0 0 0 0 0 0 0 0 0 0 0 0 0 0 0 0 0 0 0 0 0 0 0 0 0 0 0 0 0 0 0 0 0 0 0 0 0 0 0 0 0 0 0 0 0 0 0 0 0 0 0 0 0 0 0 0 0 0 0 0 0 0 0 0 0 0 0 0 0 0 0 0 0 0 0 0 0 0 0 0 0 0 0 0 0 0
0 0 0 0 0 0 0 0 0 0 0 0 0 0 0 0 0 0 0 0 0 0 0 0 0 0 0 0 0 0 0 0 0 0 0 0 0 0 0 0 0 0 0 0 0 0 0 0 0 0 0 0 0 0 0 0 0 0 0 0 0 0 0 0 0 0 0 0 0 0 0 0 0 0 0 0 0 0 0 0 0 0 0 0 0 0 0 0 0 0 0 0 0 0 0 0 0 0 0 0
0 0 0 0 0 0 0 0 0 0 0 0 0 0 0 0 0 0 0 0 0 0 0 0 0 0 0 0 0 0 0 0 0 0 0 0 0 0 0 0 0 0 0 0 0 0 0 0 0 0 0 0 0 0 0 0 0 0 0 0 0 0 0 0 0 0 0 0 0 0 0 0 0 0 0 0 0 0 0 0 0 0 0 0 0 0 0 0 0 0 0 0 0 0 0 0 0 0 0 0
0 0 0 0 0 0 0 0 0 0 0 0 0 0 0 0 0 0 0 0 0 0 0 0 0 0 0 0 0 0 0 0 0 0 0 0 0 0 0 0 0 0 0 0 0 0 0 0 0 0 0 0 0 0 0 0 0 0 0 0 0 0 0 0 0 0 0 0 0 0 0 0 0 0 0 0 0 0 0 0 0 0 0 0 0 0 0 0 0 0 0 0 0 0 0 0 0 0 0 0
0 0 0 0 0 0 0 0 0 0 0 0 0 0 0 0 0 0 0 0 0 0 0 0 0 0 0 0 0 0 0 0 0 0 0 0 0 0 0 0 0 0.0629788884110274 0 0 0 0 0 0 0 0 0 0 0 0 0 0 0 0 0 0 0 0 0 0 0 0 0 0 0 0 0 0 0 0 0 0 0 0 0 0 0 0 0 0 0 0 0 0 0 0 0 0 0 0 0 0 0 0 0 0
0 0 0 0 0 0 0 0 0 0 0 0 0 0 0 0 0 0 0 0 0 0 0 0 0 0 0 0 0 0 0 0 0 0 0 0 0.0716133641078113 0.474808321350308 0.174153801737065 0.151883189477547 0.155808345495957 0.321465573735627 0.397442014273233 0.330131557890692 0.280172084950357 0.391924621431421 0.252979172510869 0.230793990575393 0.203052525150468 0.271747062224245 0.72437079717411 0.593120822007134 0.465418417091941 0.201321499819006 0.107405387621392 0 0 0 0 0 0 0 0 0 0 0 0 0 0 0 0 0 0 0 0 0 0 0 0 0 0 0 0 0 0 0 0 0 0 0 0 0 0 0 0 0 0 0 0 0
0 0 0 0 0 0 0 0 0 0 0 0 0 0 0 0 0 0 0 0 0 0 0 0 0 0 0 0 0 0 0 0 0 0 0.310726152994634 0.417919370372917 0.321151707417632 0.517210212191481 0.503309721425761 0.488370913768374 0.456226001646565 0.470180693985623 0.454471080652882 0.508140881221185 0.447483019697034 0.422254999754489 0.411992642405863 0.395125927037789 0.374267505361117 0.338363925573636 0.444581421798899 0.399177291825851 0.369979949589224 0.376374517725111 0.320741311448509 0.302749848907786 0.247198089643597 0.138733166898284 0.160637515315296 0.0415139447146314 0 0 0 0 0 0 0 0 0 0 0 0 0 0 0 0 0 0 0 0 0 0 0 0 0 0 0 0 0 0 0 0 0 0 0 0 0 0 0 0
0 0 0 0 0 0 0 0 0 0 0 0 0 0 0 0 0 0 0 0 0 0 0 0 0 0 0 0 0 0 0 0.0679815265369685 0.182610828035006 0.241794843788292 0.387071684458645 0.374486296805731 0.343772887888983 0.443614502284283 0.49167353344139 0.500040023349403 0.500863466470265 0.500293546889383 0.489814313471783 0.482857953990125 0.483152904747333 0.483130709900116 0.475206133439062 0.45307368416492 0.427283059366273 0.402374459693209 0.429196626300377 0.471269416688876 0.497681610554465 0.52115640759382 0.515075212018039 0.448665072858536 0.455273643594455 0.463476781330353 0.386505928535713 0.392238852450703 0.274461535335659 0.0987160770067335 0.0351842160536459 0 0 0 0 0 0 0 0 0 0 0 0 0 0 0 0 0 0 0 0 0 0 0 0 0 0 0 0 0 0 0 0 0 0 0 0 0
0 0 0 0 0 0 0 0 0 0 0 0 0 0 0 0 0 0 0 0 0 0 0 0 0 0 0 0 0 0 0.153546681576526 0.358738823680888 0.320135995091357 0.38340392002408 0.392566675862 0.465778287016634 0.459995713015665 0.486222709709984 0.500355479636059 0.535351210349924 0.545652641504498 0.548022620270547 0.546260293040799 0.538220139326001 0.54082849138883 0.532474229352777 0.519578130683004 0.493652710658701 0.469557274337614 0.466579227700575 0.478028355445274 0.507588341773294 0.525224891379298 0.534585809278317 0.561514313385687 0.528858350910258 0.544713537786579 0.549079529257338 0.53505381185052 0.506913512024555 0.422490136479014 0.366962196313064 0.329373291089234 0.0901696890502086 0.0817667726091493 0 0 0 0 0 0 0 0 0 0 0 0 0 0 0 0 0 0 0 0 0 0 0 0 0 0 0 0 0 0 0 0 0 0 0
0 0 0 0 0 0 0 0 0 0 0 0 0 0 0 0 0 0 0 0 0 0 0 0 0 0 0 0 0.0713736280389264 0.537805238819736 0.347694873504465 0.388613816451635 0.474898329271241 0.473290377078709 0.479658708056309 0.497590817173005 0.505435983570516 0.516464808335376 0.534704945150441 0.54019861227371 0.547226550198398 0.548367204450765 0.54624670847515 0.542370645394519 0.546460126987392 0.543556091539669 0.536132561301174 0.539927897924952 0.520262870813727 0.535978836802967 0.548492880533086 0.56345554670175 0.578781547626917 0.584195873464527 0.549576495156929 0.538794750147529 0.527639250619222 0.527727271408698 0.548080038647479 0.515248198035865 0.453722231469089 0.39036476290884 0.40090949612331 0.383722306222979 0.443759849620713 0.425327945690649 0.376518899600122 0.0880652177983891 0.0807857261210835 0 0 0 0 0 0 0 0 0 0 0 0 0 0 0 0 0 0 0 0 0 0 0 0 0 0 0 0 0 0 0
0 0 0 0 0 0 0 0 0 0 0 0 0 0 0 0 0 0 0 0 0 0 0 0 0 0 0.0291546371708771 0.252373957625361 0.419520739834443 0.508543781956741 0.502762101655124 0.513662308871946 0.530147002506882 0.518428226456021 0.507318044313292 0.504411249526752 0.514088128003486 0.527267124191618 0.543389323176979 0.551709144472796 0.557795310322962 0.548647755841947 0.543448651136151 0.547857110471313 0.547607955116311 0.55217080962742 0.543801591021596 0.539487966217366 0.549220173971146 0.536085775167797 0.545064660139862 0.552362722612658 0.569228340549348 0.576561351122331 0.575872097173154 0.573625985527942 0.57061330518822 0.569091013826453 0.557190393100821 0.525446326416228 0.462073247084664 0.42184658677139 0.395818362148372 0.413097613758526 0.446311980151328 0.456636303710737 0.452309746387929 0.440596592501607 0.374119757848919 0.355855103871836 0.0803902180712587 0 0 0 0 0 0 0 0 0 0 0 0 0 0 0 0 0 0 0 0 0 0 0 0 0 0 0 0 0
0 0 0 0 0 0 0 0 0 0 0 0 0 0 0 0 0 0 0 0 0 0 0 0 0 0.0233315767428516 0.344497523853895 0.438415922767169 0.436497332165525 0.519776779451526 0.499096785690401 0.529253260367965 0.539760077121379 0.520736062236895 0.523195927771406 0.528404633338581 0.535108090178081 0.546408173195064 0.56197751899741 0.570372231991912 0.563789185801737 0.553993125650022 0.544837278277459 0.550539595376533 0.548091408644186 0.556639375024579 0.551260438825636 0.536213604489835 0.520551575113352 0.507487494692623 0.512161016535409 0.548396367388011 0.56035889934614 0.571288483095047 0.573675980652431 0.573554579710745 0.570314330404843 0.571972963615613 0.563951530951866 0.541555412269033 0.493386454243329 0.43546793435047 0.414702784294042 0.412557183158213 0.472173470127106 0.474359422633777 0.455877110450206 0.453560899521081 0.43284430493124 0.429176299547043 0.418258537716869 0.417664085029619 0.0124080592364362 0 0 0 0 0 0 0 0 0 0 0 0 0 0 0 0 0 0 0 0 0 0 0 0 0 0 0
0 0 0 0 0 0 0 0 0 0 0 0 0 0 0 0 0 0 0 0 0 0 0 0 0.118456561778534 0.402107607019325 0.430697828454556 0.444945663393359 0.496447270376661 0.547544087479456 0.553897279719422 0.55198681200177 0.54698051062353 0.547967414621221 0.547573183762049 0.55468738667459 0.564369584909253 0.575559462123882 0.585774912758778 0.590388293247317 0.576253441790824 0.563593206489619 0.549925313605981 0.553663412849373 0.547886547466112 0.558700730944656 0.556645729670997 0.546357904511543 0.528425116358196 0.522112688135538 0.515323946984221 0.525330511044287 0.557704272255045 0.571712208694166 0.573143298893799 0.574159481496779 0.572512465375684 0.57402517671954 0.565672330433893 0.539994461755059 0.497279244237871 0.451769666078652 0.433699845757659 0.459798655038225 0.477093431347706 0.477865773050401 0.470884282597903 0.474645300511536 0.4828281245966 0.460028357574752 0.435650357867449 0.414750356137205 0.356712916172914 0.0788347786585031 0 0 0 0 0 0 0 0 0 0 0 0 0 0 0 0 0 0 0 0 0 0 0 0 0 0
0 0 0 0 0 0 0 0 0 0 0 0 0 0 0 0 0 0 0 0 0 0 0 0.332475637474003 0.317334665269215 0.427972247588407 0.435465633967828 0.482288378555554 0.546518097641181 0.561241802262137 0.576130919204061 0.573150010089848 0.573951243037088 0.57488551252902 0.571836735639144 0.581211074799908 0.595571287478801 0.605285967316501 0.610158075844553 0.606650974575749 0.592169788226777 0.567396284747349 0.543176660099424 0.542538964977645 0.544464105038514 0.553923138692393 0.558278879642469 0.543810482398339 0.538918765862419 0.531681511176541 0.523941423744243 0.518830386554223 0.555399726640932 0.568197777203375 0.568915815227522 0.570340516103653 0.572059798250804 0.574623460569106 0.564296697861785 0.537256352306562 0.496195810439774 0.461562150170686 0.463169916332162 0.500621142868752 0.52574105598691 0.510948436633142 0.510376069696106 0.513057078039658 0.517241645887541 0.514500404774273 0.455047975326003 0.438123482179795 0.426032928218381 0.402636106873295 0.327352590979577 0 0 0 0 0 0 0 0 0 0 0 0 0 0 0 0 0 0 0 0 0 0 0 0 0
0 0 0 0 0 0 0 0 0 0 0 0 0 0 0 0 0 0 0 0 0 0 0.179976320486325 0.308909334189994 0.41111946325965 0.470434333392221 0.514546091286382 0.534045597122663 0.562948651474979 0.583164297006695 0.607520275843065 0.588561097140326 0.586748850401628 0.595916956046921 0.601354279156579 0.613890074195795 0.624242685179405 0.63596475015836 0.631996477507054 0.623579397703269 0.602559490154941 0.569382541453363 0.542198338803551 0.529395807881902 0.536833230237562 0.546231850819497 0.553241870099911 0.551974413736213 0.551132310982398 0.554554633881538 0.545791169280381 0.544236411162899 0.553803526631089 0.56354088375545 0.564501896019406 0.560397358244159 0.565567937511706 0.574782609261975 0.568734934819247 0.541488260592091 0.506449413150208 0.486859252220044 0.489300945013021 0.517177270825469 0.525621316619383 0.515644501643704 0.505689316857284 0.515246657782897 0.511883494019189 0.506314430409042 0.488017877923834 0.452737824681068 0.426476854855297 0.413051429952707 0.397653873126283 0.320272392997617 0.286514201036492 0 0 0 0 0 0 0 0 0 0 0 0 0 0 0 0 0 0 0 0 0 0 0
0 0 0 0 0 0 0 0 0 0 0 0 0 0 0 0 0 0 0 0 0 0.415570487373693 0.330822055767422 0.403664548457906 0.490500200813809 0.516594123682654 0.525860825680916 0.548129836614446 0.575805411245607 0.609800736238147 0.624964053302005 0.614589680430649 0.615384024831858 0.619889587136352 0.628245908467941 0.6398432307047 0.644855624686307 0.653419764238045 0.651639402575169 0.63506078770165 0.606912651115821 0.569789003405442 0.541866592654079 0.523707843518368 0.498080406000718 0.539953055307699 0.541490148182461 0.544600732220815 0.546001105461882 0.54839372159262 0.540565229116486 0.5352875345896 0.55163747983419 0.562625455427644 0.560410716981062 0.556572470997449 0.562995111678206 0.569947906159301 0.569861011429385 0.550049302957567 0.522188503369171 0.508618146336571 0.512051374046811 0.527200423615322 0.529765468723303 0.519235995235081 0.505796355995619 0.505885192850522 0.504224501253774 0.495847060278414 0.479383293285921 0.457732455043935 0.445256677581274 0.44547671882148 0.427328047078626 0.398114502927917 0.41279935786781 0.268920696181201 0 0 0 0 0 0 0 0 0 0 0 0 0 0 0 0 0 0 0 0 0 0
0 0 0 0 0 0 0 0 0 0 0 0 0 0 0 0 0 0 0 0 0.234114524830914 0.353963721176445 0.373350329359392 0.484811105321491 0.525027450126488 0.541649704411605 0.554513163488758 0.568407864639562 0.594446004951941 0.622172691266085 0.634610975226187 0.634086818171492 0.63159383697738 0.640655231886265 0.651131965471056 0.653556211784665 0.664666279711868 0.666029066830956 0.66821474318184 0.64674238936605 0.613399566650321 0.57622731846966 0.545880880558248 0.525841599705586 0.49099604398935 0.532876398802071 0.529202824642326 0.531810350158283 0.539381014379964 0.537778018233825 0.534145699182047 0.530559364237356 0.54874277716977 0.55578196697634 0.547619806287411 0.542377131861625 0.551509982610634 0.563180305449396 0.566821459231181 0.556130391876875 0.535859912383013 0.528641117230039 0.527391524063663 0.531969431111971 0.533536673410081 0.522724733428598 0.510097234381759 0.504274623964992 0.498386889743315 0.495662128476679 0.481391415480455 0.456744851241115 0.45387758601311 0.459328973044386 0.460115441733029 0.436659365806518 0.455611031443139 0.43009175103387 0.404407577240663 0.252042701680598 0 0 0 0 0 0 0 0 0 0 0 0 0 0 0 0 0 0 0 0
0 0 0 0 0 0 0 0 0 0 0 0 0 0 0 0 0 0 0 0.15251050315085 0.3450782482757 0.380022617290528 0.492758776411351 0.522860463564233 0.545622646464437 0.561853631957941 0.566061592437174 0.582092733787311 0.603832261587134 0.630170509886996 0.643681864247632 0.651768492428365 0.651341593506704 0.655998907324702 0.664726036718716 0.670518945521707 0.681185727524995 0.67967288825836 0.678676119064986 0.657252527280639 0.6252889290369 0.58854994911056 0.559691998369849 0.527242167729605 0.487879415429242 0.515807384112275 0.519509756588868 0.52443785423477 0.533133815373774 0.533657468573442 0.527632378795177 0.530516329858385 0.540428353863615 0.538273472469739 0.533114820056874 0.529001212456488 0.540435686475448 0.555105995633343 0.561794572993345 0.558483577977669 0.544604587564886 0.542804599914049 0.541659527617634 0.543388137314308 0.543224741904848 0.531956114063388 0.521922894780796 0.508363832658437 0.502138094753923 0.49837303299061 0.486086008621557 0.465721788316317 0.465120356520886 0.47613977882125 0.475627907819002 0.470570252428534 0.474246163023453 0.471992443715977 0.445578719408847 0.390727376982726 0.309066484197933 0 0 0 0 0 0 0 0 0 0 0 0 0 0 0 0 0 0 0
0 0 0 0 0 0 0 0 0 0 0 0 0 0 0 0 0 0 0.194034165512756 0.246635805628975 0.406964623188188 0.425875620377777 0.517122994160108 0.531388999206199 0.558699007141435 0.583230163949897 0.584959378438964 0.59281556305908 0.61598880261524 0.636524345931767 0.649076292979476 0.660005402595777 0.659191276097241 0.665986498648521 0.67729315935367 0.684654372338396 0.685660695136387 0.686646707254537 0.679789364551466 0.661031532879574 0.631660299520186 0.596735488045932 0.565222150935687 0.532948894661707 0.496493110081994 0.500998205809464 0.521393059321698 0.52541236998732 0.531395074777912 0.536865505933264 0.527330409432045 0.52954387080184 0.535800938604454 0.526748139390879 0.514775719774447 0.511734843821758 0.5310891478433 0.547738086119368 0.557594709764529 0.559727797084792 0.553468389578845 0.551047556026569 0.550597601847478 0.553840402617162 0.554665749392165 0.546742817009812 0.531490850503109 0.519679755284659 0.512583027612968 0.510238702869327 0.501816088297753 0.488541150042181 0.484128974755883 0.490508659363001 0.488750199873701 0.478697368853358 0.478006371407286 0.475261428961081 0.466655765385949 0.443830239309926 0.407647472078504 0.391095003246361 0 0 0 0 0 0 0 0 0 0 0 0 0 0 0 0 0 0
0 0 0 0 0 0 0 0 0 0 0 0 0 0 0 0 0 0 0.355771511011432 0.445646179444799 0.440415185254946 0.502748841549751 0.52782054900078 0.551420904308968 0.576572651342725 0.598016918313444 0.602305972629155 0.610711103308659 0.62812159787425 0.64620568953573 0.652101709943219 0.662330600900315 0.66626183605438 0.678204086953718 0.684161364449096 0.687994682340305 0.684932828500241 0.685732411510115 0.674734166554927 0.65698680144534 0.639670626417383 0.608942071787173 0.576750901316729 0.542073432904648 0.511832647638392 0.498326524323894 0.511753793195548 0.529178201641049 0.535637835310403 0.535704729935061 0.531575512482639 0.52950125923278 0.528830264437343 0.519600839783375 0.510767724872251 0.511609800425412 0.52977494883561 0.547991868701552 0.561715050000156 0.566639862543661 0.563538132363812 0.559327248105952 0.562320659369778 0.566627116536609 0.56661119687513 0.56065804354343 0.547072484958822 0.533677840400597 0.524560977703518 0.520543017198734 0.516833534989583 0.509599347487042 0.503745256757616 0.503690731920314 0.502966403120182 0.492012620465789 0.485804261854141 0.480322299782473 0.474563695140165 0.456730793218433 0.409781425275356 0.438136149805835 0.322782837672198 0 0 0 0 0 0 0 0 0 0 0 0 0 0 0 0 0
0 0 0 0 0 0 0 0 0 0 0 0 0 0 0 0 0 0.214855962614989 0.435326297741118 0.419375177931822 0.503934339341843 0.524565023446608 0.545243463532183 0.570671762519577 0.591442404541093 0.609588959492523 0.617098824516015 0.626280452643701 0.645970846416624 0.655518650733168 0.6616266858184 0.664282223516217 0.6720947377942 0.677315782968058 0.686937597442161 0.68398532126349 0.679626530650532 0.676056801450616 0.663941137645804 0.655187448623148 0.637909236278473 0.620338245587851 0.59240175610851 0.551592448248494 0.536420260622197 0.534103527773939 0.527576598305006 0.547418563718294 0.555458506736342 0.556719612472341 0.550457189277944 0.540022152536787 0.536558402557895 0.528035808278497 0.52525442317229 0.529268051385628 0.541681175278744 0.553601932809998 0.568535346489499 0.575210692109156 0.576635442350001 0.574829255353924 0.575718351023293 0.578197656293221 0.582200782500643 0.574801328814685 0.563268746282614 0.546441776944477 0.536606134569414 0.534266102709045 0.527143952993972 0.525080618034727 0.523668993238108 0.525710408896308 0.524912100101237 0.512164500560288 0.501923290201199 0.488506831095274 0.487974645231993 0.471765395673968 0.453039269002714 0.45497317390688 0.407398959869399 0.21561250544138 0 0 0 0 0 0 0 0 0 0 0 0 0 0 0 0
0 0 0 0 0 0 0 0 0 0 0 0 0 0 0 0 0.0125898460310128 0.302218406905583 0.4639888711758 0.498246569912623 0.524528596326862 0.54014595119774 0.564933042511672 0.584706022292427 0.600899932348304 0.61423606138427 0.626295540057947 0.639461235048806 0.655299745111214 0.667869089624903 0.671800157968753 0.668662484162576 0.677485019387339 0.682601590664716 0.687112261209702 0.683238408212709 0.67370142209093 0.6620760410596 0.655085814663457 0.646700536233914 0.639058567293483 0.628910006428564 0.59925379812105 0.573505547955691 0.565839347580914 0.561392178337415 0.570062954640286 0.576792169490399 0.588445656355044 0.590877798444269 0.584484882103748 0.565245410614609 0.554027626576633 0.547498381883287 0.546635778074218 0.549303366880713 0.555010620638703 0.567940810208982 0.579052596027971 0.588025006409956 0.587475884203147 0.588614505483012 0.590881734598776 0.595322860971612 0.595697710150182 0.589517257646733 0.576840760630418 0.559706888276635 0.546683426621613 0.543276767070423 0.540298484263447 0.535217157552272 0.538556146443663 0.541324471832687 0.538217519234311 0.529171474296521 0.518257504703041 0.506008328415701 0.499931936978969 0.491782430985771 0.485116251039257 0.452888252076959 0.414741114906846 0.408000253284908 0 0 0 0 0 0 0 0 0 0 0 0 0 0 0 0
0 0 0 0 0 0 0 0 0 0 0 0 0 0 0 0 0.139523939785172 0.405643375087707 0.461281361358403 0.524874092698238 0.537478975823746 0.553011842228267 0.577103466221143 0.594981560239921 0.606117400843148 0.617455480856672 0.629510199903417 0.645357109397895 0.65905430680854 0.675022399814444 0.673697352500749 0.675160976201011 0.679700114129431 0.686074251827893 0.691879020687883 0.685956336065045 0.669562180185415 0.655158540976004 0.650142938635115 0.642854265254917 0.640672456082082 0.634161943365596 0.617498958472429 0.601931367001136 0.582462474394892 0.570948831230083 0.585894872672669 0.594472756111343 0.610433677048703 0.616980755927932 0.617699076613637 0.600609057537075 0.578653912233817 0.566763750495466 0.564915072971016 0.571729832367989 0.572981424479666 0.58335882802566 0.59455683686229 0.600805355269584 0.601471352051886 0.601292213912948 0.605734893180918 0.604674017450688 0.612327881640387 0.60910218321487 0.59155413568799 0.575052259609435 0.558617853572667 0.548561425861639 0.548143551301088 0.544205656051487 0.545558844492137 0.549078901659334 0.550521073291014 0.541472986705896 0.528776229215968 0.526398769313464 0.509191553723596 0.500840337099803 0.491150806265804 0.454806597826897 0.426790827850247 0.397991668365434 0 0 0 0 0 0 0 0 0 0 0 0 0 0 0 0
0 0 0 0 0 0 0 0 0 0 0 0 0 0 0 0 0.386407415831557 0.47077611208916 0.509570749332731 0.537904319938118 0.545678213930501 0.561384227649472 0.588458031785827 0.602863342816161 0.612476614291013 0.621003503931014 0.631299830942968 0.644266647721933 0.657092266440981 0.669045441060511 0.672250496945162 0.675385622606404 0.680692414169913 0.688565718163071 0.69546822703175 0.689731669192508 0.670711679614518 0.655815942983665 0.647300142074395 0.642025318450942 0.648440059406794 0.644361406165189 0.634178512147588 0.61847399860964 0.597904261788875 0.594073376643954 0.598040618006122 0.618059220639625 0.634502024857298 0.647416707719453 0.647711022607926 0.630606691091339 0.603855545561678 0.585141618331396 0.58276632500926 0.587705254161417 0.590415012698545 0.59863381937583 0.610481643884569 0.613578101334126 0.61974178691768 0.615549457170052 0.617816946108435 0.623571731739013 0.627253874517004 0.625577142708281 0.610633005453073 0.592829289751892 0.571478800612267 0.558144151937284 0.553041545151529 0.549943047097512 0.546937377230459 0.552194113426169 0.55429601306159 0.551389768768895 0.540318118126378 0.532833885520854 0.527494151734543 0.512444677761963 0.493985009958483 0.458798361728586 0.43088145678426 0.378759288759987 0.326761077777845 0 0 0 0 0 0 0 0 0 0 0 0 0 0 0
0 0 0 0 0 0 0 0 0 0 0 0 0 0 0 0.449625432932739 0.350684812244115 0.501564019823316 0.544074958172816 0.549702203416784 0.554197135369048 0.571117433181764 0.592879805710293 0.606794379179664 0.6182027025921 0.625983657460567 0.631321539786107 0.640575313093574 0.656157048108941 0.660585170051853 0.66886517960041 0.67432985934646 0.675017480787074 0.685878672411761 0.700262078034381 0.688042980851118 0.676019730509401 0.663385272225106 0.652053667146043 0.650586332291003 0.657151505820284 0.658071546516839 0.64844740077816 0.630199177519063 0.618263071287319 0.619349990862758 0.625518612749736 0.649851436927145 0.66814941748276 0.677618774485865 0.672414164961048 0.659779496804854 0.629046017269165 0.607526945346628 0.600974951010218 0.600894542232222 0.611006375923139 0.615685100918479 0.626801028271627 0.632656373880452 0.63463285147249 0.624894567334643 0.634283592202883 0.640854556807929 0.64507181332431 0.639718894912772 0.61998840227489 0.611953733970111 0.58754452412854 0.568443588230543 0.559021249081554 0.551647129404845 0.551966540016344 0.556148343498538 0.560276518559655 0.558420696520027 0.554124353837286 0.547220493463567 0.540047305564764 0.517252157823612 0.493511491445653 0.466480297602893 0.437308053624252 0.40705694455677 0.347174939278999 0.245291699056427 0 0 0 0 0 0 0 0 0 0 0 0 0 0
0 0 0 0 0 0 0 0 0 0 0 0 0 0 0.0244619451951293 0.281098839846932 0.38700471167238 0.540717054048704 0.563300964070698 0.563490632456295 0.567325091359924 0.582777008261678 0.599278274890348 0.614656284407688 0.621356498714898 0.626940502022858 0.633410649475172 0.645229711337024 0.652706008226906 0.652580339304406 0.66248795293226 0.663430058624434 0.6632913538249 0.670649825343977 0.685283020097656 0.689419309799112 0.683550726335765 0.67104404527734 0.659119953780274 0.657024228072452 0.662455077629343 0.661496828579894 0.66288305050051 0.648009134199648 0.641012313298925 0.641209439003048 0.655466081514254 0.672901414406204 0.688751800657426 0.703191007560915 0.70433090840323 0.685994597936072 0.66000157610484 0.63633959251316 0.624079018204997 0.624376031857092 0.636789426566679 0.64023618655199 0.647205725773644 0.643127021577333 0.645913519392672 0.637744022525885 0.647590414608056 0.649739537674432 0.655239517600273 0.649046742798131 0.638780617057126 0.626463649627534 0.605756541019774 0.581090943154467 0.569636422558068 0.555892478649959 0.558835195562533 0.561048732317353 0.564301519192874 0.565869794799204 0.562493722170293 0.550843946895071 0.543334844539684 0.520298998093066 0.500486896175489 0.48269255065226 0.451872834619416 0.42780865498879 0.399282162809103 0.387316672560513 0.150099451547452 0 0 0 0 0 0 0 0 0 0 0 0 0
0 0 0 0 0 0 0 0 0 0 0 0 0 0 0.168226082469498 0.356647129964466 0.508718764398794 0.593777426675159 0.591012671538529 0.583148367537262 0.580796478505485 0.59337145009255 0.60773507483568 0.618771449253812 0.625550458529863 0.632587575929371 0.640602540057503 0.647413005247832 0.648058964216393 0.657194301402014 0.666600201953881 0.666722860959114 0.666464046049145 0.664085091346593 0.671003016832689 0.674369280843219 0.683797114308955 0.676712148897999 0.663144758036385 0.656934677950263 0.653875494385901 0.65798644894359 0.666825334367517 0.659154223762395 0.654270103344986 0.654888949792882 0.66518123022162 0.680516767158741 0.698612782349114 0.715488499957285 0.721741080325579 0.716927380491816 0.68215899613703 0.66168239223581 0.649907489041975 0.649939511611074 0.650862102459146 0.652272078305721 0.659175753289241 0.658321818494211 0.650089699893808 0.647852480448802 0.651321375331024 0.654457500662103 0.659720966725497 0.653708385730372 0.650668588969299 0.640174746215182 0.61631867679236 0.600311507144212 0.582668189992593 0.559207263771462 0.562487548862027 0.564903841173013 0.573600167324011 0.573502356057331 0.569074518971414 0.556973015418777 0.545499002343689 0.538321591375421 0.507703740977182 0.487962153849884 0.465028433143077 0.45438006098512 0.43731431332181 0.40964117786425 0.369991380055589 0 0 0 0 0 0 0 0 0 0 0 0 0
0 0 0 0 0 0 0 0 0 0 0 0 0 0 0.304007856038335 0.443192805769476 0.5497283879783 0.593790831439878 0.599213161091968 0.605928118639341 0.599014048336233 0.610808411388248 0.616236236612413 0.622216860679387 0.634041096774004 0.63705163913237 0.646556848640723 0.654352178862876 0.657100257486928 0.664149201882727 0.669354870602765 0.669478262888344 0.668880863276641 0.668339473513774 0.669256704776373 0.669422247062807 0.666945230241561 0.654086024996384 0.649074196986387 0.638474949420227 0.6243509351398 0.628239691511985 0.642087733042723 0.64966070120335 0.646845954701275 0.65061863114642 0.661823514044191 0.678405208493258 0.693981805731789 0.714146594877568 0.723653786353726 0.723536339689669 0.701857137191497 0.687617490496435 0.675110013541171 0.67568857661847 0.672925543331246 0.673599340457753 0.674316472313268 0.674669135068102 0.660804847447216 0.659286806048677 0.652023205199852 0.661424886478792 0.661007694228607 0.657261886314766 0.655650982865921 0.643762152420975 0.626013637399182 0.608046442570295 0.582788400527983 0.570750639797194 0.574233502716233 0.577737592972133 0.582772808018655 0.583201706682696 0.577095370377416 0.571289145174336 0.559133831662505 0.540857190391632 0.518555228095281 0.491337653072413 0.468868687283525 0.464333693935243 0.457309181190484 0.455894539621582 0.374761910327799 0 0 0 0 0 0 0 0 0 0 0 0 0
0 0 0 0 0 0 0 0 0 0 0 0 0 0.138643312248337 0.403009786805645 0.534817516116817 0.576344668702485 0.597031470758825 0.601397285365626 0.612969435501458 0.613422148773577 0.615185032451651 0.619075537685042 0.628651108030864 0.634788934913619 0.641306572998733 0.650927695204542 0.656945955128976 0.664255015929351 0.677565233660112 0.678719918789358 0.683441104454564 0.683453353601162 0.678361708450988 0.674927591035816 0.665835766077769 0.664166898650321 0.648524625791052 0.623673551902646 0.59386659478564 0.587893505991198 0.582792311867517 0.597520091899826 0.611748307138425 0.62459865129029 0.630228252856818 0.638904330241816 0.652290883138894 0.675366806601633 0.694868839297796 0.712798936576375 0.720689985406241 0.724362983728099 0.709605215801663 0.694895600447064 0.690156187511262 0.68470972540421 0.679986717254957 0.678536166731951 0.673825183741886 0.661635764851601 0.655937049942221 0.647172088298364 0.653458054767796 0.655398529287277 0.656904947345878 0.657664250537292 0.653470265900412 0.636717532892961 0.612556064062677 0.590112507918018 0.583623711197549 0.587282823688609 0.587930452804783 0.594067301252763 0.593811477531494 0.588946558325822 0.583728410279836 0.571035438911731 0.552533615122364 0.53026506004279 0.507523785296694 0.488594115142526 0.475508751124242 0.467776078074457 0.454174407522749 0.397614501308764 0.0501191774799031 0 0 0 0 0 0 0 0 0 0 0 0
0 0 0 0 0 0 0 0 0 0 0 0 0 0.370897408315692 0.434321226279414 0.584992501113966 0.580144726233783 0.590624106195806 0.598445038224778 0.609020821707188 0.617165111404367 0.621684030287819 0.632260751860887 0.638462042481066 0.642885823754874 0.6510831797786 0.657986137449729 0.667682634418553 0.678690145198277 0.68277833049005 0.684142795655327 0.68820440017088 0.68145831142293 0.676443124000319 0.670621120935205 0.665876137128397 0.656246629536599 0.642228794745269 0.61242343873693 0.576832254550902 0.547161166130671 0.532293870868495 0.538641762881734 0.563454908582031 0.583425886401362 0.596176968474404 0.603767970839033 0.622073306934295 0.642475792794621 0.664780795133366 0.691473661707856 0.713387183830592 0.721913720500872 0.710790250161304 0.707937062355262 0.696028725570236 0.687365771658985 0.678214657466732 0.670406909572797 0.6634450210862 0.653840799474806 0.642515174892925 0.634487207138891 0.632873576267699 0.639227853681537 0.650737045509687 0.65819726171711 0.655348632474236 0.638592538447515 0.622371339106997 0.604208082283671 0.597760580644522 0.599594284285654 0.60457612540551 0.608052896793211 0.602576569864298 0.605433035185214 0.598918960264883 0.582760154292193 0.565315905962559 0.54816246499242 0.52677364238495 0.503613947651601 0.48627647625478 0.472020604697687 0.469325507381475 0.411619820180741 0.050941245748544 0 0 0 0 0 0 0 0 0 0 0 0
0 0 0 0 0 0 0 0 0 0 0 0 0 0.425600490679624 0.496344639800055 0.585144854456508 0.577322741334839 0.590329164649438 0.597628874719745 0.613961498647133 0.6203168046867 0.631711472946209 0.640308046115189 0.649227276471674 0.655197753272966 0.661885466245694 0.672004878727689 0.678615951589058 0.683789661361863 0.679687974213147 0.677198583330315 0.665175357168964 0.668328558355927 0.6633274784811 0.661947407742183 0.66157944805114 0.647698915519059 0.632109088645357 0.596843564686175 0.558204373846458 0.521534386638875 0.495044368946785 0.489659184575291 0.508868630007736 0.537625001741353 0.563016018129844 0.578315410050544 0.59009122406634 0.604115224239587 0.630335691978623 0.657991464586882 0.68920803836242 0.705271239359695 0.71277334233347 0.706018566795517 0.693823088086236 0.68082655267434 0.666425812550782 0.653832676220741 0.642894182394295 0.628682079625483 0.619549992577726 0.608289651055388 0.606876523964237 0.615039884906298 0.636772416566981 0.644605442813528 0.651260721505246 0.641327987560186 0.623633905256186 0.610812298818202 0.609553031895252 0.614219388023903 0.618465649464341 0.626159743027423 0.623075043974019 0.622299345106915 0.612435967547015 0.599015844406986 0.582989501199062 0.562676465104011 0.543973169542389 0.521075747772179 0.504938037467025 0.491314585733827 0.478346360480228 0.463858122025119 0.422771996483661 0 0 0 0 0 0 0 0 0 0 0 0
0 0 0 0 0 0 0 0 0 0 0 0 0.0517113376726717 0.463701523861478 0.501392921792317 0.578667994881922 0.580246888781544 0.589899418057657 0.599567596225991 0.613340788654534 0.623988294694279 0.639099734113197 0.649585216676783 0.659693106979775 0.669931504908227 0.672978468422136 0.675213472244224 0.676830085983393 0.672481243215111 0.662846154942965 0.645654107202846 0.635913852867294 0.637167436914425 0.641295342907367 0.645271735582765 0.651069617038185 0.646675822564256 0.628719591209506 0.590457879592422 0.542073916188382 0.49909504947275 0.46393611698189 0.451371755504869 0.462134770600926 0.490586981523996 0.519062033354933 0.540119089415219 0.554347416672517 0.57329421688669 0.595862991793312 0.624056957680793 0.651596664177578 0.683018804062479 0.695885501406024 0.695885401380995 0.681736462863304 0.655383984800184 0.635617425101276 0.619097395254155 0.608870790190645 0.592540021420584 0.579865698308316 0.567291822275196 0.563362794044229 0.574281176538239 0.596385521469075 0.62657151299788 0.634491897710213 0.636018166549595 0.627465920929306 0.618872538258938 0.616611016870071 0.623368557994326 0.631951255984755 0.63787026156786 0.64044473472392 0.635872712185926 0.630203309088351 0.613639097655123 0.597791369434586 0.576151679929184 0.557771141855046 0.538257680699101 0.520727126522309 0.507042044908684 0.489825594994158 0.472616705016468 0.393279077978252 0 0 0 0 0 0 0 0 0 0 0 0
0 0 0 0 0 0 0 0 0 0 0 0 0.0533346561562739 0.490221511670341 0.50570842560513 0.57324304261082 0.577941055116234 0.590071853487905 0.601986152792797 0.613803861458246 0.624766652875171 0.641064427805344 0.65443267696644 0.664246840474972 0.674176872123713 0.676492438526634 0.677352158499879 0.670428683415333 0.647856426344607 0.63278536583879 0.613231354865823 0.606842987452706 0.617081688021059 0.62198729743234 0.636902149046027 0.647528158223873 0.649644214008042 0.637349025195126 0.602891088489386 0.545297982928799 0.494674120644591 0.455876955311498 0.436158120898934 0.439848281456247 0.457926356147953 0.485462140906383 0.50952182005643 0.533027591478791 0.552022738115975 0.571009172263621 0.596908577218083 0.625866918041271 0.654860311466644 0.670590540986669 0.667509659866022 0.630910216160209 0.613726395424902 0.589813541562287 0.574152259527505 0.563955921845251 0.541849654830262 0.531643081210808 0.515587923869442 0.50890057031666 0.515042364201141 0.549170348431371 0.582700551265927 0.620024479699325 0.631832480894832 0.630471452851775 0.62798195323715 0.630113333204005 0.63510883117787 0.646814113388398 0.65743661708551 0.660059877085208 0.650924272763009 0.639764841568275 0.626580115926607 0.607965394497792 0.586537078492632 0.567970650928244 0.548584487822028 0.53149300940986 0.51542970335374 0.49422393689715 0.457307638764297 0.366972004774529 0.358550646109949 0 0 0 0 0 0 0 0 0 0 0
0 0 0 0 0 0 0 0 0 0 0 0 0.189438436067411 0.51674774264988 0.508635052598021 0.573559457471942 0.581983513117136 0.590976647423931 0.602635648497571 0.617329322808434 0.628012704189589 0.640668434456868 0.65051541756169 0.66614366599014 0.671321618120601 0.670760263240614 0.670191519449217 0.644402223218771 0.628804733406657 0.609276559643917 0.595459823678166 0.599241060055621 0.612888346087794 0.628091860611343 0.643918176329777 0.649184037228235 0.658299550090806 0.644738350523106 0.620016161871994 0.574998337216337 0.51715981271903 0.461702961588478 0.428554764022667 0.432080336004306 0.44427700942744 0.466876378779291 0.485293100954472 0.511188770514081 0.535406400778382 0.555243860689773 0.574223498984405 0.595752863650573 0.624995080782386 0.639311243976363 0.630675106553019 0.566894352026224 0.562280428891038 0.530008527143775 0.514099449007634 0.512239358272042 0.486946140067868 0.483450515147437 0.461310562626935 0.448895462867692 0.463271468627404 0.509829198476674 0.569873026251547 0.614773456453181 0.632074228580694 0.633400575383803 0.633650165665977 0.633296584771056 0.643647581791371 0.65680350991188 0.669955899315979 0.667941282186421 0.654394408300804 0.644273386611602 0.633056321995358 0.616307474655679 0.590710297613586 0.572086205227791 0.554267436121512 0.538802875727563 0.518087438498584 0.494142520002228 0.463714988223095 0.423213615522569 0.329279749096888 0 0 0 0 0 0 0 0 0 0 0
0 0 0 0 0 0 0 0 0 0 0 0 0.202840954342381 0.531644280453012 0.511006468092639 0.574085617812823 0.579281438325782 0.593597274316229 0.611347187173601 0.6223424450088 0.624404816351431 0.629930887673632 0.635329312025655 0.647245458480982 0.651728238937105 0.652098423799344 0.647290610315841 0.630497098057717 0.620684904201154 0.604786021441469 0.598481229655056 0.61290610007702 0.632828346609367 0.654784322740668 0.667387383079405 0.669686420451503 0.666339565831858 0.648651633908311 0.628789467699544 0.596003151501474 0.545106012969107 0.485275540215142 0.44675493025382 0.433475239035393 0.438920249976893 0.454634573784314 0.467899582974463 0.495043857248727 0.519905881488636 0.538884917198811 0.556433239044308 0.573507107563503 0.595884258053715 0.60132191223565 0.588691995514808 0.514303844028054 0.484590771115333 0.470137528578877 0.45362260773114 0.444855607299162 0.441869455679765 0.439168989495726 0.421876647394075 0.423614064306271 0.448994085439547 0.507981377795024 0.57591846035359 0.61664227892762 0.633150756465057 0.634545322927635 0.632998214438464 0.63807581426714 0.651273956578326 0.663942623493299 0.670998087968202 0.664051522463118 0.649048468382976 0.63977263284467 0.630806717453254 0.614814942365387 0.59139458336231 0.575967136790736 0.558208921083889 0.539702682044414 0.519049307185972 0.493613698427072 0.464277421130325 0.439118244970879 0.305119612917402 0 0 0 0 0 0 0 0 0 0 0
0 0 0 0 0 0 0 0 0 0 0 0 0.329592172874512 0.520811223566153 0.517499071972807 0.567472214063199 0.573925135518632 0.596696306558696 0.614161905980667 0.617409978425277 0.616988320628493 0.618696773520372 0.615477556169877 0.619921725552628 0.621947076728227 0.627394119823627 0.62579878960564 0.627682852566737 0.617570974338014 0.61263267942433 0.617875190803113 0.639081875051241 0.671674146364955 0.688350321449012 0.693328753279131 0.688863928546711 0.67378817292178 0.649391686888485 0.628289343113663 0.609121090412928 0.573527835475095 0.516397778158759 0.467068023837815 0.447837889457589 0.444215128136768 0.456447393787059 0.469639029500739 0.486153790596017 0.503889610151648 0.523120871089955 0.541035711357075 0.550175648005437 0.561718544641177 0.557391091040315 0.544889831156263 0.487139103390894 0.443143715636749 0.429408125533515 0.41509886895384 0.409933497574798 0.417980001291017 0.425107537898448 0.410559184691242 0.419902523869448 0.454722169046312 0.529535990473439 0.597629497017315 0.628576566714865 0.637576631254623 0.635103794592519 0.62898789456639 0.640722617640465 0.651010562533897 0.658799769098558 0.659956840245014 0.648667380963397 0.632146039847041 0.622829309220605 0.613744274129151 0.602421845474071 0.579418258352495 0.565763450084329 0.548538887040302 0.531255445057568 0.509373018109958 0.486429153988859 0.455053127344022 0.430752494279642 0.378338164405955 0 0 0 0 0 0 0 0 0 0 0
0 0 0 0 0 0 0 0 0 0 0 0 0.326324598760502 0.39606776145663 0.508192713902005 0.544955029980986 0.569415316552117 0.593855893464256 0.604415746845402 0.605388975847908 0.597615355160436 0.594805967835574 0.58985823938869 0.593712633568983 0.589721174751895 0.605803558769742 0.616611921708388 0.62192279121335 0.620325526189891 0.620640673210062 0.639094506545598 0.677273388822315 0.700164391366078 0.714526695491657 0.709459988960878 0.698879309924645 0.672220922497356 0.643611131936833 0.625671063592761 0.609922371969463 0.58515033250813 0.538084317779063 0.495816208248358 0.457472179323626 0.453830662307999 0.466976780824195 0.471176289821712 0.48351969009724 0.496813237281015 0.509649199720617 0.524053827429656 0.537691081860025 0.537685039790607 0.533807201806241 0.514712566451913 0.471880981078327 0.454853843605908 0.431369507149656 0.42653369892601 0.421724776401409 0.430110013737663 0.430322600110291 0.427047640396781 0.443823789292502 0.48558230665679 0.553696330239151 0.608777874243109 0.641600371577478 0.637846943513347 0.632266534342366 0.622289576368848 0.63329220191511 0.642946805274372 0.647473280877879 0.645154512878346 0.628880136901994 0.610669746264895 0.598511059347138 0.587348706871939 0.578183125389791 0.557893547568427 0.53908569080939 0.5254052778627 0.5129331979656 0.491728262112095 0.47215408135195 0.440189029674319 0.423810694807975 0.353705185516153 0 0 0 0 0 0 0 0 0 0 0
0 0 0 0 0 0 0 0 0 0 0 0 0.0598969461767557 0.384711160104674 0.391783474834452 0.490537357509013 0.56070249575021 0.592109575349309 0.604564111719255 0.597517205779692 0.580840828436253 0.572504702969087 0.570805857419363 0.569462957280088 0.577552281356904 0.594625411486952 0.614600620903377 0.620557901224635 0.625847275438249 0.634269827119768 0.668246097110332 0.705159272235881 0.720657021978928 0.731202043112341 0.717517343522923 0.696946208881855 0.674049820994761 0.641562776547382 0.625025682901926 0.61189767646042 0.589727857414197 0.55208578862926 0.504221768851769 0.475435426793082 0.465029354553407 0.471249799159807 0.480127253604961 0.487480001888826 0.496735502964077 0.502932325715854 0.514096676836408 0.520080738994872 0.523902840739425 0.529513599767075 0.509291847238753 0.484112756914809 0.471923720386865 0.474846795659438 0.471947472604104 0.466792507360063 0.462977072068928 0.458526772752038 0.457591894081006 0.470112402213457 0.512627205467804 0.570798126079389 0.611414930355051 0.63357590600755 0.633077042915155 0.626684982657848 0.619204757550917 0.626236124134073 0.633193569711659 0.632455357026211 0.629199620411466 0.607597269433775 0.591507406472134 0.57219994799965 0.552545447610719 0.541608790164428 0.523102010844545 0.505696250992321 0.488188590504856 0.476343844555181 0.462192971618754 0.441091356595928 0.418647298091805 0.429836850705212 0.286530949947133 0 0 0 0 0 0 0 0 0 0 0
0 0 0 0 0 0 0 0 0 0 0 0 0.050501403212387 0.435098823023228 0.449531153319508 0.487329808429246 0.561917761071283 0.583481559108181 0.591584674337025 0.574452175848142 0.55685165174954 0.549837508395709 0.554860345654927 0.559575092931863 0.571044078993486 0.591952703329467 0.611192222516953 0.621517366016091 0.640551170472388 0.65959729640947 0.691451414749197 0.71593154159467 0.73333216735134 0.734395517003769 0.720383971265123 0.698188102689993 0.675786456186729 0.644294916030133 0.627509895355526 0.614441286303735 0.590664225541797 0.560139074810629 0.51847960602267 0.491273310923854 0.476222516696158 0.480827454999221 0.486206388338957 0.496109229849076 0.500806215382628 0.504368626711108 0.512721740211098 0.516433139563625 0.519794053435592 0.528577180416763 0.520936705948661 0.506378718267386 0.49836668839377 0.522681728602634 0.520034627169137 0.513872159484147 0.506174451553009 0.488714988226566 0.487542039125004 0.49142959031439 0.532322838088236 0.580240847135661 0.612176978958626 0.62460141041109 0.625092525831733 0.620172488906721 0.615833330509768 0.61538832711899 0.615352901572905 0.615540278261795 0.599717882656315 0.583790820205792 0.559407917706386 0.532262408791438 0.519704558043817 0.512870996777025 0.492451077122545 0.458391254768446 0.431114169167234 0.422025065111182 0.418166612656724 0.402941200079691 0.415954026549326 0.416028526407518 0 0 0 0 0 0 0 0 0 0 0 0
0 0 0 0 0 0 0 0 0 0 0 0 0 0.136882028679108 0.480047774758676 0.34276255601907 0.556954678362411 0.586126445128445 0.576264420005361 0.560535138714445 0.545249240964573 0.545825782657559 0.557000865191296 0.558725070026269 0.574551060732444 0.595633610860631 0.618961580350464 0.635855471408375 0.660407103940545 0.681406226444523 0.703093645759064 0.716876098458978 0.730392995756765 0.735499438509526 0.724158319683942 0.704264895584929 0.679950650904915 0.653839221593897 0.62621455073319 0.615296404100839 0.59119606542993 0.559634002581701 0.523236276487171 0.493621611425974 0.484780463597283 0.496067624276492 0.500417034352253 0.505063862712742 0.508969864247799 0.513328562966208 0.519726434809471 0.520594081973504 0.522423529934383 0.531091388831091 0.534558089310182 0.531014603951377 0.533246294095664 0.5637567200389 0.560899799381989 0.554743059725792 0.542547863983568 0.521496633201217 0.521348508079988 0.52292610340392 0.544158943346544 0.585035607852118 0.613708371034409 0.612503012741759 0.613213564092949 0.612458604393741 0.608373794949121 0.603429319603456 0.605602875362351 0.597142230019768 0.580310350192999 0.557122087660979 0.524225735892376 0.495783388038289 0.470044685480017 0.452531321327423 0.428886073468898 0.412529403636922 0.39028684612687 0.371002983409545 0.355743408119253 0.357242246061321 0.393411355202151 0.398622196071302 0 0 0 0 0 0 0 0 0 0 0 0
0 0 0 0 0 0 0 0 0 0 0 0 0 0 0.15038694523748 0.264032448546495 0.58189472059591 0.564178641200719 0.581872119576061 0.577536837241666 0.558490501545166 0.557397395294426 0.564832995195199 0.571852066838621 0.591092517862336 0.606753823149872 0.630178154548147 0.651413572076232 0.670563254364047 0.692976753868636 0.71179418143058 0.729259955232235 0.736765912416951 0.745637014097293 0.739792929597855 0.714650366402022 0.686978055615977 0.660240943382204 0.63290418449725 0.614025797350744 0.593867170287477 0.554015975290342 0.516916136697364 0.492848997816727 0.489078388001907 0.494572126863636 0.501642882088361 0.512015070554785 0.516631352132982 0.521595504730981 0.524677427998532 0.523678229879015 0.52561963059963 0.532702373026495 0.543368806194039 0.544866774219968 0.556573803419817 0.567119959040437 0.580251093277967 0.574228183631794 0.554218169678198 0.540675372159318 0.53836550481541 0.540137648041375 0.557711980610272 0.588448026202944 0.612809614524193 0.6086731093088 0.606199878095581 0.607179066233841 0.60998280080801 0.611700667279741 0.595995899523719 0.58548720197871 0.563684481319033 0.534829985461231 0.502003161820447 0.461354596861127 0.434249565000618 0.40555835685016 0.375809345683061 0.352835903225968 0.329256711512658 0.313762954435462 0.319423379045604 0.311794240581031 0.337490524125124 0.352503899158396 0 0 0 0 0 0 0 0 0 0 0 0
0 0 0 0 0 0 0 0 0 0 0 0 0 0 0.00513027624944932 0.299139900348654 0.577080203967685 0.553669874398747 0.592101355347403 0.57509473932448 0.55857593850586 0.559619558418194 0.56148977353748 0.56906393215856 0.584131378903158 0.617162181569888 0.636544186078354 0.656579840722039 0.673572211745561 0.704101628344036 0.7264728578319 0.738386393143925 0.742783401584459 0.748546214086472 0.745979949702398 0.728384925875026 0.703826667763321 0.670553098722097 0.639179929475488 0.628742707399011 0.593217096982633 0.553928412228096 0.509494938092824 0.486787591372422 0.483344969371909 0.490660370696248 0.50370711630915 0.518103867072512 0.523320369658102 0.532985430073047 0.536226422078432 0.534644518297647 0.534931860252519 0.542019405905402 0.554967005601879 0.559293490032963 0.566271210419078 0.569275657973085 0.565210782359557 0.565425557981384 0.542272577122767 0.531448597155601 0.527868411069416 0.539147301737676 0.550503189547395 0.583762273392229 0.602002775681705 0.602783932634585 0.60419680152227 0.609626379304196 0.617400905536802 0.618608555609478 0.606865751159902 0.594386598616616 0.572969828236234 0.54024392631128 0.505111566241895 0.445540207021163 0.418587660568284 0.393737162810074 0.363237064527787 0.33407856284123 0.313624143824441 0.298165248728924 0.301351111703119 0.305656702387914 0.304215663049393 0.315985960953759 0 0 0 0 0 0 0 0 0 0 0 0
0 0 0 0 0 0 0 0 0 0 0 0 0 0 0 0.289187937621131 0.558172680390267 0.559445091951206 0.574010654733947 0.561229751147904 0.54838997815477 0.541453734822735 0.544496279670486 0.559851028471591 0.582675650100893 0.61610737886322 0.64381147260877 0.666651468000711 0.687133292967923 0.707520705012941 0.728508080018801 0.748917703873258 0.749140943362763 0.750202410832181 0.74607575985889 0.734904632791457 0.711798897339002 0.681124650819874 0.648839059077353 0.630692331082109 0.588152977673079 0.542675011972842 0.499771838321194 0.475681993213279 0.472294681625156 0.484208657360585 0.499800477733346 0.522905142248253 0.526101402631937 0.535562096972634 0.538211873049102 0.536055145014421 0.545794567537384 0.551122011405278 0.556257310686618 0.555279353375147 0.554173013023375 0.547823374651257 0.539525835427215 0.524601749430547 0.498310187926409 0.489026976828454 0.483862960232333 0.49663053628696 0.520268127706595 0.561073938382994 0.586564120928706 0.596518537922943 0.606421906254784 0.620224128451517 0.629217742767637 0.63088602247045 0.623289982370677 0.611951773766439 0.587338682436899 0.560470896013241 0.516950327532638 0.482564850354192 0.456884303180305 0.44910484628562 0.428952915540528 0.403512778531747 0.378095393755842 0.353650419948622 0.349106895245518 0.367749681845533 0.34656506703528 0.32890246988265 0 0 0 0 0 0 0 0 0 0 0 0
0 0 0 0 0 0 0 0 0 0 0 0 0 0 0 0.34540744591815 0.538686478795155 0.51903639887067 0.557424889967053 0.552890549642053 0.532836816527344 0.532159721777086 0.527544911454569 0.552579177522118 0.571282806629183 0.600663584789219 0.628689627852625 0.664953834500605 0.682324931224895 0.700580431865502 0.721075205772637 0.74161933857587 0.749185668600892 0.753036329563716 0.748924884273634 0.734962555178944 0.711450259630986 0.678620964262052 0.648958710302432 0.62434494214626 0.578311034646034 0.530409073741099 0.484476603112472 0.460230449033935 0.458743067631311 0.478629818964849 0.499041962194424 0.521460576910472 0.53071056316295 0.543148812791739 0.543820221205689 0.553353712753102 0.559242704780039 0.561757947449637 0.555907295950385 0.550076916693458 0.533545251525225 0.51891625028106 0.505401236646573 0.491145160665211 0.466732094088154 0.45521964544626 0.451169563697798 0.449302910165801 0.474172181340624 0.529569510743453 0.558784827056724 0.587797565295732 0.616022140655595 0.629835012734372 0.640551051827104 0.642372928421955 0.636588106149092 0.623390250536237 0.605157767039096 0.571921439241728 0.543641100966304 0.525979026335476 0.507811873821185 0.508243550919212 0.495851868606291 0.473413486490963 0.44462735846037 0.429490211545347 0.422780165556552 0.419996690756122 0.391453794907045 0.363213844266067 0.276059576158889 0 0 0 0 0 0 0 0 0 0 0
0 0 0 0 0 0 0 0 0 0 0 0 0 0 0.281592631200247 0.444915869992653 0.500518996302833 0.515590720094667 0.552534797495385 0.555277725332446 0.542637219253375 0.538769444463731 0.535105254308612 0.559411172941943 0.581831891569097 0.602874966721275 0.629729590946221 0.661965077967337 0.678235426236238 0.691293240391843 0.714737226218786 0.733640341869776 0.740446574211848 0.743598063405962 0.737596657346865 0.72401975138064 0.701704808372313 0.672259481680079 0.641642176178082 0.609668998764889 0.570068496333216 0.508308535333965 0.464109318388675 0.444018468830534 0.447366068938048 0.469934419989809 0.502673742247508 0.522819399652363 0.538340231479949 0.550199061887124 0.561584095766296 0.569249967085099 0.573662307498582 0.570922641332029 0.554990248236651 0.53149352838855 0.508112291494522 0.489812708281907 0.485066844841963 0.46905579536388 0.453489147941199 0.441173060800181 0.427752063930117 0.4216084957779 0.433469405981083 0.485175224612992 0.541785842868096 0.57785596881873 0.614790555074408 0.636233825864939 0.650326032866632 0.647375966517479 0.639991405042058 0.62978556198955 0.607928988892224 0.587907433476989 0.563393930352219 0.545551200529471 0.546306164352936 0.544870546820618 0.540085173324874 0.522286133855932 0.502930274725766 0.484666639694907 0.472389432828051 0.46157465462891 0.435313851612659 0.406180759475209 0.356028474391202 0 0 0 0 0 0 0 0 0 0 0
0 0 0 0 0 0 0 0 0 0 0 0 0 0 0.359228830311081 0.544171876391416 0.517363598185416 0.522236927501788 0.559143554035317 0.567476051642415 0.561538147749928 0.553508516790085 0.567743390239837 0.583782813202998 0.59645234464411 0.614705110746986 0.642057137455339 0.674315022316256 0.679340464275494 0.691538277315466 0.70212061729125 0.712951208555803 0.722360038404745 0.726026173991198 0.726331791809298 0.712168872659838 0.690852366406854 0.662070854841494 0.631773759583273 0.599872655186476 0.558053916031744 0.491369633692128 0.437586812319769 0.430062172364603 0.450267498067987 0.477467153439125 0.511453774053165 0.531023291094094 0.555112116844053 0.569297590596728 0.582984001874884 0.592330565219246 0.597238540252801 0.584234590846516 0.565244788155957 0.534226819549855 0.490111314052623 0.476185714425967 0.471168601583692 0.467177740066596 0.44713912242913 0.436339353248642 0.424943636859279 0.405624496692791 0.394109370806311 0.441307649893542 0.516289287643105 0.568796214615543 0.608882548492372 0.636125519760494 0.647169519937629 0.648018488747084 0.640855885056049 0.636359033488631 0.616444135011168 0.599771616309816 0.582800082111591 0.574243180708154 0.574285897667943 0.57066146634601 0.565495198405632 0.549237225938281 0.527835803182193 0.509772142662178 0.49549680849879 0.477542135997823 0.454588546541251 0.428751055521577 0.375369636055594 0 0 0 0 0 0 0 0 0 0 0
0 0 0 0 0 0 0 0 0 0 0 0 0 0 0.327130528375192 0.499625833887215 0.513070047413399 0.533293503798538 0.572271915621152 0.58224745303402 0.587463728614688 0.580896829986585 0.59018775584278 0.603848151401214 0.609521035886644 0.631587980099586 0.657863973977412 0.677830350401017 0.678153987853522 0.683297559462061 0.688631832854679 0.690529621132447 0.690928703682514 0.697946263942765 0.700671081410383 0.695393390588385 0.68137914922444 0.65407841824229 0.6261145246615 0.592874926606283 0.538622919933207 0.467624298916629 0.423132267138217 0.426355317998523 0.460440318560783 0.487884330885034 0.519131727448675 0.546942251824171 0.5724466548737 0.593843762690769 0.612172007858695 0.61780349363287 0.617039046351869 0.6032887834187 0.579618249905406 0.56390513303047 0.520214798606574 0.500198981750178 0.500216966639457 0.480639856267015 0.470077886806122 0.45121243696761 0.44078897364275 0.414276395225633 0.381236424783361 0.414570971923171 0.484409884758824 0.557146660908722 0.604413564448441 0.628856320931661 0.642550171825978 0.647122719297144 0.64327238635437 0.64200500060989 0.628203893991272 0.613216687618909 0.600642985539162 0.596160620240163 0.592894230359262 0.587541683836258 0.582150963644385 0.56890066899471 0.551034140118025 0.529138580235873 0.5083814760787 0.491926617536262 0.478011400062122 0.428769393813832 0.348181923102306 0 0 0 0 0 0 0 0 0 0 0
0 0 0 0 0 0 0 0 0 0 0 0 0 0.146025723535232 0.411035808268082 0.52149318100324 0.495527358647142 0.54157955411397 0.580385848212967 0.600287929800318 0.606952561617506 0.61451761110942 0.621862486651017 0.621029458964451 0.627771685257113 0.646933125699457 0.670800876791983 0.68826245441516 0.679542110405214 0.679643190993801 0.676506238400701 0.671904372996611 0.661336061114874 0.658300574411756 0.6671237511709 0.669738165278713 0.66826852986745 0.645753744054405 0.617239844119204 0.573605754482359 0.515210439572723 0.447221883022165 0.424241888795153 0.431245345895023 0.464661177230754 0.491742025178907 0.527266539524766 0.567398283949548 0.599977182942697 0.622673022088408 0.633200910996929 0.642025232898304 0.636263286251356 0.634228040899185 0.618709170333414 0.617611838741396 0.587454125699513 0.562565180440536 0.536675396234146 0.527881200363113 0.510729586167915 0.483721900600248 0.461149257895549 0.438175467568512 0.41427491798006 0.43443333452224 0.490016121876424 0.558187307333334 0.600415850648917 0.625398841605991 0.636317972165183 0.642508586083153 0.645750187320407 0.643882444373636 0.634694084131449 0.622940030463399 0.613593600182556 0.608534098215855 0.602582286131322 0.596804734328713 0.585518202598654 0.574855563237659 0.559620970948347 0.542160300376976 0.521162803750813 0.503572862905985 0.48250668606169 0.440005310605411 0.360572101278668 0 0 0 0 0 0 0 0 0 0 0
0 0 0 0 0 0 0 0 0 0 0 0 0 0.224656263388211 0.391209354655055 0.469539508525519 0.506615194163063 0.549007854674691 0.57947356016088 0.609229519309131 0.631139229859074 0.64946800123911 0.653574651080939 0.659867803685825 0.657955250523184 0.66756914856567 0.682897444399465 0.692752694076967 0.685695605247588 0.675355333967867 0.670380695043071 0.651524515741441 0.630641135807247 0.619851144646487 0.626240066908219 0.63478389572457 0.643333692847245 0.631163581720328 0.598728138502427 0.557602129760614 0.49639780495254 0.441678096993242 0.432959308819566 0.447084514650526 0.468298654037017 0.510157481528051 0.544245213640386 0.598089948296263 0.625730256634582 0.645090933396503 0.652950422025331 0.658089259253777 0.65938291544846 0.668663935073312 0.661794467472085 0.659540862503725 0.638060217959886 0.617703105027905 0.596703496922555 0.586638306240809 0.559718314259086 0.519451290667393 0.500143604154063 0.484388572859425 0.475910812330545 0.488829389886623 0.52699724053204 0.575574577212307 0.602764643235963 0.619633526574433 0.628495316830122 0.637895087595047 0.64306401206777 0.63882992733143 0.637288098106097 0.631061065147481 0.621825220783821 0.616057399085965 0.610329143028334 0.603047162111451 0.593262309260764 0.579362112850329 0.564347559563432 0.555154097644847 0.535276507653287 0.514395413564077 0.487265880693502 0.476141314448663 0 0 0 0 0 0 0 0 0 0 0 0
0 0 0 0 0 0 0 0 0 0 0 0 0 0.177069430894648 0.405573378864387 0.446960067770286 0.521894222513454 0.555352440447677 0.582733506362798 0.618678104701575 0.644361014084462 0.669178818372956 0.683434571624981 0.684392174886648 0.683134865978876 0.687876738218679 0.69374919924848 0.698706708628456 0.689895424821771 0.675996765264916 0.657361974723833 0.635541191162548 0.608226111152523 0.588985488157023 0.588942362200112 0.609507686899372 0.618364070478076 0.612078343040565 0.582391443585111 0.527986302840755 0.476661584813548 0.445823099934795 0.446131138803374 0.460571010245431 0.490112273318631 0.532981012301172 0.580331872148986 0.61892703867703 0.641502605562364 0.670101582563398 0.673354115967933 0.680649737940285 0.688742203273199 0.692313632612545 0.702695373304667 0.694009266171697 0.679201502537543 0.663483983226856 0.642049570819015 0.62970659115796 0.593123601764494 0.572504369393094 0.551061187049123 0.539379859844982 0.537976112952199 0.541961024789477 0.572062589703278 0.600771345278107 0.616173907173341 0.627041424034468 0.624964709119923 0.629080226888554 0.635313866920317 0.632561829573604 0.633126290229972 0.632126679154324 0.626728950593571 0.619658712542306 0.61550959301557 0.606055189443913 0.595581005216338 0.588397382248166 0.568907182616644 0.558349756218935 0.539274023403782 0.52224284103326 0.497031421277465 0.490307679375728 0 0 0 0 0 0 0 0 0 0 0 0
0 0 0 0 0 0 0 0 0 0 0 0 0 0 0.376311017261667 0.428024333163929 0.508131186828052 0.53580408734948 0.584237467654441 0.61871675484846 0.653198641246266 0.678423490113782 0.694112435076978 0.699714860024671 0.6979165007387 0.695930545340884 0.69561342582759 0.698576266984161 0.695943950580518 0.677573532871354 0.65185256827464 0.616811837518005 0.585355642912189 0.56375382675339 0.56030811829107 0.57862881832713 0.588700629737896 0.584062019114444 0.55325234909053 0.510073436510942 0.477365425761602 0.468830633055632 0.468438477750871 0.48527785455499 0.518559048585911 0.569648363199155 0.609185322239703 0.641114805010975 0.664088174914477 0.686833708447211 0.694367134248139 0.705368135155253 0.71260819072385 0.722967405260408 0.734905251600767 0.725933498621138 0.720683633274648 0.708708070153912 0.682039069886516 0.659679500377821 0.636943296010986 0.624845551083738 0.603559064480268 0.59557944204389 0.582410570850454 0.588756441594637 0.609677821345698 0.624388702940148 0.626692510138728 0.627194590872067 0.62835438388076 0.62492787099786 0.628168304563611 0.628577452070582 0.627750712882634 0.629341047424564 0.629985699178715 0.623928326674071 0.613547347476655 0.607055524236354 0.598730505432799 0.591134555980578 0.573968620898267 0.558999721793195 0.541785360552243 0.523993571808503 0.498581672775195 0.490803616663475 0 0 0 0 0 0 0 0 0 0 0 0
0 0 0 0 0 0 0 0 0 0 0 0 0 0 0.350013491112352 0.452703868531277 0.528446581678557 0.538888706751961 0.582372077161483 0.62033757249388 0.654126591038259 0.677910848467087 0.69663777035822 0.70521673110135 0.704669217056104 0.69833933464019 0.697342516016836 0.697153213290338 0.695502193625493 0.682936665619818 0.659321232773382 0.617521529574059 0.578361775404199 0.553803566841898 0.548252898176295 0.551868447936383 0.56661233943727 0.561558751057587 0.533771955155693 0.510354188747873 0.496842424070907 0.496246422946054 0.493711656181242 0.517333515623629 0.553615012037553 0.606885466092945 0.643139467855071 0.673933186680134 0.688742105097837 0.704867502641468 0.713817834019247 0.730629818899583 0.74155112189781 0.752963471158309 0.755308796429966 0.759287155349614 0.749620818031462 0.732931929260915 0.714508221805748 0.689567433198428 0.671121913418771 0.652564592658968 0.635849311865684 0.632287587374531 0.620298044674615 0.619201567349474 0.628592996406648 0.637287248314804 0.634982307769089 0.630093444463398 0.625754421546195 0.620505895630532 0.621320824666377 0.624280180812136 0.626623229992606 0.626985846231379 0.629393196998274 0.625774136462573 0.611871717161085 0.606920040885409 0.595890322395508 0.587554201880228 0.570956528063776 0.55748061496167 0.540308899429458 0.516869986890973 0.492682781632299 0.492232564517262 0 0 0 0 0 0 0 0 0 0 0 0
0 0 0 0 0 0 0 0 0 0 0 0 0 0.038318839283735 0.368679711404372 0.472502237063498 0.488450956033257 0.540808071548106 0.581641633643914 0.619093864434932 0.653287318814598 0.680015050466738 0.699284165967533 0.706785072612469 0.705764455469803 0.69783230307549 0.695678108477283 0.688968492171466 0.689705378184898 0.678444977791225 0.657546589218865 0.625053201096702 0.576705848575124 0.551186144410974 0.53753405070775 0.533571624370863 0.543064725465588 0.540524351159991 0.521810884231475 0.521352170078348 0.527469927830784 0.525335965118287 0.526828679007795 0.557888091722525 0.605466991723825 0.652210651074884 0.681807943235119 0.69927458942955 0.709372042371919 0.72358412772998 0.73969704980669 0.755881156755694 0.770948170542209 0.771833390540616 0.780736917785483 0.77954922048493 0.766722860854966 0.753640648061816 0.737765353777353 0.714731482287303 0.689954660887782 0.676356153904819 0.662017732332018 0.647023410843346 0.637545972228672 0.636990676884399 0.637285690888542 0.642279580474497 0.639359155491644 0.629900588734175 0.62347535112422 0.619161677719027 0.618256452462123 0.617173953387234 0.625577536015176 0.624385918260065 0.624416305972413 0.62438713962467 0.610738607415697 0.603760179033567 0.592509096968857 0.578425638905688 0.562759234183017 0.544418797908032 0.534574042793343 0.512327475813526 0.492018141280538 0.448730055122288 0 0 0 0 0 0 0 0 0 0 0 0
0 0 0 0 0 0 0 0 0 0 0 0 0 0 0.270605813136717 0.487887640416359 0.472205391011754 0.537837653904207 0.587344490838707 0.615249796196452 0.655632689725252 0.679525180711876 0.699531291763307 0.701110000925389 0.703427088751338 0.688899127464195 0.68866684276456 0.678302311620894 0.671373202657254 0.666651691495155 0.65384499135267 0.62744376989086 0.595137383990352 0.561261082342993 0.535565221190137 0.525239685449189 0.522121254438922 0.518851641577762 0.518061441801822 0.537410844123426 0.559666205990432 0.56683166569175 0.571060356191918 0.600967194092909 0.648277928306977 0.68578870001151 0.71158436477476 0.716652711658521 0.727913601640349 0.740412676286285 0.757943158917637 0.771562694270544 0.787446495406606 0.784760907464788 0.794921568093506 0.787791347839867 0.77359638667759 0.761846882810398 0.746706682973357 0.731480086797135 0.705827497186063 0.68950245859163 0.677802257297352 0.661957387651914 0.648512839061116 0.647351143702213 0.644915597919464 0.640115529491518 0.636845505836337 0.625404755317986 0.619962539737283 0.619606946878574 0.611320261052675 0.610308546302822 0.620251542131796 0.61698115322994 0.614944951205738 0.619054453290473 0.608459161998804 0.591858176434758 0.5795529848329 0.560381278923954 0.540410211105565 0.528641132432855 0.514611915392859 0.502925688941116 0.517437669636094 0.447294498702567 0 0 0 0 0 0 0 0 0 0 0 0
0 0 0 0 0 0 0 0 0 0 0 0 0 0 0.115021441319826 0.403977830739143 0.488626327020564 0.510860651113766 0.547844687354679 0.603433767857337 0.648860626618181 0.675859211884258 0.68823336813632 0.696619195793269 0.690513906045211 0.677749877583173 0.672712729103155 0.667171793657021 0.658667712239805 0.6510938057955 0.641931882366589 0.619319558968095 0.590450991033894 0.55990529763136 0.53260257762851 0.506834047774945 0.504139968680089 0.500977516260403 0.521368730921494 0.553331399105072 0.584818352650778 0.604943354326865 0.616091065213025 0.638408386103916 0.676763489067582 0.702383617852427 0.71780051601117 0.723367626606627 0.733226667973005 0.745472377625388 0.758552629317805 0.775247442535912 0.786798565768203 0.799751763509954 0.793898962103719 0.788845541017497 0.778162828451917 0.766013236218706 0.748501036814532 0.736627108765787 0.718285457465332 0.700754007463877 0.687823858716796 0.674336481339141 0.655413766777254 0.648217033352434 0.642935105010797 0.639526875170386 0.631782754441366 0.619877201154692 0.61536879098428 0.612506370371362 0.611132458614125 0.608058638684784 0.613749630437437 0.614989675612073 0.612649368549912 0.606886467579121 0.593843545311889 0.57482322604054 0.562669640425637 0.546524866494894 0.523389104957973 0.510369897411266 0.496698687794822 0.493441598305839 0.475996274240214 0.0495043985545049 0 0 0 0 0 0 0 0 0 0 0 0
0 0 0 0 0 0 0 0 0 0 0 0 0 0 0.00298071158453171 0.292176779286971 0.475050846283592 0.51987274384411 0.543708966663175 0.595576346728123 0.637009363838817 0.663121026707742 0.676446421600463 0.682979020855908 0.678468339186537 0.672960515861752 0.665834175682449 0.66225902707451 0.65155720130772 0.637224213791692 0.628898006738397 0.608211686198054 0.58935614925149 0.553633332812131 0.517343317216886 0.494217688452425 0.486067355638795 0.503711671317403 0.541135352950835 0.584777148637768 0.622197725318282 0.638435806985675 0.643991817377468 0.666873315106433 0.690870085060781 0.704589018119457 0.702398526872435 0.71182974244114 0.722764754907504 0.737343527956684 0.748942724512593 0.769149444504279 0.775849240343851 0.794824290008512 0.784388607872559 0.774667036556023 0.769101548518145 0.758531689788796 0.74477772728626 0.733627452678806 0.719519793459168 0.706917905689664 0.688549884780487 0.676587930130814 0.657025227770062 0.640232018903093 0.641387107190238 0.63056176263289 0.622983869507073 0.6140033882838 0.61143437736138 0.607030503694223 0.605813984433861 0.607474215520547 0.605387659119934 0.611373758216853 0.610871741802477 0.602234931507344 0.591071895274818 0.568336570893834 0.540556701743585 0.526818694176727 0.51356947307663 0.508238051506162 0.484358268239046 0.419776567426543 0.428361492051099 0.000683166305333017 0 0 0 0 0 0 0 0 0 0 0 0
0 0 0 0 0 0 0 0 0 0 0 0 0 0 0 0.150397136190427 0.357240651868769 0.508261439014824 0.541449113697231 0.569908964844058 0.611869071693413 0.647334105095171 0.655780296817618 0.666823738320438 0.665634455836126 0.6660481289136 0.658158459228237 0.654655057339944 0.652989190650863 0.634963677543336 0.625002680194747 0.606249201542511 0.588362660182243 0.551121549470473 0.525768981106961 0.499409519306632 0.512653811814415 0.539530085105773 0.585208507919462 0.6311470205328 0.655328490046016 0.657022286816754 0.659277579092135 0.677219289556926 0.69257310009796 0.692816204147708 0.682783152047487 0.685186427887663 0.700757153323312 0.714470782408715 0.732164092674076 0.749851320589778 0.763959030216999 0.773087025892389 0.772739111222122 0.761521010630084 0.753076909859967 0.745813978136385 0.739465632967314 0.729906425178151 0.712093989038864 0.69883243122184 0.681984457078957 0.664503782054501 0.651877124353255 0.632950391310033 0.623883522084964 0.621792381230016 0.60900490861397 0.604685909270018 0.599781526104406 0.600964254361603 0.599282906875005 0.603221189500626 0.603992249706497 0.605799966847641 0.607481701338103 0.60579130790262 0.586210256126618 0.562372941176601 0.539433270613618 0.51963507242778 0.50303580299195 0.498641136380754 0.474221290930262 0.399869359822039 0.153992939290548 0 0 0 0 0 0 0 0 0 0 0 0 0
0 0 0 0 0 0 0 0 0 0 0 0 0 0 0 0 0.346620762095015 0.410530982221871 0.504645127022663 0.558570672334108 0.583282709457807 0.612574107328935 0.635361339864638 0.644490946256686 0.64974654295637 0.658222436500888 0.659162634323014 0.653614098318892 0.645471190165783 0.6330048560415 0.626215095158684 0.609092303988381 0.59125488248118 0.562320618520195 0.540686949647797 0.531205120264714 0.548272056554086 0.592940819998885 0.626551459520295 0.660055786534916 0.66793442085493 0.664866676258457 0.666874480621381 0.674654626471763 0.684440540768653 0.676869606565072 0.653042573002399 0.653211964021595 0.667914541251565 0.689573823792534 0.71347651196501 0.729320554656705 0.744187978212427 0.748509044594963 0.746531405233135 0.746980299460197 0.741037490607248 0.734712628964258 0.726398331659005 0.718646563735958 0.702374982786436 0.683548180207134 0.666799087951871 0.651342098817024 0.636008030084745 0.627154167990502 0.613230328513295 0.607233884501593 0.60017559289037 0.592893286829307 0.59360050050702 0.59323371320191 0.593233310445329 0.599348783410923 0.602747784415964 0.602303452591655 0.598319249794648 0.595938150667457 0.583129499607126 0.565824731224828 0.539259037768415 0.517274720698948 0.494933793765168 0.489608867217208 0.442928922200077 0.0622769256196274 0 0 0 0 0 0 0 0 0 0 0 0 0 0
0 0 0 0 0 0 0 0 0 0 0 0 0 0 0 0 0.107951047020333 0.334221384664064 0.512591986533094 0.55201014918478 0.555658413207364 0.575593667709275 0.604458002020358 0.628342814467215 0.641651727502555 0.65280571359806 0.658121440224884 0.656697853314658 0.64762198382136 0.637628652765302 0.62748508538239 0.619508723115401 0.605708098843186 0.584949389003171 0.571395114930398 0.580797100108736 0.59782694189725 0.62504957943274 0.651980056622018 0.66708443592166 0.671496057363329 0.663573794193702 0.665060789148611 0.669360525087867 0.673505497661977 0.659953570367651 0.634831892171766 0.619229329378083 0.628292236742167 0.660625868496255 0.689188667775652 0.705922541300057 0.714297079667975 0.724633547327637 0.726500178224824 0.729690057497415 0.728224695692343 0.72263543573036 0.713456332467082 0.707080709718204 0.6841544246623 0.670638825730518 0.647138779891557 0.632949566686426 0.622279429626683 0.615813218530227 0.601503920230987 0.595901691314632 0.586183699101673 0.583012471967552 0.587154701473523 0.585406766899899 0.589462196785202 0.59800179300325 0.595474828578116 0.592286029770523 0.587131750984711 0.581110295802801 0.571559021807403 0.555019287412868 0.538337660569673 0.520337587325929 0.50685619286863 0.475969154392397 0.437934470719556 0 0 0 0 0 0 0 0 0 0 0 0 0 0 0
0 0 0 0 0 0 0 0 0 0 0 0 0 0 0 0 0 0.187144518593423 0.318504169627358 0.572990349939156 0.551364530967308 0.560281798015124 0.582639401473979 0.605390220908243 0.632597356622229 0.648237283150192 0.657388597381394 0.663429694233162 0.657032021202679 0.646001693426751 0.634927541476692 0.63100035738698 0.622502095323765 0.61315574618802 0.60260903765177 0.606451000866844 0.620864702150346 0.639071615648824 0.657433406790465 0.670061074626328 0.673778908473384 0.668274782654448 0.664594391828773 0.664035902174075 0.662359339036342 0.639003241731046 0.608597760491109 0.581589419849833 0.59036705978517 0.616197673333206 0.649219720502871 0.67507032350392 0.68108541593254 0.687111120054252 0.69786538917514 0.709312084623471 0.709875107522289 0.700936599440079 0.696109596613532 0.686017066836677 0.67018853784629 0.65092579526362 0.62989000228931 0.614934839489205 0.605502132099082 0.602267550192621 0.595869257433549 0.585903409400828 0.57600677771045 0.574576492619886 0.577113577573853 0.578843361733863 0.585633754422259 0.591916555338582 0.584584682134231 0.584052975456812 0.5747428443285 0.567172808828231 0.549793920084624 0.538903581080998 0.526207348511746 0.517608711822992 0.504527557596008 0.412510198914706 0 0 0 0 0 0 0 0 0 0 0 0 0 0 0 0
0 0 0 0 0 0 0 0 0 0 0 0 0 0 0 0 0 0.0326841637991726 0.182128500083095 0.423258400609633 0.510494025065704 0.543805719140117 0.56274637770143 0.583170150371233 0.610621555229157 0.637154216752547 0.65153071176228 0.655591326749223 0.653749380229752 0.647810826157219 0.642579547472111 0.641252472128079 0.63683650870782 0.628644374717968 0.628348235295817 0.626000369501463 0.630054789093843 0.642058433781434 0.661995274509972 0.674412978834537 0.677639295295892 0.672207932852268 0.667874228104391 0.657521680101097 0.645582721090432 0.613614970513092 0.584502266344332 0.555299568698563 0.55520391057856 0.579592630855861 0.618305802545919 0.638685897980386 0.64167107679316 0.651588766231519 0.669664703311247 0.682076531081009 0.687933045506965 0.684226137488055 0.677848337419078 0.669786401827082 0.653331277213151 0.63635226735665 0.610752920973575 0.593685784075914 0.590714638457658 0.58738137275982 0.583800911981474 0.57561383529685 0.567281436456674 0.56471899186891 0.57007708421049 0.574289399393798 0.583280771558448 0.581873896525259 0.578028703708898 0.563502221584343 0.551347081299626 0.538305262727928 0.521285092897702 0.516023155667112 0.507347136395252 0.516140354380022 0.511037996291112 0.394640153884904 0 0 0 0 0 0 0 0 0 0 0 0 0 0 0 0
0 0 0 0 0 0 0 0 0 0 0 0 0 0 0 0 0 0 0.0715056918832245 0.416731877461223 0.489850176675798 0.524984539865426 0.55383671519144 0.572151467468863 0.591139504347105 0.616072002892923 0.632822805535769 0.646389585961563 0.647393406813239 0.642214690912093 0.64309406673875 0.643823912879257 0.641695000877342 0.642214166848208 0.639666941271806 0.638696204467373 0.640745785823377 0.649973867626301 0.662254492631995 0.676689415072917 0.676838006419843 0.671465904280917 0.664743784870104 0.656503018351859 0.634907403128292 0.599862204751821 0.570501038039311 0.544938642141383 0.532642012500636 0.566192536736713 0.604576321382691 0.616774698683471 0.619408045815243 0.627868544507868 0.649995475522356 0.665697710976422 0.670744389065382 0.669609450587072 0.664294881112815 0.654998234487629 0.640404022890263 0.625082997523946 0.597243623045102 0.582471516886068 0.578962757096721 0.573334372305347 0.573541920669964 0.566521414217071 0.561042018634253 0.558377345978591 0.562301356537466 0.570621483965612 0.568904293713677 0.564004081426936 0.555105519653847 0.541578258105872 0.526331252557872 0.505852259626099 0.488237815432041 0.48173707687209 0.493080864219526 0.495059409744433 0.442444788266353 0.223624267091809 0 0 0 0 0 0 0 0 0 0 0 0 0 0 0 0
0 0 0 0 0 0 0 0 0 0 0 0 0 0 0 0 0 0 0 0.517432412638384 0.363742580359406 0.501843572527124 0.534392076977905 0.552406641332251 0.570691756456503 0.590182082498576 0.612082337928931 0.62361009775516 0.634054299390432 0.636766961175164 0.639566736358736 0.640984330629524 0.638874223653804 0.641627917926903 0.640157592448339 0.641151830042408 0.644956932452007 0.654917778915289 0.667293255804343 0.674268596815107 0.675469624434074 0.670763408069679 0.666275435568723 0.653840427504343 0.624066532396884 0.58918498881646 0.570600442866019 0.535477090781528 0.525868048254248 0.554451341666535 0.58825655032643 0.603744589858361 0.607052760984354 0.619088823904459 0.635263275206124 0.656101417491759 0.65804654273141 0.654532230295551 0.649082087090804 0.640679411518835 0.627515730620548 0.608731569506306 0.584422892896414 0.572461513986035 0.564696797105011 0.562876786004511 0.563499435544783 0.559850900773772 0.556786496721091 0.554061088391903 0.553962711625749 0.553716934395268 0.544459046359923 0.537977450157038 0.533342120163177 0.524431546099414 0.500246372151041 0.472819112547855 0.461100941290775 0.459207846953166 0.476039353370148 0.44667962875399 0.357437679443351 0 0 0 0 0 0 0 0 0 0 0 0 0 0 0 0 0
0 0 0 0 0 0 0 0 0 0 0 0 0 0 0 0 0 0 0 0 0.212031850895178 0.431001530651226 0.549034543510603 0.540500963097262 0.548729787698261 0.557553385462087 0.580686579256216 0.596022014004809 0.615676507508869 0.623953746488688 0.627908984229453 0.626750064502264 0.624590242389094 0.633079323419435 0.637772153201945 0.642316349382645 0.653465570205014 0.656067963709763 0.670574412130947 0.671226788801229 0.668082896157493 0.667422407574157 0.65846646394672 0.649802080870814 0.615744383623307 0.583274883938972 0.568222785592141 0.537729115826292 0.528256018047359 0.554374541735367 0.579582801389849 0.596735110141817 0.601020219744842 0.615792427853558 0.629405549404041 0.649866593730274 0.653127932381242 0.652307626163096 0.639437097683617 0.626395060079172 0.606160098480029 0.590559118574686 0.574365383816383 0.560698324743585 0.553636791722092 0.552248491591293 0.555706284302151 0.555257495017287 0.552022472109749 0.549198864521305 0.543099585760766 0.53121737759456 0.521913733436041 0.507853763584218 0.508076499025675 0.501396520378494 0.478979184015392 0.458622930157754 0.445760478170629 0.459195934670857 0.439973349712696 0.38386966240987 0 0 0 0 0 0 0 0 0 0 0 0 0 0 0 0 0 0
0 0 0 0 0 0 0 0 0 0 0 0 0 0 0 0 0 0 0 0 0.115701369302524 0.359847810050578 0.451063931370506 0.494906609883752 0.533898905956893 0.540529154261032 0.555565218090695 0.57655391931032 0.598710892032847 0.613273204627733 0.609472418537459 0.607897793776777 0.613387492568006 0.622108279164855 0.631504573452151 0.64404895270819 0.657434405725713 0.665626280220665 0.664112368173758 0.660599565885181 0.652403598536186 0.653698658019632 0.647183146027738 0.643140584016414 0.61109705829405 0.577501122796258 0.566692623464138 0.542141451729477 0.533132812093476 0.555060301222658 0.576694874255717 0.598977592698016 0.60348003177233 0.617461757354675 0.632079049303559 0.647773260852322 0.655935088998405 0.645877713517908 0.631283459081041 0.614825377054269 0.592849819258962 0.576431252216267 0.564290478843702 0.551550115843011 0.546610112366416 0.543382933561862 0.544877238345212 0.554448757561415 0.550794419204394 0.544492742798187 0.534005903880434 0.511523055868431 0.4984880386557 0.476900597006295 0.475001167230611 0.476660888127995 0.470258056388338 0.457981613581002 0.446293578357323 0.390210808369451 0.263543133262531 0 0 0 0 0 0 0 0 0 0 0 0 0 0 0 0 0 0 0
0 0 0 0 0 0 0 0 0 0 0 0 0 0 0 0 0 0 0 0 0 0.16090205549066 0.288442026113113 0.390577688632115 0.499071575419963 0.511171252354575 0.532772323753152 0.553472434488751 0.574221903153953 0.586497508301837 0.592124827279739 0.594873910411645 0.596303930141701 0.610890976817845 0.633844934561516 0.645089399742347 0.657130194586042 0.66025363630299 0.651995137102791 0.639949448139735 0.631899679302241 0.629614312305326 0.631001247525168 0.632570227432345 0.603877484664708 0.570652819480756 0.558419316521511 0.545062131684434 0.539313191922522 0.553811510351968 0.57795692808335 0.600975866361918 0.606038721340998 0.62310389112651 0.636187894924659 0.647110323006232 0.651023888832201 0.641427730350986 0.623171784480897 0.604274266094766 0.575488727471838 0.564362254573398 0.560697662008858 0.552715766352997 0.543399469717791 0.534955498252148 0.542886619712814 0.549597592668577 0.551284982470381 0.540284878078084 0.529381407467454 0.500117986923634 0.473933719834048 0.449930288318455 0.447960173052006 0.461764229799363 0.463578474118331 0.438023789993764 0.399749340488301 0.0864989156370886 0 0 0 0 0 0 0 0 0 0 0 0 0 0 0 0 0 0 0 0
0 0 0 0 0 0 0 0 0 0 0 0 0 0 0 0 0 0 0 0 0 0 0.00603771431241746 0.426723878241054 0.424493608697688 0.457801011959984 0.491727720773545 0.541061900899638 0.55086233171644 0.56399571664279 0.568097088977409 0.566537801158225 0.576333983697605 0.601796872734436 0.629350190247657 0.646036835142044 0.647695371214766 0.641367237829471 0.621431593642235 0.605272406643769 0.601820163417493 0.605718433750051 0.61370497403829 0.615020921869692 0.595112474078283 0.567983159697497 0.550057726800514 0.546951917172538 0.543113516084934 0.553985269533924 0.571904387345414 0.597692741477591 0.614239198550828 0.628079215763837 0.638605974591302 0.645105681308046 0.646095722026541 0.634975002935582 0.620688788748294 0.597330251338314 0.56755684125872 0.555945547802385 0.552710547020026 0.554859424482054 0.550223449230872 0.53768658455665 0.541082914212572 0.551160697948381 0.54591105892638 0.536168882903826 0.5258307114665 0.49617941874531 0.45539367188144 0.4428957398886 0.440212516862933 0.453125129963383 0.433470047094707 0.432343064904719 0.204272677492868 0 0 0 0 0 0 0 0 0 0 0 0 0 0 0 0 0 0 0 0 0
0 0 0 0 0 0 0 0 0 0 0 0 0 0 0 0 0 0 0 0 0 0 0 0.0363599230838613 0.186403707007957 0.447669675895632 0.470808344179527 0.512668727570709 0.537705320087035 0.54301813074216 0.55172018005755 0.546397425164043 0.566945765343735 0.598009987940229 0.62811669017817 0.6353431544365 0.630000550768795 0.610206513858002 0.588452462410385 0.568422774428875 0.567245279032768 0.573211778821639 0.587360628958037 0.599013671713831 0.579517075496227 0.557598684271846 0.542203696705994 0.538383245180702 0.536978778066331 0.552118837561997 0.572976791441031 0.594595985484616 0.618387263046871 0.633860944524776 0.641529033999373 0.644860821394189 0.644401029347822 0.635189365531845 0.622166681611658 0.602445939124916 0.570775388710501 0.550505164202629 0.538731703436336 0.541617733551242 0.547336929036234 0.545262922307224 0.543000386272052 0.544877344230295 0.543389990848316 0.527171445407283 0.510749943385203 0.493094244378957 0.462475230929215 0.440707815967778 0.43126068397937 0.402472012507857 0.282369621544315 0.00808788144653438 0 0 0 0 0 0 0 0 0 0 0 0 0 0 0 0 0 0 0 0 0 0
0 0 0 0 0 0 0 0 0 0 0 0 0 0 0 0 0 0 0 0 0 0 0 0 0 0.338116763168491 0.444888173886191 0.422535234431222 0.455772978511539 0.481166892998562 0.516909388080281 0.534266503324345 0.554680697406534 0.59968361272835 0.623424982033793 0.622421461341911 0.603505219802331 0.582294539007803 0.560583040242636 0.540365908159385 0.533039206135572 0.547611006855209 0.566239519145827 0.575117617684624 0.562424740917526 0.539874819345058 0.532780658495491 0.531250496959048 0.531423494794882 0.545350939926438 0.575645499013955 0.599229026925648 0.620825548405332 0.638610597491485 0.647605124352867 0.652567819006675 0.647938634621905 0.638275372135711 0.627804397571349 0.614314679607187 0.582003685592719 0.545971574796464 0.522501871746003 0.522837445087674 0.539907528269627 0.547865024228411 0.546423324471412 0.545318157383192 0.532283531151386 0.515587517310769 0.501406334262592 0.484961503146322 0.430957652774272 0.409378365119225 0.324792671219414 0 0 0 0 0 0 0 0 0 0 0 0 0 0 0 0 0 0 0 0 0 0 0 0 0
0 0 0 0 0 0 0 0 0 0 0 0 0 0 0 0 0 0 0 0 0 0 0 0 0 0 0.420612088438059 0.356853615905973 0.448938319927229 0.441496630487121 0.454982409443126 0.491583563946169 0.55804813640114 0.597149583848611 0.613874671241194 0.610458588616029 0.583697547893313 0.562220069859354 0.541537992979209 0.514510766412431 0.506794506680296 0.529603898308549 0.549359995197254 0.559958940722017 0.543083416778943 0.524298444506723 0.519383134024346 0.523358073258908 0.533598360451039 0.548236838333136 0.575830463247346 0.604015666355741 0.627322001586214 0.643257574047488 0.654674322862313 0.655963240255478 0.652074170793886 0.646981976213565 0.63697284527444 0.621380199286584 0.588582099330265 0.545490079124074 0.510778049083821 0.506697278307176 0.532297678718346 0.540828056936572 0.543236275158244 0.532762695156495 0.527146819021894 0.510568518720848 0.496972650547728 0.486683631974186 0.425299131145474 0.381996263140818 0 0 0 0 0 0 0 0 0 0 0 0 0 0 0 0 0 0 0 0 0 0 0 0 0 0
0 0 0 0 0 0 0 0 0 0 0 0 0 0 0 0 0 0 0 0 0 0 0 0 0 0 0.0207844007168923 0.430004432753203 0.411060341559832 0.412613103511373 0.416919501621485 0.456472067077189 0.558303355849368 0.610240044835809 0.613382193357764 0.59602112086855 0.56443029723421 0.545250936407627 0.522777618729436 0.506239815796531 0.500998922826075 0.513375382692141 0.53521273236229 0.549088362894487 0.539577296920766 0.520784635139922 0.510137039085845 0.513285510544655 0.537159172595506 0.553538036079775 0.585780646146328 0.610232438535799 0.632436829176453 0.64538820335935 0.655597140098751 0.659043288109632 0.656034334156667 0.653482759447409 0.641986254280062 0.627985468261998 0.597664163987612 0.562946388293965 0.516089517360038 0.494132502914475 0.511397507006237 0.53128708787844 0.532662591358535 0.504421348969803 0.400400721610227 0.377944155837275 0.383573058782489 0.43349998204768 0.313701362942561 0.00408667522780885 0 0 0 0 0 0 0 0 0 0 0 0 0 0 0 0 0 0 0 0 0 0 0 0 0 0
0 0 0 0 0 0 0 0 0 0 0 0 0 0 0 0 0 0 0 0 0 0 0 0 0 0 0 0.0239061780442165 0.0563564592574223 0.25882893279886 0.46238482758163 0.400736809098127 0.457032486207763 0.500529602235852 0.544554244950243 0.551051913923124 0.557185526182115 0.535441710567551 0.517196417326233 0.509977957819713 0.505993254203242 0.516952561403656 0.539890235899986 0.543467314364289 0.53226771097059 0.511989019398393 0.508592993593266 0.514187727167393 0.541935606806473 0.557983585581854 0.586682316936881 0.611814295820798 0.632000055510829 0.646090446993886 0.652308362988637 0.658297081388499 0.660768229329947 0.653234160250508 0.643436317558935 0.630946962271077 0.59986183949126 0.566039203673516 0.527419322005245 0.460170937755718 0.392096531437611 0.454447912649798 0.510092552097833 0.475620156574283 0.395023568903055 0.338172075323619 0.322220126869913 0.0453742335672917 0 0 0 0 0 0 0 0 0 0 0 0 0 0 0 0 0 0 0 0 0 0 0 0 0 0 0 0
0 0 0 0 0 0 0 0 0 0 0 0 0 0 0 0 0 0 0 0 0 0 0 0 0 0 0 0 0 0.00328344148351834 0.396374659545385 0.387842168769 0.46457043125811 0.466840948865243 0.526583067956393 0.555378503479707 0.559118684892289 0.52827031554702 0.511046044322623 0.504143026162396 0.509200764099792 0.529214913723327 0.542007796643483 0.546485180062549 0.529856949246202 0.506143608785172 0.499092998027189 0.509809696151149 0.537073866818113 0.559986456511671 0.582845913801701 0.609193043666186 0.633514092821272 0.649596512678493 0.652173060957792 0.656983334502104 0.65532383531268 0.643863502662353 0.632915047007639 0.617862458700499 0.601926324404369 0.55528054349955 0.507794043187439 0.438584351804181 0.363120773109002 0.351157327024646 0.333380252836654 0.073894204268125 0.0876374489015632 0.0566937369745653 0 0 0 0 0 0 0 0 0 0 0 0 0 0 0 0 0 0 0 0 0 0 0 0 0 0 0 0 0 0
0 0 0 0 0 0 0 0 0 0 0 0 0 0 0 0 0 0 0 0 0 0 0 0 0 0 0 0 0 0 0.013456837445517 0.035815665518042 0.313889640562833 0.528579145465395 0.528228800903882 0.473227401444288 0.429183766408984 0.455665099422496 0.479939382886355 0.495761068151106 0.517446194294206 0.536152618251744 0.54485032589821 0.53915213610947 0.527328755813397 0.507341694467675 0.491608489128404 0.494742985555825 0.520397304848226 0.555644156589224 0.577481933068563 0.610609701409924 0.609374071486783 0.628235062025488 0.63325738569671 0.640576723839325 0.65614718021791 0.653319357368316 0.546818352688268 0.628764738635437 0.527392876549082 0.482444921207671 0.42863103822775 0.345944411098217 0.0996840886286857 0.0513108207470784 0 0 0 0 0 0 0 0 0 0 0 0 0 0 0 0 0 0 0 0 0 0 0 0 0 0 0 0 0 0 0 0 0 0
0 0 0 0 0 0 0 0 0 0 0 0 0 0 0 0 0 0 0 0 0 0 0 0 0 0 0 0 0 0 0 0 0.041350101771936 0.0793219858737678 0.242108026649946 0.47717019516316 0.445614823859661 0.444486787179855 0.453037404976848 0.472838763111942 0.519560537156526 0.526810248415508 0.542169200853468 0.521074209139753 0.51245418422091 0.496065545620556 0.478020690669693 0.448121624386138 0.513299829623761 0.538674314686009 0.54171295251428 0.554829346747175 0.546324517848005 0.528827882240278 0.550125364942562 0.537022325602819 0.551452262738038 0.528663996701095 0.387945673006904 0.456623385972133 0.629914142152658 0.364752684170072 0.0311581827020314 0 0 0 0 0 0 0 0 0 0 0 0 0 0 0 0 0 0 0 0 0 0 0 0 0 0 0 0 0 0 0 0 0 0 0 0 0
0 0 0 0 0 0 0 0 0 0 0 0 0 0 0 0 0 0 0 0 0 0 0 0 0 0 0 0 0 0 0 0 0 0 0 0.0697301001270231 0.297538199082342 0.389676230416446 0.492884581976588 0.475666540042728 0.416512924425591 0.467993906439861 0.451253967764087 0.443830057903731 0.402965643444592 0.383089211789413 0.391113286578379 0.367692408150164 0.376230521086227 0.413952937710836 0.450272037961602 0.517189654371456 0.535945186861185 0.496425993575102 0.545363050767407 0.458224856400879 0.324006460491925 0.269554656663538 0.106204938121497 0.0249093794422549 0 0 0 0 0 0 0 0 0 0 0 0 0 0 0 0 0 0 0 0 0 0 0 0 0 0 0 0 0 0 0 0 0 0 0 0 0 0 0 0
0 0 0 0 0 0 0 0 0 0 0 0 0 0 0 0 0 0 0 0 0 0 0 0 0 0 0 0 0 0 0 0 0 0 0 0 0 0.0783398644363736 0.213751430714369 0 0.121207990221095 0.24977496072027 0.223761035493791 0.23373394020127 0.425091977598595 0.445020117629914 0.417892443440335 0.446087497442824 0.443577213500387 0.293829679206704 0.362941168128505 0.384256302152407 0.457269217238016 0.57350060044248 0.489604810107412 0.177115853309198 0 0 0 0 0 0 0 0 0 0 0 0 0 0 0 0 0 0 0 0 0 0 0 0 0 0 0 0 0 0 0 0 0 0 0 0 0 0 0 0 0 0 0 0
0 0 0 0 0 0 0 0 0 0 0 0 0 0 0 0 0 0 0 0 0 0 0 0 0 0 0 0 0 0 0 0 0 0 0 0 0 0 0 0 0.0301009132090299 0.0571303046620358 0 0 0 0 0 0 0 0 0 0 0 0 0 0 0 0 0 0 0 0 0 0 0 0 0 0 0 0 0 0 0 0 0 0 0 0 0 0 0 0 0 0 0 0 0 0 0 0 0 0 0 0 0 0 0 0 0 0
0 0 0 0 0 0 0 0 0 0 0 0 0 0 0 0 0 0 0 0 0 0 0 0 0 0 0 0 0 0 0 0 0 0 0 0 0 0 0 0 0 0 0 0 0 0 0 0 0 0 0 0 0 0 0 0 0 0 0 0 0 0 0 0 0 0 0 0 0 0 0 0 0 0 0 0 0 0 0 0 0 0 0 0 0 0 0 0 0 0 0 0 0 0 0 0 0 0 0 0
0 0 0 0 0 0 0 0 0 0 0 0 0 0 0 0 0 0 0 0 0 0 0 0 0 0 0 0 0 0 0 0 0 0 0 0 0 0 0 0 0 0 0 0 0 0 0 0 0 0 0 0 0 0 0 0 0 0 0 0 0 0 0 0 0 0 0 0 0 0 0 0 0 0 0 0 0 0 0 0 0 0 0 0 0 0 0 0 0 0 0 0 0 0 0 0 0 0 0 0
0 0 0 0 0 0 0 0 0 0 0 0 0 0 0 0 0 0 0 0 0 0 0 0 0 0 0 0 0 0 0 0 0 0 0 0 0 0 0 0 0 0 0 0 0 0 0 0 0 0 0 0 0 0 0 0 0 0 0 0 0 0 0 0 0 0 0 0 0 0 0 0 0 0 0 0 0 0 0 0 0 0 0 0 0 0 0 0 0 0 0 0 0 0 0 0 0 0 0 0
0 0 0 0 0 0 0 0 0 0 0 0 0 0 0 0 0 0 0 0 0 0 0 0 0 0 0 0 0 0 0 0 0 0 0 0 0 0 0 0 0 0 0 0 0 0 0 0 0 0 0 0 0 0 0 0 0 0 0 0 0 0 0 0 0 0 0 0 0 0 0 0 0 0 0 0 0 0 0 0 0 0 0 0 0 0 0 0 0 0 0 0 0 0 0 0 0 0 0 0
0 0 0 0 0 0 0 0 0 0 0 0 0 0 0 0 0 0 0 0 0 0 0 0 0 0 0 0 0 0 0 0 0 0 0 0 0 0 0 0 0 0 0 0 0 0 0 0 0 0 0 0 0 0 0 0 0 0 0 0 0 0 0 0 0 0 0 0 0 0 0 0 0 0 0 0 0 0 0 0 0 0 0 0 0 0 0 0 0 0 0 0 0 0 0 0 0 0 0 0
0 0 0 0 0 0 0 0 0 0 0 0 0 0 0 0 0 0 0 0 0 0 0 0 0 0 0 0 0 0 0 0 0 0 0 0 0 0 0 0 0 0 0 0 0 0 0 0 0 0 0 0 0 0 0 0 0 0 0 0 0 0 0 0 0 0 0 0 0 0 0 0 0 0 0 0 0 0 0 0 0 0 0 0 0 0 0 0 0 0 0 0 0 0 0 0 0 0 0 0
0 0 0 0 0 0 0 0 0 0 0 0 0 0 0 0 0 0 0 0 0 0 0 0 0 0 0 0 0 0 0 0 0 0 0 0 0 0 0 0 0 0 0 0 0 0 0 0 0 0 0 0 0 0 0 0 0 0 0 0 0 0 0 0 0 0 0 0 0 0 0 0 0 0 0 0 0 0 0 0 0 0 0 0 0 0 0 0 0 0 0 0 0 0 0 0 0 0 0 0
0 0 0 0 0 0 0 0 0 0 0 0 0 0 0 0 0 0 0 0 0 0 0 0 0 0 0 0 0 0 0 0 0 0 0 0 0 0 0 0 0 0 0 0 0 0 0 0 0 0 0 0 0 0 0 0 0 0 0 0 0 0 0 0 0 0 0 0 0 0 0 0 0 0 0 0 0 0 0 0 0 0 0 0 0 0 0 0 0 0 0 0 0 0 0 0 0 0 0 0
0 0 0 0 0 0 0 0 0 0 0 0 0 0 0 0 0 0 0 0 0 0 0 0 0 0 0 0 0 0 0 0 0 0 0 0 0 0 0 0 0 0 0 0 0 0 0 0 0 0 0 0 0 0 0 0 0 0 0 0 0 0 0 0 0 0 0 0 0 0 0 0 0 0 0 0 0 0 0 0 0 0 0 0 0 0 0 0 0 0 0 0 0 0 0 0 0 0 0 0
0 0 0 0 0 0 0 0 0 0 0 0 0 0 0 0 0 0 0 0 0 0 0 0 0 0 0 0 0 0 0 0 0 0 0 0 0 0 0 0 0 0 0 0 0 0 0 0 0 0 0 0 0 0 0 0 0 0 0 0 0 0 0 0 0 0 0 0 0 0 0 0 0 0 0 0 0 0 0 0 0 0 0 0 0 0 0 0 0 0 0 0 0 0 0 0 0 0 0 0
0 0 0 0 0 0 0 0 0 0 0 0 0 0 0 0 0 0 0 0 0 0 0 0 0 0 0 0 0 0 0 0 0 0 0 0 0 0 0 0 0 0 0 0 0 0 0 0 0 0 0 0 0 0 0 0 0 0 0 0 0 0 0 0 0 0 0 0 0 0 0 0 0 0 0 0 0 0 0 0 0 0 0 0 0 0 0 0 0 0 0 0 0 0 0 0 0 0 0 0
0 0 0 0 0 0 0 0 0 0 0 0 0 0 0 0 0 0 0 0 0 0 0 0 0 0 0 0 0 0 0 0 0 0 0 0 0 0 0 0 0 0 0 0 0 0 0 0 0 0 0 0 0 0 0 0 0 0 0 0 0 0 0 0 0 0 0 0 0 0 0 0 0 0 0 0 0 0 0 0 0 0 0 0 0 0 0 0 0 0 0 0 0 0 0 0 0 0 0 0
0 0 0 0 0 0 0 0 0 0 0 0 0 0 0 0 0 0 0 0 0 0 0 0 0 0 0 0 0 0 0 0 0 0 0 0 0 0 0 0 0 0 0 0 0 0 0 0 0 0 0 0 0 0 0 0 0 0 0 0 0 0 0 0 0 0 0 0 0 0 0 0 0 0 0 0 0 0 0 0 0 0 0 0 0 0 0 0 0 0 0 0 0 0 0 0 0 0 0 0
