NA NA NA NA NA NA NA NA NA NA NA NA NA NA NA NA NA NA NA NA NA NA NA NA NA NA NA NA NA NA NA NA NA NA NA NA NA NA NA NA NA NA NA NA NA NA NA NA NA NA NA NA NA NA NA NA NA NA NA NA NA NA NA NA NA NA NA NA NA NA NA NA NA NA NA NA NA NA NA NA NA NA NA NA NA NA NA NA NA NA NA NA NA NA NA NA NA NA NA NA
NA NA NA NA NA NA NA NA NA NA NA NA NA NA NA NA NA NA NA NA NA NA NA NA NA NA NA NA NA NA NA NA NA NA NA NA NA NA NA NA NA NA NA NA NA NA NA NA NA NA NA NA NA NA NA NA NA NA NA NA NA NA NA NA NA NA NA NA NA NA NA NA NA NA NA NA NA NA NA NA NA NA NA NA NA NA NA NA NA NA NA NA NA NA NA NA NA NA NA NA
NA NA NA NA NA NA NA NA NA NA NA NA NA NA NA NA NA NA NA NA NA NA NA NA NA NA NA NA NA NA NA NA NA NA NA NA NA NA NA NA NA NA NA NA NA NA NA NA NA NA NA NA NA NA NA NA NA NA NA NA NA NA NA NA NA NA NA NA NA NA NA NA NA NA NA NA NA NA NA NA NA NA NA NA NA NA NA NA NA NA NA NA NA NA NA NA NA NA NA NA
NA NA NA NA NA NA NA NA NA NA NA NA NA NA NA NA NA NA NA NA NA NA NA NA NA NA NA NA NA NA NA NA NA NA NA NA NA NA NA NA NA NA NA NA NA NA NA NA NA NA NA NA NA NA NA NA NA NA NA NA NA NA NA NA NA NA NA NA NA NA NA NA NA NA NA NA NA NA NA NA NA NA NA NA NA NA NA NA NA NA NA NA NA NA NA NA NA NA NA NA
NA NA NA NA NA NA NA NA NA NA NA NA NA NA NA NA NA NA NA NA NA NA NA NA NA NA NA NA NA NA NA NA NA NA NA NA NA NA NA NA NA NA NA NA NA NA NA NA NA NA NA NA NA NA NA NA NA NA NA NA NA NA NA NA NA NA NA NA NA NA NA NA NA NA NA NA NA NA NA NA NA NA NA NA NA NA NA NA NA NA NA NA NA NA NA NA NA NA NA NA
NA NA NA NA NA NA NA NA NA NA NA NA NA NA NA NA NA NA NA NA NA NA NA NA NA NA NA NA NA NA NA NA NA NA NA NA NA NA NA NA NA NA NA NA NA NA NA NA NA NA NA NA NA NA NA NA NA NA NA NA NA NA NA NA NA NA NA NA NA NA NA NA NA NA NA NA NA NA NA NA NA NA NA NA NA NA NA NA NA NA NA NA NA NA NA NA NA NA NA NA
NA NA NA NA NA NA NA NA NA NA NA NA NA NA NA NA NA NA NA NA NA NA NA NA NA NA NA NA NA NA NA NA NA NA NA NA NA NA NA NA NA NA NA NA NA NA NA NA NA NA NA NA NA NA NA NA NA NA NA NA NA NA NA NA NA NA NA NA NA NA NA NA NA NA NA NA NA NA NA NA NA NA NA NA NA NA NA NA NA NA NA NA NA NA NA NA NA NA NA NA
NA NA NA NA NA NA NA NA NA NA NA NA NA NA NA NA NA NA NA NA NA NA NA NA NA NA NA NA NA NA NA NA NA NA NA NA NA NA NA NA NA NA NA NA NA NA NA NA NA NA NA NA NA NA NA NA NA NA NA NA NA NA NA NA NA NA NA NA NA NA NA NA NA NA NA NA NA NA NA NA NA NA NA NA NA NA NA NA NA NA NA NA NA NA NA NA NA NA NA NA
NA NA NA NA NA NA NA NA NA NA NA NA NA NA NA NA NA NA NA NA NA NA NA NA NA NA NA NA NA NA NA NA NA NA NA NA NA NA NA NA NA NA NA NA NA NA NA NA NA NA NA NA NA NA NA NA NA NA NA NA NA NA NA NA NA NA NA NA NA NA NA NA NA NA NA NA NA NA NA NA NA NA NA NA NA NA NA NA NA NA NA NA NA NA NA NA NA NA NA NA
NA NA NA NA NA NA NA NA NA NA NA NA NA NA NA NA NA NA NA NA NA NA NA NA NA NA NA NA NA NA NA NA NA NA NA NA NA NA NA NA NA NA NA NA NA NA NA NA NA NA NA NA NA NA NA NA NA NA NA NA NA NA NA NA NA NA NA NA NA NA NA NA NA NA NA NA NA NA NA NA NA NA NA NA NA NA NA NA NA NA NA NA NA NA NA NA NA NA NA NA
NA NA NA NA NA NA NA NA NA NA NA NA NA NA NA NA NA NA NA NA NA NA NA NA NA NA NA NA NA NA NA NA NA NA NA NA NA NA NA NA NA NA NA NA NA NA NA NA NA NA NA NA NA NA NA NA NA NA NA NA NA NA NA NA NA NA NA NA NA NA NA NA NA NA NA NA NA NA NA NA NA NA NA NA NA NA NA NA NA NA NA NA NA NA NA NA NA NA NA NA
NA NA NA NA NA NA NA NA NA NA NA NA NA NA NA NA NA NA NA NA NA NA NA NA NA NA NA NA NA NA NA NA NA NA NA NA NA NA NA NA NA NA NA NA NA NA NA NA NA NA NA NA NA NA NA NA NA NA NA NA NA NA NA NA NA NA NA NA NA NA NA NA NA NA NA NA NA NA NA NA NA NA NA NA NA NA NA NA NA NA NA NA NA NA NA NA NA NA NA NA
NA NA NA NA NA NA NA NA NA NA NA NA NA NA NA NA NA NA NA NA NA NA NA NA NA NA NA NA NA NA NA NA NA NA NA NA NA NA NA NA NA NA NA NA NA NA NA NA NA NA NA NA NA NA NA NA NA NA NA NA NA NA NA NA NA NA NA NA NA NA NA NA NA NA NA NA NA NA NA NA NA NA NA NA NA NA NA NA NA NA NA NA NA NA NA NA NA NA NA NA
NA NA NA NA NA NA NA NA NA NA NA NA NA NA NA NA NA NA NA NA NA NA NA NA NA NA NA NA NA NA NA NA NA NA NA NA NA NA NA NA NA NA NA NA NA NA NA NA NA NA NA NA NA NA NA NA NA NA NA NA NA NA NA NA NA NA NA NA NA NA NA NA NA NA NA NA NA NA NA NA NA NA NA NA NA NA NA NA NA NA NA NA NA NA NA NA NA NA NA NA
NA NA NA NA NA NA NA NA NA NA NA NA NA NA NA NA NA NA NA NA NA NA NA NA NA NA NA NA NA NA NA NA NA NA NA NA NA NA NA NA NA NA NA -0.315689867707414 -0.275204095830108 -0.0914770873222976 -0.248939267446419 -0.166532938006991 -0.235309581039077 -0.191051192527667 -0.239701389772327 NA NA NA NA NA NA NA NA NA NA NA NA NA NA NA NA NA NA NA NA NA NA NA NA NA NA NA NA NA NA NA NA NA NA NA NA NA NA NA NA NA NA NA NA NA NA NA NA NA
NA NA NA NA NA NA NA NA NA NA NA NA NA NA NA NA NA NA NA NA NA NA NA NA NA NA NA NA NA NA NA NA NA NA NA NA -0.454005400994518 -0.400310601396276 -0.48252375254232 -0.489837872821558 -0.491556934330971 -0.447549017072178 -0.37048236199964 -0.517851193349231 -0.429451379172881 -0.314458399148558 -0.463631277954074 -0.276171742893631 -0.357044777442419 -0.206183652251064 -0.0427710713595026 -0.0386142682074725 -0.0188880832093709 -0.106420906974058 -0.307640735825998 NA NA NA NA NA NA NA NA NA NA NA NA NA NA NA NA NA NA NA NA NA NA NA NA NA NA NA NA NA NA NA NA NA NA NA NA NA NA NA NA NA NA NA NA NA
NA NA NA NA NA NA NA NA NA NA NA NA NA NA NA NA NA NA NA NA NA NA NA NA NA NA NA NA NA NA NA NA NA -0.3610809322547 -0.425253060131547 -0.523207587280825 -0.475698149337554 -0.487957025365557 -0.51534655605961 -0.650043297677537 -0.532465674411652 -0.432134157032574 -0.357403401084541 -0.316806762014578 -0.355005914822198 -0.470870564725167 -0.486882573919503 -0.409547653735162 -0.467180909245717 -0.471958883392633 -0.359415343293501 -0.257947933410339 -0.23445494265945 -0.390923906244101 -0.392410966222606 -0.3372744282241 -0.143029262109802 NA NA NA NA NA NA NA NA NA NA NA NA NA NA NA NA NA NA NA NA NA NA NA NA NA NA NA NA NA NA NA NA NA NA NA NA NA NA NA NA NA NA NA
NA NA NA NA NA NA NA NA NA NA NA NA NA NA NA NA NA NA NA NA NA NA NA NA NA NA NA NA NA NA NA NA -0.457116212085579 -0.372210413044373 -0.295285586708318 -0.387729779215507 -0.399881488555995 -0.417698571239671 -0.380761082539629 -0.487239009276365 -0.370432297293362 -0.328445525152978 -0.266075591920298 -0.289655792186925 -0.326899269690696 -0.367100945098767 -0.363956983953327 -0.285946446463641 -0.311870084709167 -0.471734319998551 -0.498285138752005 -0.514880256367172 -0.539673367846436 -0.589575347316204 -0.310547209661142 -0.282555358520281 -0.131311618496364 -0.243764607698352 -0.171641131895302 -0.162879737738051 -0.189898027698575 NA NA NA NA NA NA NA NA NA NA NA NA NA NA NA NA NA NA NA NA NA NA NA NA NA NA NA NA NA NA NA NA NA NA NA NA NA NA NA
NA NA NA NA NA NA NA NA NA NA NA NA NA NA NA NA NA NA NA NA NA NA NA NA NA NA NA NA NA NA -0.493692171988126 -0.655117662519176 -0.577011063143703 -0.423023069079835 -0.383440414813898 -0.355636331645584 -0.287419444377771 -0.324370610429899 -0.391512176601851 -0.425712452318173 -0.3763423908563 -0.285159641396637 -0.180234612894056 -0.241657772537949 -0.303772492492857 -0.316734664002731 -0.284617290732402 -0.21860637962159 -0.185993429525071 -0.260835149667815 -0.341021543917247 -0.397825484853456 -0.439762932836033 -0.465340869579458 -0.361114888315576 -0.246659816009322 -0.2740983331245 -0.172473051408519 -0.160193446735253 -0.0751924217991265 -0.0979732272634794 -0.114391812810607 -0.173096643813645 NA NA NA NA NA NA NA NA NA NA NA NA NA NA NA NA NA NA NA NA NA NA NA NA NA NA NA NA NA NA NA NA NA NA NA NA NA
NA NA NA NA NA NA NA NA NA NA NA NA NA NA NA NA NA NA NA NA NA NA NA NA NA NA NA NA NA -0.319648388477086 -0.360587539487729 -0.428010607440796 -0.34844857501974 -0.37529052972679 -0.310542820660292 -0.286841294700395 -0.242037618505059 -0.272877478351178 -0.377158035846712 -0.450959103736002 -0.393478073155935 -0.263021360175126 -0.19944361774166 -0.251883171784317 -0.289061847921914 -0.286522330437056 -0.320739670274806 -0.293616940431236 -0.28193138213701 -0.282514888278155 -0.362125860140856 -0.405630385061995 -0.455553463980475 -0.496361771782546 -0.478778565243451 -0.463636567554204 -0.479604080335616 -0.424893739191036 -0.336580379564335 -0.281147691034885 -0.129299386888255 -0.107048624206029 -0.159359291685945 -0.121825425027266 NA NA NA NA NA NA NA NA NA NA NA NA NA NA NA NA NA NA NA NA NA NA NA NA NA NA NA NA NA NA NA NA NA NA NA NA
NA NA NA NA NA NA NA NA NA NA NA NA NA NA NA NA NA NA NA NA NA NA NA NA NA NA NA NA -0.541585642626968 -0.492697822579723 -0.508388575116383 -0.346237861827936 -0.337380643815216 -0.389844117201658 -0.334304700968618 -0.257713951271487 -0.267397620692242 -0.296381957113152 -0.3668205965917 -0.416856672622118 -0.390357588147223 -0.316845901321058 -0.256988008191857 -0.30653427448119 -0.36609936452386 -0.346951225950597 -0.362616794204141 -0.395208376790381 -0.365527024170693 -0.325874263093237 -0.339227754900165 -0.383617757160763 -0.466011380568704 -0.511291198444767 -0.530261064965147 -0.549684419562167 -0.541131249488164 -0.581854861391645 -0.63030500023654 -0.66744397382786 -0.515591529043255 -0.234789990467531 -0.0864927506017788 -0.0959815103379024 -0.0843625678532092 -0.124498261649983 -0.173567111462076 NA NA NA NA NA NA NA NA NA NA NA NA NA NA NA NA NA NA NA NA NA NA NA NA NA NA NA NA NA NA NA NA NA
NA NA NA NA NA NA NA NA NA NA NA NA NA NA NA NA NA NA NA NA NA NA NA NA NA NA NA -0.480126521039408 -0.507608802572721 -0.518422228090918 -0.403576428032607 -0.446026550930376 -0.38607857711229 -0.376960909334866 -0.379822360042832 -0.337485888067105 -0.294679479626012 -0.302435617246953 -0.313238368697045 -0.394554894947951 -0.400367252375401 -0.35169565698488 -0.325518806845996 -0.392202407466646 -0.427447251965366 -0.421947278107745 -0.431359357879814 -0.42794767847224 -0.425919533911129 -0.388176583503855 -0.337026350191816 -0.40546868027705 -0.479031515492166 -0.541937058394558 -0.535386290019797 -0.556965991153546 -0.541808252718498 -0.552320481839187 -0.59086960614671 -0.647880548172403 -0.649268664406385 -0.375065319470573 -0.211666731390241 -0.267889689061658 -0.239292695031915 -0.23860140275272 -0.32935653369975 -0.253985172924939 -0.239226139732646 NA NA NA NA NA NA NA NA NA NA NA NA NA NA NA NA NA NA NA NA NA NA NA NA NA NA NA NA NA NA NA
NA NA NA NA NA NA NA NA NA NA NA NA NA NA NA NA NA NA NA NA NA NA NA NA NA -0.381651501721367 -0.501284727191471 -0.225896367263857 -0.268996852909762 -0.316013491168161 -0.411920030070849 -0.474602027710239 -0.432312228008582 -0.394367737539501 -0.385488490308773 -0.367417598731781 -0.333136598319362 -0.317530478828459 -0.298407861693678 -0.344723925009766 -0.370847178852773 -0.367017759022954 -0.389803615069869 -0.429618156400316 -0.473098668499659 -0.463375425780425 -0.464199939957284 -0.463009522686077 -0.450825848040846 -0.418831196925752 -0.355385122430401 -0.433974763092139 -0.508897478108033 -0.493724199890227 -0.516424788061087 -0.562873534306949 -0.532664212540257 -0.527464741672571 -0.565144457797657 -0.613767674947384 -0.680989462515003 -0.543716423769224 -0.473552336138369 -0.419811138531831 -0.364121488026581 -0.335301561340635 -0.364101564428702 -0.264904090579576 -0.17618605983513 -0.0717341075717925 -0.0204253763448253 NA NA NA NA NA NA NA NA NA NA NA NA NA NA NA NA NA NA NA NA NA NA NA NA NA NA NA NA NA
NA NA NA NA NA NA NA NA NA NA NA NA NA NA NA NA NA NA NA NA NA NA NA NA -0.70757126213453 -0.317955168561362 -0.212816570402807 -0.164675007921539 -0.201207741716077 -0.314268485902653 -0.425917980080569 -0.464556469015241 -0.426831745933817 -0.430474517445682 -0.41103555299092 -0.390272127259989 -0.367607959398548 -0.319584499929943 -0.274217721887136 -0.294345175366592 -0.3285459313193 -0.339284243103263 -0.389317212989626 -0.447163933477965 -0.484926089335659 -0.467153222162292 -0.471667796348109 -0.482137428016826 -0.459079821133827 -0.441571869724608 -0.434470887190235 -0.465145688838471 -0.470105711144365 -0.443164235542515 -0.474041958676867 -0.500948269577562 -0.503840847067845 -0.481897109805951 -0.484718757226486 -0.520689319392187 -0.570771738811661 -0.627522492312667 -0.698068519699066 -0.530923445612028 -0.495357719760153 -0.405523504751387 -0.536466646018757 -0.313126517336886 -0.250879364422327 -0.214683819187341 -0.112871106262827 -0.12023056519133 NA NA NA NA NA NA NA NA NA NA NA NA NA NA NA NA NA NA NA NA NA NA NA NA NA NA NA NA
NA NA NA NA NA NA NA NA NA NA NA NA NA NA NA NA NA NA NA NA NA NA NA -0.69008797980443 -0.484168386237372 -0.185325433339884 -0.189096098824159 -0.171835615707832 -0.233006586230651 -0.311147072760894 -0.41972969904479 -0.46555539146958 -0.443297355879661 -0.439057122593521 -0.419778490560636 -0.393706561505357 -0.363832625792685 -0.318111511437252 -0.265700328080728 -0.29315756956215 -0.298912766083736 -0.326225042171762 -0.389573705894969 -0.448994832907581 -0.464642296348947 -0.442100390978913 -0.461573585933159 -0.482182514369824 -0.476619387045283 -0.491282566668538 -0.488342554823942 -0.474990326041668 -0.415105312482637 -0.379407311220646 -0.441403975940103 -0.43258221651581 -0.480160171974022 -0.470258918282586 -0.450494678450031 -0.483740035566314 -0.518213598816662 -0.619491533269647 -0.691124193914703 -0.589663537038283 -0.576884958990723 -0.51262636690152 -0.510768883124134 -0.578694906448622 -0.310078230187495 -0.112386844276642 0.00426284043060962 0.00340678609565939 0.116015717363547 NA NA NA NA NA NA NA NA NA NA NA NA NA NA NA NA NA NA NA NA NA NA NA NA NA NA NA
NA NA NA NA NA NA NA NA NA NA NA NA NA NA NA NA NA NA NA NA NA NA -0.762985348558818 -0.622029365698292 -0.351721249808647 -0.269520593527753 -0.278477255823648 -0.330541078793933 -0.313569887458518 -0.334936110883042 -0.393228537577411 -0.458667275892172 -0.466815239147879 -0.44445511096224 -0.431463449596229 -0.396579421752598 -0.356651296044493 -0.302190956233835 -0.274560845179282 -0.308519365733682 -0.285682701878589 -0.331540381575434 -0.37173909499281 -0.442773502900291 -0.45839014722791 -0.437310053139716 -0.451791609093791 -0.481033374307096 -0.504463385272627 -0.529378758565931 -0.547873893121999 -0.466073120444332 -0.379310308736983 -0.341532609600732 -0.391352812781964 -0.412254774490326 -0.459488848741269 -0.45119002170196 -0.430644614850551 -0.420985901367434 -0.484220404974895 -0.60154237785345 -0.647478964326043 -0.551338804282721 -0.5179504666117 -0.486319986148782 -0.451274345529681 -0.449592236134219 -0.347574946764767 -0.159555009971469 0.0145445679832051 0.0907958673330053 0.0652272100465537 -0.109067344726765 NA NA NA NA NA NA NA NA NA NA NA NA NA NA NA NA NA NA NA NA NA NA NA NA NA NA
NA NA NA NA NA NA NA NA NA NA NA NA NA NA NA NA NA NA NA NA NA NA -0.799280794912823 -0.460272904438237 -0.276551954008653 -0.330438105476719 -0.502451892090096 -0.403245796905813 -0.357352041500455 -0.364713551229864 -0.440226282403531 -0.499000298414951 -0.490983724649618 -0.488166327546522 -0.438793422820107 -0.398351541141075 -0.35625220874948 -0.307050835458566 -0.307599241292477 -0.312660690128825 -0.298879475403719 -0.34394767240717 -0.377320513509204 -0.4383803446908 -0.45102190185414 -0.453913847815236 -0.472910869939735 -0.514117502351245 -0.544239057696591 -0.547674504767872 -0.546518222181877 -0.460213491132756 -0.354357796322357 -0.356280473592252 -0.385814744745034 -0.438247999081617 -0.46752973783935 -0.459899085512352 -0.411579578028012 -0.450427772614045 -0.507982239197977 -0.603725418211746 -0.644041581895548 -0.557320777591205 -0.504113806532922 -0.464893269145297 -0.428606717933499 -0.337851126291742 -0.281510912652909 -0.241057449306822 -0.198921178039383 0.0177673955733809 0.0823412638558106 0.0166345103577704 -0.0288902931397367 -0.0851788567557143 NA NA NA NA NA NA NA NA NA NA NA NA NA NA NA NA NA NA NA NA NA NA NA NA
NA NA NA NA NA NA NA NA NA NA NA NA NA NA NA NA NA NA NA NA NA -0.756134475165601 -0.713229419984582 -0.546076542695967 -0.314479598068884 -0.355012171784906 -0.514352593177794 -0.428181302178022 -0.437823707387532 -0.454863966301749 -0.491552193413953 -0.546753301302495 -0.527061598282549 -0.514375842445069 -0.446604632524399 -0.40836464825221 -0.353884857171506 -0.345451425944552 -0.339905966623615 -0.340264505498822 -0.336490706045093 -0.377979607147572 -0.416333224381024 -0.441283760947727 -0.463733667176367 -0.482495461043946 -0.4986006918794 -0.54826105672723 -0.581410849692392 -0.568884298324935 -0.536567008388265 -0.422253585623887 -0.355984068865527 -0.372324450578401 -0.416979031745518 -0.475528761008923 -0.519201842475287 -0.485331733894301 -0.444059497455842 -0.449842586372429 -0.545519842949963 -0.55458827561948 -0.540631340849443 -0.53276795472821 -0.505893599824654 -0.454745319542237 -0.386793153014195 -0.3295945475053 -0.300108722807295 -0.29231559898974 -0.286383826692241 -0.125044923643324 -0.0225239807001857 0.0226608703671485 0.012455210427358 -0.0725900008528824 -0.0816277075327242 NA NA NA NA NA NA NA NA NA NA NA NA NA NA NA NA NA NA NA NA NA NA NA
NA NA NA NA NA NA NA NA NA NA NA NA NA NA NA NA NA NA NA NA -0.679756721948176 -0.615008035848357 -0.669221037524245 -0.500532764474135 -0.361199707168361 -0.375064426827111 -0.459425546125248 -0.443710858288676 -0.481460978612243 -0.52542513798452 -0.562277111582575 -0.569497661254691 -0.561865717812723 -0.533969039522159 -0.453926495694526 -0.423041797925954 -0.381535263813811 -0.382445636518364 -0.373617322298355 -0.356575975040401 -0.374719988995432 -0.417719053014843 -0.437666069584214 -0.448944121173676 -0.476927540617177 -0.516152848139449 -0.538368553440974 -0.577193452365708 -0.586021807973447 -0.572449620047145 -0.496737230860323 -0.39752884871207 -0.359078109834525 -0.363451510543983 -0.441524370119822 -0.512080920960441 -0.539017819207994 -0.546685483615225 -0.501535972588725 -0.497818420069122 -0.533327769008168 -0.564442285324286 -0.537178086270992 -0.517783248104326 -0.448550598990008 -0.401843574451934 -0.331962322513506 -0.329591814243584 -0.315040601567243 -0.324214751863224 -0.314114733987664 -0.18839940686079 -0.0944923862230369 -0.0849513775455717 0.00303454310088735 -0.00482975295368601 -0.0610054821691052 -0.304396232372889 NA NA NA NA NA NA NA NA NA NA NA NA NA NA NA NA NA NA NA NA NA NA
NA NA NA NA NA NA NA NA NA NA NA NA NA NA NA NA NA NA NA NA -0.681342641730971 -0.619035019369818 -0.690347599280887 -0.588699273885456 -0.482891707234698 -0.43077957145534 -0.456872943486739 -0.500181758633278 -0.556994560305402 -0.559952482257963 -0.573341969886617 -0.551562414624567 -0.560940668543343 -0.5252880562098 -0.441636186996466 -0.428282473903343 -0.401815992422631 -0.389182588391335 -0.379969841480427 -0.374016657222802 -0.401753930180709 -0.409641180400409 -0.452331114626962 -0.461957088799349 -0.494418829977739 -0.532897802761468 -0.566542406861537 -0.5834675703259 -0.586786872494496 -0.580603214856915 -0.48389112481677 -0.387330676516543 -0.359033921178006 -0.374501774860364 -0.452228956120455 -0.526914646425014 -0.544183107782794 -0.548869183338909 -0.523679015691802 -0.526983281299496 -0.533816977781596 -0.509587316789773 -0.514420911037113 -0.479115203784304 -0.386663288482731 -0.360645573456955 -0.306718755500458 -0.303794134470591 -0.29476402555419 -0.325575152631659 -0.356397924720579 -0.21046791987528 -0.111848580254012 -0.0868426924120982 -0.115101593152976 -0.133749971842736 -0.164755198939415 -0.222430812862608 -0.269594838031396 NA NA NA NA NA NA NA NA NA NA NA NA NA NA NA NA NA NA NA NA NA
NA NA NA NA NA NA NA NA NA NA NA NA NA NA NA NA NA NA NA -0.800863948543132 -0.641475070500172 -0.63585072875964 -0.682233318131649 -0.628582547681524 -0.542876838918495 -0.495474737070263 -0.477890266144459 -0.532495755681228 -0.583600467948061 -0.546960797601164 -0.542627170604466 -0.493149508313777 -0.50761023857206 -0.462507526707349 -0.413289996490158 -0.412303224014055 -0.380829420911509 -0.374076656003506 -0.366011777736591 -0.370141950884417 -0.393282463840094 -0.385312576487632 -0.429079472217742 -0.467751765064901 -0.496066743481813 -0.532084421455223 -0.565097074912698 -0.588914785302196 -0.596269842974767 -0.569327400943007 -0.48048705963492 -0.38448901372643 -0.357254904696293 -0.384977329708355 -0.44122812012632 -0.499820362218282 -0.506877902039209 -0.533199578549812 -0.53427967011109 -0.544137239441163 -0.542906292686009 -0.482622508029333 -0.480910069382352 -0.432191463012455 -0.329164355517174 -0.251595050068997 -0.283326291556418 -0.289393835696263 -0.269291945029017 -0.288358023185815 -0.263193447249964 -0.23916740983311 -0.122485376409229 -0.10023337196988 -0.112187538947453 -0.221251846592372 -0.307183867085425 -0.141087171956903 -0.239197688454698 -0.1090101815554 NA NA NA NA NA NA NA NA NA NA NA NA NA NA NA NA NA NA NA NA
NA NA NA NA NA NA NA NA NA NA NA NA NA NA NA NA NA NA NA -0.713328364232031 -0.651661627766569 -0.656596172623471 -0.669459705680585 -0.612036876665194 -0.575511913161953 -0.481959446725015 -0.463777553875626 -0.547461448958487 -0.582988097261116 -0.504042795421673 -0.49832434998139 -0.460038399697153 -0.448239225679167 -0.369107287604856 -0.371111316519921 -0.354237416946999 -0.354335928845996 -0.333041244389457 -0.323861054940285 -0.353733525638894 -0.351579329436906 -0.360056137776205 -0.385971649021394 -0.45464241210451 -0.47485999048412 -0.512629271369918 -0.53749666295694 -0.562290148713117 -0.583920892426811 -0.527168893704425 -0.480787758365391 -0.410300306402846 -0.367454308562751 -0.374316903292003 -0.396138695253133 -0.455045110389249 -0.474168672056426 -0.496165397388116 -0.507187856651718 -0.530057791899898 -0.535896342027595 -0.454383061783154 -0.426868706987314 -0.37712857739689 -0.297520782004816 -0.212847929160893 -0.222430973284551 -0.260574026338716 -0.257844931411435 -0.192864481402643 -0.225582680634157 -0.2096643459244 -0.132301248243614 -0.119866206679724 -0.121156231824703 -0.235750818427665 -0.309802313981038 -0.223823596173621 -0.188731617157914 -0.155136806936454 NA NA NA NA NA NA NA NA NA NA NA NA NA NA NA NA NA NA NA NA
NA NA NA NA NA NA NA NA NA NA NA NA NA NA NA NA NA NA -0.670223044866755 -0.615743755624298 -0.531870774816542 -0.608185507122962 -0.600538076384593 -0.571353979777173 -0.532784454227758 -0.469439519548736 -0.50418353888049 -0.547976515255323 -0.551859207403002 -0.500800981474008 -0.433845057650604 -0.395890018738037 -0.375775106577712 -0.361209233802201 -0.334878047562936 -0.329814277512589 -0.305336636141387 -0.298137537875408 -0.294274451343653 -0.294764764782874 -0.29813854831795 -0.341177995518338 -0.379743358520082 -0.433671791254159 -0.46321062474924 -0.482194065015758 -0.514306832285373 -0.541148773240323 -0.553350553960491 -0.524638569294608 -0.482753480844152 -0.440090201931196 -0.385164184707106 -0.347167225850462 -0.343484337895539 -0.366858885892883 -0.428983727607647 -0.436130525181436 -0.439228139115553 -0.460727500300776 -0.489037382366803 -0.40697683542189 -0.385620741068419 -0.345348710132668 -0.281532635899521 -0.197913226308812 -0.175681751971849 -0.145432657749428 -0.161820948491558 -0.162728944070041 -0.19063223615721 -0.148706124328067 -0.149937417555898 -0.151854073276269 -0.261204985002287 -0.287545391733633 -0.306995170225525 -0.323368103113348 -0.28646292606465 -0.0944715922431797 -0.121087240693657 NA NA NA NA NA NA NA NA NA NA NA NA NA NA NA NA NA NA NA
NA NA NA NA NA NA NA NA NA NA NA NA NA NA NA NA NA NA -0.577078872781351 -0.482533467700212 -0.468432409745257 -0.483790195957503 -0.402101126470982 -0.450727521843939 -0.44369304481385 -0.430863022386672 -0.50681952579153 -0.501793062479092 -0.487024873483735 -0.464947436446497 -0.418092022901848 -0.361300466643234 -0.356088856681958 -0.343962064801617 -0.329270189896282 -0.314533775245724 -0.308521658373416 -0.279761930736375 -0.251368573061387 -0.223517965198605 -0.260576323214112 -0.308875034258865 -0.358318140512694 -0.403539405071594 -0.436733979444701 -0.477728063194725 -0.497370818382218 -0.525751583550823 -0.530648471268666 -0.501468044206923 -0.461105822137616 -0.42478640059125 -0.374213895642055 -0.324772004764003 -0.294368600869322 -0.298886715046468 -0.358628984982225 -0.359586782200344 -0.37216412986691 -0.380114431221588 -0.405499351228724 -0.41551216374227 -0.343619833888252 -0.326367699406838 -0.29286162626366 -0.201574693553344 -0.190630265251471 -0.144925969330243 -0.151779194584278 -0.150860178376356 -0.170841108780007 -0.130485538458791 -0.147755335638147 -0.234489243742825 -0.280397256097937 -0.316664496446613 -0.307688816306693 -0.303904116999823 -0.321039643959155 -0.233127563670083 -0.137931731281216 NA NA NA NA NA NA NA NA NA NA NA NA NA NA NA NA NA NA NA
NA NA NA NA NA NA NA NA NA NA NA NA NA NA NA NA NA NA -0.596191710779452 -0.437657672941624 -0.453582861157199 -0.407098749002648 -0.289112191121449 -0.326945642265695 -0.410141359400585 -0.482857146548062 -0.47124875055284 -0.455450931064555 -0.423052307500998 -0.428697734837679 -0.378436033513348 -0.356142701299065 -0.340043707673888 -0.323003872200085 -0.306233277355648 -0.29655836349285 -0.303607426712835 -0.277027237828248 -0.228535402115792 -0.18225908510613 -0.2257705353089 -0.290472738908862 -0.331750102907065 -0.38790023993769 -0.451138758743495 -0.477500298624796 -0.504486603601083 -0.513719842459268 -0.499434087611393 -0.484177039719433 -0.430206516119783 -0.392969534990454 -0.347053292778731 -0.31343770046676 -0.295012498835178 -0.288700860072839 -0.319687132011432 -0.329745022337412 -0.317089212731532 -0.315268025650095 -0.324442262558485 -0.333626572314387 -0.286120614726867 -0.279495261894535 -0.263067052027479 -0.239111862620077 -0.190331305003233 -0.174913934239074 -0.134506935606748 -0.131959532040077 -0.0777951769661814 -0.12338975149181 -0.140662423587588 -0.226424964241791 -0.268714653487025 -0.312733336917559 -0.31295034069317 -0.311314535279815 -0.291288843976711 -0.253583477023635 -0.129550779147468 -0.115259207400388 NA NA NA NA NA NA NA NA NA NA NA NA NA NA NA NA NA NA
NA NA NA NA NA NA NA NA NA NA NA NA NA NA NA NA NA NA -0.643213506458779 -0.644303988715876 -0.647532861854425 -0.528062545899177 -0.329032085073626 -0.346289807356836 -0.490859758332965 -0.498488432473285 -0.471934217487752 -0.442403442872437 -0.39614616156454 -0.350113297541075 -0.325667063833746 -0.374176237686013 -0.331623453105232 -0.309029354855157 -0.265323071298874 -0.27992942328702 -0.306852591673996 -0.276624806015617 -0.192301736916374 -0.133341443012544 -0.166320238405666 -0.246123903256211 -0.317491536756059 -0.396534042992983 -0.432435569458386 -0.480486917874771 -0.496066373246207 -0.504991155129689 -0.48748657579902 -0.448449067794255 -0.398225637187187 -0.343936278464989 -0.320418480051614 -0.318599753189403 -0.330398102149974 -0.31934096214959 -0.310553596328453 -0.307615235057489 -0.300953574782858 -0.280282547711499 -0.283178429696819 -0.290497744557109 -0.250000249770923 -0.259917437284468 -0.256763984178018 -0.253518614758142 -0.234897173412207 -0.132997150874824 -0.14084387423025 -0.0606630016552475 -0.0762295766006408 -0.107091943957558 -0.156826486196178 -0.209432601776188 -0.2512911431782 -0.298914415952079 -0.299639093656593 -0.308134213700086 -0.279408594206057 -0.293417645049128 -0.158581894274708 -0.0763374782135474 -0.159185474692894 NA NA NA NA NA NA NA NA NA NA NA NA NA NA NA NA NA
NA NA NA NA NA NA NA NA NA NA NA NA NA NA NA NA NA -0.70254748227725 -0.55272093539961 -0.756482300688504 -0.799046078429301 -0.650926991123943 -0.397015534207012 -0.419501227484226 -0.463936131245021 -0.526045341967372 -0.511256996066285 -0.450158013396086 -0.399725963140849 -0.381312918888959 -0.358475510075014 -0.356430107486751 -0.284501169561504 -0.254548580972315 -0.249505730104368 -0.279589839264583 -0.277066089082728 -0.258119829186772 -0.181491358361742 -0.113843095000851 -0.108569904815857 -0.150574725528504 -0.240904911259719 -0.339433019525534 -0.402184949296856 -0.43512294061261 -0.456326499944794 -0.49107161693861 -0.47664147972992 -0.435409527456083 -0.390108506415542 -0.342480730809429 -0.327194366970942 -0.329205640394026 -0.359807165866626 -0.371140597536939 -0.359733016935104 -0.362077898470736 -0.324490539566486 -0.278501223690304 -0.282313623183087 -0.26754610233676 -0.223962406498631 -0.253953307051227 -0.265656636769428 -0.285393552255441 -0.22986814653973 -0.0697927433774591 -0.0757736748447421 -0.0753468904100565 -0.103295648886318 -0.125432437473613 -0.213379680387978 -0.235812246029851 -0.268274912363036 -0.30311922988911 -0.277137910159003 -0.294475267945039 -0.286142643860086 -0.298300742815467 -0.2282579189223 -0.16248907641029 -0.139203050464118 0.0231617018793469 NA NA NA NA NA NA NA NA NA NA NA NA NA NA NA NA
NA NA NA NA NA NA NA NA NA NA NA NA NA NA NA NA NA -0.428431553966836 -0.480577549020855 -0.732904312508492 -0.725665105601543 -0.618802963464243 -0.499457718622513 -0.448734566007264 -0.470698935299836 -0.538179012846595 -0.556487087925767 -0.523392191072812 -0.467008790537735 -0.406284631808418 -0.41812974834998 -0.326753453667228 -0.238681171540017 -0.227360492197567 -0.225577558780245 -0.24748289220771 -0.273272957056544 -0.236651769546349 -0.161923000420388 -0.107740350205758 -0.0515060362861882 -0.080056560873258 -0.165735705622257 -0.272085458202185 -0.303385779499134 -0.382727952826434 -0.434431718925912 -0.480311242392077 -0.47312037267324 -0.435761874315312 -0.399666087870712 -0.362816274914117 -0.367866998468955 -0.403481884813891 -0.388050910071667 -0.383519489268471 -0.391853149727683 -0.373466888645936 -0.347696721276414 -0.319763312599959 -0.317494082192241 -0.23893542068003 -0.214743118623404 -0.232078571423301 -0.269744696022511 -0.220028125585217 -0.130300492949548 -0.0884927636373499 -0.109510295443687 -0.106531580621784 -0.115012867866169 -0.186745452272118 -0.225737985195162 -0.23892196546647 -0.252631874229521 -0.277174852813351 -0.273288423031821 -0.280835768244393 -0.268986894206639 -0.267293436852884 -0.247078262667088 -0.163561331043877 -0.12810248755252 -0.134653027707086 NA NA NA NA NA NA NA NA NA NA NA NA NA NA NA NA
NA NA NA NA NA NA NA NA NA NA NA NA NA NA NA NA NA -0.410309896697389 -0.461942384545552 -0.65028344964209 -0.652079977600719 -0.574580241898152 -0.468920550007757 -0.448924431954404 -0.493188561811911 -0.557381402727694 -0.597359634214685 -0.581309010931546 -0.55346234120855 -0.460010522925815 -0.450248196314206 -0.295868375667693 -0.22979752074676 -0.197739828872892 -0.208981220006857 -0.23101808893477 -0.261877881885997 -0.202805610961556 -0.123169038801173 -0.055332189121922 0.00241295758756575 -0.0399569750125164 -0.0504453022530239 -0.123819588984704 -0.184099682316395 -0.271215143711373 -0.362243141263785 -0.427824019153833 -0.43958496576741 -0.426925902944683 -0.404516074443093 -0.403296645622752 -0.39537686558869 -0.410242046577885 -0.38823266979155 -0.372323507620534 -0.392439777366523 -0.432237118300198 -0.417900628921451 -0.392885417142768 -0.390755141762116 -0.244635752094262 -0.234178907975676 -0.229288798377282 -0.26001961158407 -0.175296837044209 -0.162124645861357 -0.109088098941419 -0.129181410930993 -0.135018566899068 -0.159084982145693 -0.200349044210145 -0.240517318879186 -0.244984751614856 -0.25031385372899 -0.240761037646161 -0.243394534214816 -0.241491029505777 -0.230787896361371 -0.239637665576368 -0.3001196859092 -0.225627735037472 -0.0991323673855464 -0.121216691975842 NA NA NA NA NA NA NA NA NA NA NA NA NA NA NA NA
NA NA NA NA NA NA NA NA NA NA NA NA NA NA NA NA -0.63772631799378 -0.255157778627978 -0.473937299697198 -0.598099316507842 -0.611924525464003 -0.577895079492799 -0.465116473290542 -0.443886082368752 -0.497800217142181 -0.561857542924392 -0.633883840985759 -0.631143539300324 -0.59581721018207 -0.499132532470399 -0.396148239670583 -0.255121665072557 -0.236686082290181 -0.21701086786644 -0.247342391249441 -0.252254888928959 -0.28072969199405 -0.214672531082059 -0.147883356884998 -0.0920277657540586 -0.020910851351094 0.0000208983060540344 0.0311023140033741 -0.0128101617699777 -0.0553747089673612 -0.143157251440794 -0.242771805089942 -0.364246983307025 -0.425046898718922 -0.401063862249464 -0.393059613975629 -0.387025355674263 -0.38456770745136 -0.389043243657198 -0.361859715976012 -0.353215308983512 -0.435082986343694 -0.461951362611036 -0.475368285851302 -0.429614573576156 -0.407844407714027 -0.362583517707117 -0.319029657945893 -0.264952697206842 -0.173505761843738 -0.194765836089562 -0.183237360425951 -0.129176594803713 -0.152318727812978 -0.161587969957023 -0.161725846125047 -0.19708217227516 -0.242015541646702 -0.263420222236457 -0.263130595147626 -0.271691738638711 -0.244081227247269 -0.245499089692602 -0.231443168757715 -0.226064213447084 -0.303625841451864 -0.258413293062607 -0.0676982490456904 -0.107833046330099 NA NA NA NA NA NA NA NA NA NA NA NA NA NA NA NA
NA NA NA NA NA NA NA NA NA NA NA NA NA NA NA NA -0.543069850677744 -0.207439848816385 -0.463240532837909 -0.529980531942454 -0.591160203224981 -0.574149804844994 -0.503777659338871 -0.484219683062438 -0.543678722641764 -0.5768545061764 -0.639105165235129 -0.617208663827015 -0.592080129517559 -0.477988395201196 -0.305402238595762 -0.260595402205524 -0.296352869629528 -0.301966750962419 -0.31068441630399 -0.298543389754805 -0.313557999547375 -0.264822144375716 -0.23967992130704 -0.215929769807252 -0.0753002403281714 -0.0280623491428171 0.038280347936768 0.0581713337169936 0.0217662465196156 -0.0479434756952821 -0.109799914518156 -0.163810711200233 -0.232730191411436 -0.255833616355695 -0.308311648172047 -0.33498994908229 -0.345127185437713 -0.325250405444359 -0.351646487881636 -0.34195384045965 -0.421759583658258 -0.466043732474141 -0.449820192835241 -0.462717109289113 -0.43298342649724 -0.413271787562044 -0.400918913895571 -0.353870615952928 -0.284186221817014 -0.280922963390711 -0.272917171329976 -0.161699962213209 -0.153680908662422 -0.151829922185599 -0.158172779408295 -0.236979974232561 -0.278719024819679 -0.300085929013182 -0.310825337431421 -0.297099559352853 -0.272837936205318 -0.24899410012613 -0.234210579947324 -0.229710298005142 -0.293565041501534 -0.226325455200016 -0.0409764622181448 -0.0408831522190241 0.018549705647772 NA NA NA NA NA NA NA NA NA NA NA NA NA NA NA
NA NA NA NA NA NA NA NA NA NA NA NA NA NA NA NA -0.607770945381239 -0.222021560084165 -0.383576500042412 -0.4568516940339 -0.566680355857411 -0.556158339040528 -0.556152403682915 -0.569562353399343 -0.593218073836827 -0.595331652589348 -0.646905009041028 -0.61958186116309 -0.54682280626145 -0.441329550367282 -0.340848344007738 -0.295207334727577 -0.310821366705688 -0.373618695973845 -0.367640434919095 -0.36905935708208 -0.339177358781058 -0.32951602856566 -0.341437497919477 -0.31511220121679 -0.230955904693338 -0.123389440611821 -0.0570684778021833 0.0522130421764067 0.025133606891439 0.0364439255589114 -0.0172778906061695 -0.0497227838439497 -0.0901964798782459 -0.156575954118946 -0.213377980097734 -0.263473607742325 -0.297417738753157 -0.314814032266185 -0.275338479039778 -0.304389316543998 -0.377184715084266 -0.413046993170831 -0.439239008271016 -0.473652528311135 -0.472610789841565 -0.488435300924385 -0.471133681536639 -0.362589795805854 -0.388041367420302 -0.363395933219803 -0.342536480547048 -0.255732601165192 -0.239775179232682 -0.235519972579791 -0.241535939950363 -0.267191611410896 -0.293154824881216 -0.326324905860762 -0.322895698974036 -0.309858424362535 -0.291841994436521 -0.279976795532495 -0.251290903569104 -0.227315662838733 -0.275374493767855 -0.202248338653786 -0.0415616407722553 -0.0738527476302914 -0.0495975382657531 NA NA NA NA NA NA NA NA NA NA NA NA NA NA NA
NA NA NA NA NA NA NA NA NA NA NA NA NA NA NA NA -0.664888256477818 -0.30868351714113 -0.371022665300237 -0.435005920462859 -0.542845577020229 -0.581324524011203 -0.585088136745915 -0.63890318900335 -0.648002284843794 -0.663123468494433 -0.681543535642411 -0.659233219575902 -0.595574883611857 -0.577271571566439 -0.529470439571498 -0.419664181950752 -0.413720661636768 -0.438776605361985 -0.408514324022156 -0.429303690686189 -0.392612747136527 -0.391407759721282 -0.400730178291598 -0.374615445438317 -0.3558027024786 -0.282121856623792 -0.196630251642337 -0.0803111546425884 0.00298979283651568 0.0350775212954721 0.0194863221844385 0.00779725674167929 -0.0130669225404114 -0.082593085152397 -0.151330191037961 -0.233947152282446 -0.260572814071714 -0.268567723655531 -0.249296213514112 -0.266725322374506 -0.252101953805911 -0.334915112881171 -0.406614129820161 -0.477282356291741 -0.500919116749935 -0.511886129587757 -0.531138843437418 -0.429998768521591 -0.428806447296598 -0.393276747186119 -0.360787035931148 -0.276151050192127 -0.260091498960806 -0.25718906201243 -0.261184805777094 -0.28227912389522 -0.311744561016483 -0.334488470402036 -0.324106773243062 -0.317843680226395 -0.310488337649823 -0.305508919838581 -0.26450372645483 -0.197390835498821 -0.263243234301479 -0.17160084547742 -0.0666539949774758 -0.0756749824541033 -0.0375419209611206 NA NA NA NA NA NA NA NA NA NA NA NA NA NA NA
NA NA NA NA NA NA NA NA NA NA NA NA NA NA NA NA -0.559938854774311 -0.349154974807732 -0.347869508264154 -0.391564433488641 -0.543186439784969 -0.594024782832132 -0.597117550570355 -0.603647407557873 -0.671719551352635 -0.677660776738348 -0.69293745660887 -0.672056222455989 -0.680913413186485 -0.653517353160082 -0.523060792465129 -0.499720505392549 -0.517580707792835 -0.499216067554679 -0.509243993256972 -0.47587134153232 -0.449062264585642 -0.460340430730282 -0.469302725963347 -0.45360031878963 -0.41991988309648 -0.353643648995988 -0.261130676263417 -0.220928284227006 -0.14406827758726 -0.0480607930266045 -0.0184356066860045 0.0168321531277175 0.0104376918562388 -0.0584744330719699 -0.152545105371616 -0.199118220090771 -0.249888981750755 -0.269485014897427 -0.230511348357363 -0.218064137501351 -0.28880259692262 -0.317391757038944 -0.383737954276466 -0.448130561337257 -0.479782075072746 -0.505007464518412 -0.538281254872811 -0.447523131324939 -0.426005840446183 -0.393210077427442 -0.362513529290428 -0.291867704289616 -0.291212861363305 -0.277404639844909 -0.279461998350398 -0.301254537462679 -0.323318478545577 -0.338056960014328 -0.342171861435495 -0.332453452278454 -0.323591392067223 -0.315534953975651 -0.271991636009446 -0.204638810554217 -0.270906627636445 -0.23984791404212 -0.212482825163291 -0.0789311051546079 -0.0141615295863583 0.0352667323519793 NA NA NA NA NA NA NA NA NA NA NA NA NA NA
NA NA NA NA NA NA NA NA NA NA NA NA NA NA NA NA -0.616988790775725 -0.407902951498472 -0.378392517264951 -0.355417787141771 -0.506372491787198 -0.583055883996067 -0.578418213614098 -0.635706522914271 -0.703156271420741 -0.681780129241562 -0.634775528832935 -0.651538613052067 -0.679327254748548 -0.643653125100325 -0.585327270778087 -0.597925331202312 -0.609397904408385 -0.594439202769967 -0.60069239332224 -0.544906228768213 -0.51453093325645 -0.516255558768781 -0.525094783628995 -0.502650831584215 -0.469417167512449 -0.405498105928574 -0.348041428925078 -0.315270844746649 -0.259847084986243 -0.134816182105698 -0.0855109946832318 -0.0136144993704276 -0.0323770314186129 -0.0417918390230326 -0.121712174220817 -0.166619285045755 -0.260182509646062 -0.282297669115333 -0.219459705210568 -0.204552132141675 -0.27489142113031 -0.31790427485623 -0.388602292487296 -0.43385074398696 -0.475029841399448 -0.509271691530576 -0.547070199293795 -0.451272023686512 -0.417273242144515 -0.402387226061621 -0.372899320772674 -0.314955074475219 -0.317558034579307 -0.313486976410763 -0.315291335369128 -0.327506590282625 -0.340304054332147 -0.346694556863236 -0.365874543802834 -0.343083578286128 -0.339490120172792 -0.332198031462866 -0.29713498094455 -0.239645059132712 -0.266355687179146 -0.280129642654475 -0.278495138745009 -0.172892971549289 -0.0210555114205128 0.0792443568355364 NA NA NA NA NA NA NA NA NA NA NA NA NA NA
NA NA NA NA NA NA NA NA NA NA NA NA NA NA NA NA -0.615394558657558 -0.43814404215693 -0.384122238263925 -0.378077478043404 -0.381023776784454 -0.470002470043571 -0.614239492958969 -0.613335113103876 -0.672165178348284 -0.621548520986748 -0.621787257924547 -0.666520610681873 -0.679166160695936 -0.686213523290381 -0.70655488300793 -0.716422946501625 -0.659067216309436 -0.665782275827188 -0.635317445169128 -0.576187215521937 -0.547249625526651 -0.532142612547795 -0.527000553006894 -0.53362898704442 -0.503766122692944 -0.442151516007332 -0.405079852178793 -0.387739582806807 -0.355622527100443 -0.266334163656444 -0.16617784127002 -0.119176692856827 -0.128682705236666 -0.12611234773751 -0.177686581769807 -0.189477980599344 -0.301153692591851 -0.308168109646825 -0.293541087934774 -0.277884618016278 -0.295301693450289 -0.384546976118373 -0.408488692947454 -0.451570031736488 -0.485833355801573 -0.511047827363262 -0.547821808292339 -0.44858392595462 -0.424023096460609 -0.410651965776797 -0.338333335393143 -0.33193269201465 -0.339748438165139 -0.336388651316374 -0.347468594412353 -0.351104524711025 -0.365332912842843 -0.372377835695917 -0.362051091765363 -0.356708417692853 -0.365653138490978 -0.345732942331592 -0.31509095110843 -0.281738023683173 -0.251699356812431 -0.324670481223967 -0.328566125179666 -0.221588925264082 -0.0440713343268652 0.0620715729949781 NA NA NA NA NA NA NA NA NA NA NA NA NA NA
NA NA NA NA NA NA NA NA NA NA NA NA NA NA NA NA -0.561267251352287 -0.522769913462777 -0.389292418748303 -0.283366185028976 -0.30170013609157 -0.373521897641475 -0.444737227934456 -0.599132078489974 -0.610901856537478 -0.643691825701662 -0.647680308845757 -0.669710099599208 -0.732831053479574 -0.715381879003818 -0.752729892019343 -0.712406666430116 -0.681073410239222 -0.690805261257207 -0.645406483422838 -0.601260884998786 -0.519366993211534 -0.484102972856364 -0.499108223457006 -0.51927997278976 -0.495050503254326 -0.461393976079608 -0.449732716288449 -0.41035409119863 -0.361299512861515 -0.315679974327838 -0.281047096961736 -0.235589845889088 -0.200173310248988 -0.221739948283128 -0.209024623394296 -0.286015572246127 -0.35322051319649 -0.319438303813599 -0.312070597367102 -0.332530092464111 -0.355612824468338 -0.427222341236405 -0.433084614026076 -0.471404073742944 -0.488299611377902 -0.52823971893884 -0.54249631667098 -0.436192610963902 -0.425395883566754 -0.415315477633922 -0.340797806988351 -0.338621580167772 -0.361943848594442 -0.358662922137549 -0.369677718206187 -0.37262126268263 -0.384147018090575 -0.37287400688582 -0.357837488690204 -0.380638539665544 -0.379758522942592 -0.367806920373472 -0.339500129943228 -0.310488308219338 -0.277770415091009 -0.336865816915291 -0.343902017962745 -0.216218655089866 -0.104689372732477 0.0611149080326415 NA NA NA NA NA NA NA NA NA NA NA NA NA NA
NA NA NA NA NA NA NA NA NA NA NA NA NA NA NA NA -0.53965802698645 -0.47932643277043 -0.362318511635189 -0.182801538862771 -0.261969714641005 -0.25851298619517 -0.381689192498779 -0.468463601831351 -0.497995882769991 -0.596151171733296 -0.668399172960041 -0.733147791016768 -0.722682698031736 -0.654908189013082 -0.663562577143593 -0.626173999348801 -0.641779481311227 -0.665905491849112 -0.660787414909571 -0.602135570236982 -0.527122247329247 -0.497900043583633 -0.536014934687287 -0.531086303127289 -0.518367307957593 -0.485667161303003 -0.469199974143159 -0.415780325488956 -0.368691424369233 -0.353475958462862 -0.332928992930188 -0.317832471763609 -0.256543939763635 -0.266349036686976 -0.275318299260211 -0.327269162046503 -0.326110412651719 -0.372299359885475 -0.358474502861444 -0.378754060653132 -0.391753628414246 -0.416956259034099 -0.431053419065077 -0.478124215543377 -0.49932031001703 -0.515214158432342 -0.529576596435069 -0.426623628652553 -0.430043372342927 -0.418977734299887 -0.345347147510048 -0.33694664784367 -0.372873782425037 -0.37323853952251 -0.370158610852312 -0.393588472686604 -0.400525309711787 -0.392342644747949 -0.377692463127044 -0.395434886214099 -0.387010662422408 -0.390629094133124 -0.372226795567639 -0.321872953385521 -0.269870986178507 -0.275039801458355 -0.359012399522566 -0.249820954513522 -0.140541096280164 NA NA NA NA NA NA NA NA NA NA NA NA NA NA NA
NA NA NA NA NA NA NA NA NA NA NA NA NA NA NA NA NA -0.492308557759696 -0.305806947820066 -0.254340319126913 -0.308287295304064 -0.260727145435581 -0.262626619404788 -0.308923399993938 -0.463408245559837 -0.648548338300451 -0.73364928492907 -0.780146406566967 -0.750092813051728 -0.717129878631772 -0.615794976444166 -0.590467004559283 -0.610187727263912 -0.66468630734628 -0.667858826346679 -0.607760910747156 -0.586665280141237 -0.57377099649232 -0.558430858530172 -0.56181946128313 -0.531354601763066 -0.523614639915246 -0.458258878765482 -0.425285316138776 -0.351497527482979 -0.351910519564576 -0.320961058310212 -0.341512597020308 -0.281612603723927 -0.278942274769232 -0.292818623319875 -0.333320364510238 -0.351696188186031 -0.395875105006262 -0.41523972414864 -0.400176395131501 -0.39017003437711 -0.376194046784062 -0.445620405425224 -0.46947871063521 -0.494333564477578 -0.505707663838505 -0.501200299018017 -0.420781666768552 -0.426850274072597 -0.408824522543607 -0.394066156320231 -0.328817824423117 -0.359504356225945 -0.375974783184552 -0.389136728216027 -0.395429867376547 -0.405411981807464 -0.404822281783615 -0.393760237509565 -0.41558008118075 -0.409937131798544 -0.417072640839658 -0.380242381876854 -0.293333092594025 -0.286271870155268 -0.281938917759314 -0.346850074978642 -0.277231264950525 -0.145163935552269 NA NA NA NA NA NA NA NA NA NA NA NA NA NA NA
NA NA NA NA NA NA NA NA NA NA NA NA NA NA NA NA NA -0.488086218753275 -0.438293772653439 -0.273053049635756 -0.268816555146061 -0.3154460339783 -0.268835812595459 -0.226236915065202 -0.437315674221242 -0.637790314113709 -0.675870205737546 -0.753062161569941 -0.755558322984017 -0.716783021803787 -0.619319985011901 -0.572790969047323 -0.638034308988211 -0.668913989211284 -0.664606695128002 -0.636470287117855 -0.61477515569602 -0.576602735786286 -0.559605703308183 -0.550873524834103 -0.535970609043005 -0.536146218205169 -0.486992217547787 -0.410541005263696 -0.376747335859521 -0.363542850550552 -0.339479214340986 -0.325751964349273 -0.280906929728589 -0.286029114900855 -0.318177386436165 -0.339999008131406 -0.373404444257613 -0.421228134859855 -0.41978186569475 -0.386455641824522 -0.380937293081424 -0.363974449018777 -0.417919376776917 -0.450706653822589 -0.460626738297916 -0.480943908711397 -0.436351308941149 -0.413679132591746 -0.420634735221058 -0.402313191609583 -0.388967015007701 -0.326979606767886 -0.334780746088556 -0.335094385452746 -0.350388719994193 -0.387827182365099 -0.400641955778122 -0.386664293377966 -0.371746956167175 -0.378283385472754 -0.403967800840526 -0.413211755452593 -0.388870424836238 -0.341163184033712 -0.35728137725531 -0.339659320249832 -0.385669665377058 -0.343226603660233 -0.261176615321578 NA NA NA NA NA NA NA NA NA NA NA NA NA NA NA
NA NA NA NA NA NA NA NA NA NA NA NA NA NA NA NA NA -0.484129865368694 -0.480905738057328 -0.27850470495968 -0.245626266708282 -0.124365061090654 -0.136120824891529 -0.0896331886359626 -0.274625470813714 -0.482613503153706 -0.596774892080695 -0.702569231338148 -0.732822533889076 -0.675187303625684 -0.627329079436497 -0.590778654209705 -0.636515019092396 -0.636915158621337 -0.635688749029689 -0.596500940086792 -0.596361104253847 -0.56063610407172 -0.551668685454681 -0.542053123274089 -0.531243498867758 -0.538087779077524 -0.521066834929606 -0.446547668117239 -0.397907359900626 -0.386910558438744 -0.332598607551625 -0.311780507684868 -0.31892132454101 -0.317997187410775 -0.33774883306997 -0.351682224736165 -0.390382699029536 -0.427156012816467 -0.397723928646155 -0.391291679054656 -0.359499568047955 -0.318682949059031 -0.375872845798495 -0.410767046494295 -0.444001342019082 -0.466098310269616 -0.496464235976125 -0.407694789858566 -0.408103565021882 -0.395711339001617 -0.395801214769279 -0.38357838660935 -0.36893699641355 -0.316308507758801 -0.338474684064622 -0.383129693449662 -0.410096092001687 -0.392524062768388 -0.362794679244429 -0.352088155090672 -0.367466478885131 -0.374072291864233 -0.354130474352176 -0.316115604666754 -0.342827586416839 -0.36509417335298 -0.411628775187082 -0.338513872810609 -0.313087218915768 NA NA NA NA NA NA NA NA NA NA NA NA NA NA NA
NA NA NA NA NA NA NA NA NA NA NA NA NA NA NA NA NA -0.602789549926104 -0.478221870660021 -0.336583837163277 -0.139597758852566 -0.0231457832745303 -0.108788023395849 -0.113420433093608 -0.257273410604509 -0.402098596304483 -0.446004799902431 -0.62888787157281 -0.692248825084052 -0.668230521957766 -0.58613022675362 -0.573265246391706 -0.609866904559477 -0.583322504221137 -0.572344446092346 -0.548892016917988 -0.553078855697645 -0.543650177512644 -0.541752067490582 -0.532714149994646 -0.54147929615742 -0.542465591335475 -0.527828688465726 -0.464363812576014 -0.421184066422132 -0.408110306856959 -0.343104779509141 -0.291899326478329 -0.291153202524928 -0.284910954179248 -0.313396816842575 -0.30106521239938 -0.355661869270486 -0.399021654334152 -0.369286814368987 -0.366710541838282 -0.323408961404558 -0.31042297420019 -0.32629650885437 -0.364066775260089 -0.419040896474402 -0.441218085834422 -0.490819374968958 -0.500932351182367 -0.424059495061955 -0.394386117194844 -0.379171985404204 -0.348704994275505 -0.333485442109963 -0.311864255178139 -0.32857102143559 -0.388659100157908 -0.384099108762115 -0.352975144956307 -0.338352905245768 -0.305406328458036 -0.306654996173597 -0.335401814987027 -0.31664103059647 -0.323605633260017 -0.329308112011188 -0.326378914127169 -0.30121349455959 -0.286566324001116 -0.326663621799171 NA NA NA NA NA NA NA NA NA NA NA NA NA NA NA
NA NA NA NA NA NA NA NA NA NA NA NA NA NA NA NA NA -0.658970700390683 -0.617427477857136 -0.387074189232571 0.00352020217364362 0.0143914593594795 -0.109826327353272 -0.226996701724125 -0.291422457704782 -0.406960066982468 -0.466394792078968 -0.57706876302461 -0.645907026467759 -0.64734091130593 -0.613616567137377 -0.570548570955125 -0.56668950979483 -0.553251896111166 -0.554532680474834 -0.544430848212297 -0.553620342447484 -0.525439484538293 -0.52686922710059 -0.544111594150338 -0.550228662205018 -0.556228466849474 -0.514612124137722 -0.4756751998325 -0.431053653952309 -0.396633323364215 -0.28989932407589 -0.244864140212705 -0.209698596993081 -0.208485925794851 -0.2422227281405 -0.255019230914478 -0.305822185220575 -0.335806649574359 -0.309732044234753 -0.280391377653262 -0.264974359423049 -0.260782780542187 -0.299307683154784 -0.339565054186883 -0.387338067194336 -0.43033659807357 -0.460848392888478 -0.49801079809863 -0.521621863817349 -0.407316087181277 -0.38328023663662 -0.362458981703774 -0.340525638109336 -0.324424999035113 -0.357039501526214 -0.371792485040475 -0.343015713184993 -0.342031739857874 -0.332872436498956 -0.311675618097973 -0.28368262178966 -0.299948088606938 -0.256998300255512 -0.217985591576865 -0.260411389827106 -0.321469899602033 -0.273255858073355 -0.28106928335214 -0.273619803247191 NA NA NA NA NA NA NA NA NA NA NA NA NA NA NA
NA NA NA NA NA NA NA NA NA NA NA NA NA NA NA NA NA -0.745205802046654 -0.618459366658473 -0.136727601685232 -0.00622015948367617 -0.0433777671050778 -0.134847652840797 -0.295807494579063 -0.323687649190886 -0.440742024090781 -0.471587338852686 -0.563014105600302 -0.642228190534476 -0.676318545136734 -0.667432137718948 -0.628043705057902 -0.602841799250807 -0.577086587015634 -0.582277433472144 -0.557856253890003 -0.562858323112496 -0.563198570084991 -0.553283201119586 -0.554761587506828 -0.566638839947637 -0.569236115224951 -0.498178765223541 -0.437814915119996 -0.407395943054904 -0.338820573499534 -0.232558792278984 -0.145420065282138 -0.133696135661758 -0.123915390970733 -0.161560527230105 -0.179751620526488 -0.287272722668523 -0.279421604291485 -0.234936245366673 -0.23526397966421 -0.186095515878671 -0.200323321508889 -0.268460702529504 -0.328472566067882 -0.368057721071796 -0.411515658178081 -0.453610861773953 -0.481557202171893 -0.518306858014007 -0.451932858173691 -0.379241332597951 -0.380106578326392 -0.386815389431898 -0.396317868061832 -0.33012848775961 -0.317868455430088 -0.300246789287156 -0.295256459491195 -0.295997806637052 -0.279277058776301 -0.277369595441104 -0.248733050291835 -0.18059596059055 -0.210313022715491 -0.224182493236329 -0.272417321433292 -0.244725265208948 -0.259978562126499 -0.239251428903279 -0.0689284068162674 NA NA NA NA NA NA NA NA NA NA NA NA NA NA
NA NA NA NA NA NA NA NA NA NA NA NA NA NA NA NA -0.726204422977178 -0.67408742921513 -0.463497357675714 -0.010128589316033 0.0702758463827597 0.0145520660701786 -0.0642775935984681 -0.235164365812505 -0.348112040818796 -0.470194223283258 -0.518607563383107 -0.585468226574019 -0.631958133033509 -0.720227981522026 -0.725016791525314 -0.716834506232628 -0.624340625045643 -0.597531655789472 -0.580070443596552 -0.571810411462297 -0.585036509695189 -0.59327092327227 -0.570873465646066 -0.560186829977221 -0.574908224111584 -0.543766996363414 -0.4842085011291 -0.414345777551153 -0.294756768930437 -0.214887478163996 -0.141843693765813 -0.104100574266808 -0.0532942742233514 -0.0270158982194497 -0.0483781281220085 -0.123073503408462 -0.204740553367941 -0.242060786565065 -0.222415165225878 -0.187466570711068 -0.164774158147093 -0.191040184961411 -0.267132954666661 -0.338038288341482 -0.366276389200677 -0.41305102373491 -0.450002628273566 -0.489226156597326 -0.503753702400302 -0.491391970612341 -0.3898883846655 -0.365931324520702 -0.397018066651236 -0.392949869600382 -0.366206130919026 -0.289088792476045 -0.253902408876929 -0.256621963682008 -0.25915621275646 -0.251846713051208 -0.237118437344739 -0.214604793200697 -0.183488449182982 -0.237659386516477 -0.254402628206957 -0.25771337548915 -0.247435087990364 -0.214646198416441 -0.103785745038531 -0.0446080529617669 NA NA NA NA NA NA NA NA NA NA NA NA NA NA
NA NA NA NA NA NA NA NA NA NA NA NA NA NA NA NA -0.707082993155412 -0.596231209580916 -0.378011657476114 -0.0167670137482938 -0.07519331212172 -0.125603089000818 -0.149613493926556 -0.288499911775588 -0.432274758805621 -0.533892226473455 -0.542255070525337 -0.572329877781275 -0.634280752071828 -0.71237447985639 -0.763655846785268 -0.737482616893682 -0.604210487742174 -0.569533136335069 -0.550027470170647 -0.554710965156254 -0.578243508082543 -0.569224734020675 -0.546849581852307 -0.532047228738567 -0.519193647721641 -0.484328829431202 -0.409931485874358 -0.313480538659356 -0.191511430052539 -0.0636429957944117 -0.000873991737822153 0.0418413324041478 0.0493946237503115 0.0848538967235484 0.00864623687837611 -0.0884958121917259 -0.184244832658148 -0.215717563976075 -0.223575256946803 -0.169869671066526 -0.160301236372196 -0.241522727507455 -0.312310190557839 -0.397148702666028 -0.404481991642098 -0.449981535384208 -0.467137463310113 -0.500068473328091 -0.502882253792241 -0.470361294454368 -0.391347834058145 -0.374109712081406 -0.366874302459674 -0.376820249076539 -0.384017584374572 -0.332868633882484 -0.253649829633339 -0.252413900296843 -0.246030547279723 -0.254037911217602 -0.234437876090762 -0.238830052885962 -0.262082032186546 -0.30640495704503 -0.3118397377314 -0.279320296824228 -0.237639775385641 -0.148742809476327 -0.0391125868484976 NA NA NA NA NA NA NA NA NA NA NA NA NA NA NA
NA NA NA NA NA NA NA NA NA NA NA NA NA NA NA NA -0.64230157209545 -0.474963667090042 -0.255096072753726 -0.164082485327525 -0.285613298725152 -0.288688415476455 -0.32367692350785 -0.411673230815449 -0.490647976274117 -0.566525002377953 -0.564870951179535 -0.527947680221018 -0.614033728581388 -0.663309220436427 -0.689317547526114 -0.664669426885247 -0.595682241863811 -0.506823490726434 -0.521923873947689 -0.510826724233695 -0.527597921596832 -0.508697796190886 -0.463835786323245 -0.462850333359063 -0.418957767553413 -0.356229799812766 -0.247223181989031 -0.145894232840037 -0.0906242940081808 0.0241228487930938 0.058101438799924 0.0893991595536031 0.0600258295304848 0.089949781647494 0.00433752467002312 -0.108509056730698 -0.186592860782831 -0.197705756072944 -0.193819010811403 -0.197885144947899 -0.244264954890801 -0.305414945332895 -0.395120559699511 -0.43405930827351 -0.447474823215507 -0.47172249583618 -0.489322150132286 -0.516771758834245 -0.501750602334775 -0.432969960577411 -0.38483479659402 -0.358163045926015 -0.344787534958675 -0.351014801165238 -0.37803852261944 -0.377575153032324 -0.262354630120388 -0.276527963159561 -0.279361423032413 -0.291447128037099 -0.274822640927887 -0.256213438749379 -0.321401783414625 -0.331997570345929 -0.315045734792551 -0.300972862836864 -0.23177026234347 -0.093410081560427 -0.034901409823099 NA NA NA NA NA NA NA NA NA NA NA NA NA NA NA
NA NA NA NA NA NA NA NA NA NA NA NA NA NA NA NA -0.550758668700652 -0.443507860397038 -0.298961198065022 -0.240949045211303 -0.39901047672441 -0.411566500973045 -0.409904293241849 -0.464948945307935 -0.528333525649495 -0.529623842347497 -0.518155647745303 -0.49513762924463 -0.498152289308402 -0.566621810234019 -0.571946151296047 -0.552043269603284 -0.491259019432942 -0.474179653130888 -0.478555963389665 -0.481822622709057 -0.467338090098323 -0.434775251223007 -0.385762837402829 -0.346124215391625 -0.294499905372007 -0.22319504296629 -0.0980645840694854 0.00374728396385684 -0.0024765474783828 0.0408425593198955 0.038615912318743 0.0760213468118899 0.00302338278727032 -0.000821493570116068 -0.100342064062248 -0.147580475862392 -0.200773663609703 -0.268282670914099 -0.261723326148643 -0.309697932753983 -0.343847233279703 -0.430779990027928 -0.462028687992115 -0.418496859083772 -0.40526333293784 -0.37198743492866 -0.394545128359887 -0.411839415650707 -0.421106146943754 -0.413813311626248 -0.393633883977928 -0.358234537811743 -0.319850326864468 -0.325665243897932 -0.358407604984792 -0.402025620327203 -0.386457143033876 -0.304220492104086 -0.306183402399838 -0.302688847703504 -0.293003219708319 -0.302365641197263 -0.335269772055934 -0.32617405760628 -0.319218482187393 -0.271944866669735 -0.216617310312797 -0.124737177613318 NA NA NA NA NA NA NA NA NA NA NA NA NA NA NA NA
NA NA NA NA NA NA NA NA NA NA NA NA NA NA NA NA -0.544492383781642 -0.465475854911836 -0.320164920290175 -0.415820952938647 -0.42474773576214 -0.498804549615342 -0.465999125816741 -0.489464233946289 -0.548417129297256 -0.511219481394987 -0.434034146512303 -0.435586704182212 -0.468952917618892 -0.491404233872722 -0.517731509182652 -0.506636425843512 -0.426197136343526 -0.44491845682157 -0.454143761213309 -0.450976110067956 -0.403030766789934 -0.364857777545352 -0.315882970977375 -0.273195794805344 -0.199552373022866 -0.100530169700778 0.0274229318064112 0.0816108880320637 0.0865473922922452 0.0682865781272795 0.0827761137541199 0.00730561282419721 -0.0753540028120163 -0.106645640567965 -0.156360145252392 -0.217358774695377 -0.324980786901745 -0.371707136569598 -0.407593531970363 -0.400895070359829 -0.423171049110891 -0.463832899776109 -0.437392411469298 -0.310727364357853 -0.323451937246868 -0.337417113579361 -0.355007451044555 -0.370241147648284 -0.392913585477153 -0.382611755852318 -0.365981357336518 -0.33046348448119 -0.297411279498733 -0.325882098290999 -0.353018931354717 -0.402137986898039 -0.434446890323893 -0.45618386915528 -0.377930262687958 -0.306465497042393 -0.29159177797845 -0.352310356393884 -0.340172959837743 -0.32011417561931 -0.308565327750143 -0.270271996883392 -0.248856950870231 -0.100684569237933 NA NA NA NA NA NA NA NA NA NA NA NA NA NA NA NA
NA NA NA NA NA NA NA NA NA NA NA NA NA NA NA NA -0.503492815300722 -0.545418442480397 -0.385295120041287 -0.50519110895243 -0.468980786223375 -0.521214524402175 -0.518218469452981 -0.485930434716611 -0.524244017700839 -0.473991479752625 -0.423863388125101 -0.422369127050168 -0.442584507317092 -0.491018612306406 -0.53262384595545 -0.480358015275557 -0.445545883937728 -0.422680731995187 -0.421164239216099 -0.400807487713243 -0.339574046397415 -0.297442870585968 -0.261263427104175 -0.237149200297234 -0.123523189662672 0.00725062972220227 0.128150640748192 0.107027566189472 0.0640291773355012 0.0346964669614044 0.0167123027946077 -0.0586409389550813 -0.124862416761695 -0.183263069007888 -0.209827980083154 -0.294877332629832 -0.345893590396759 -0.381786064400303 -0.407749632877754 -0.410745812892332 -0.409519879332193 -0.413593366662653 -0.357560569917622 -0.276826910424334 -0.266979767651341 -0.275148039914932 -0.285669988051663 -0.295938268980637 -0.321758433511372 -0.32831923683011 -0.313743277449749 -0.292174463792025 -0.27893177326242 -0.302843304097213 -0.361583633732844 -0.392793235290717 -0.436772853383656 -0.448471476971944 -0.461943919324343 -0.441812448216827 -0.295353878389624 -0.357748875129252 -0.336511086172356 -0.319853580775088 -0.294480437599545 -0.272240065465638 -0.230677010890783 -0.0415678618994233 NA NA NA NA NA NA NA NA NA NA NA NA NA NA NA NA
NA NA NA NA NA NA NA NA NA NA NA NA NA NA NA NA NA -0.601882874611268 -0.450850546006809 -0.52132509952357 -0.519513828374359 -0.600774768313687 -0.559786741364158 -0.538199238911028 -0.529320983150052 -0.532533078473228 -0.556584984548479 -0.467328983330036 -0.495160389178072 -0.557242737184309 -0.55578850964577 -0.480927756891852 -0.469763142019198 -0.469183368914076 -0.386591590251375 -0.354245441246943 -0.274543485438745 -0.260259327979252 -0.236163423561881 -0.189931039768818 -0.0681394991545266 0.0342905346332299 0.140187224186736 0.0915939319908436 0.0127963348942775 -0.0696236719447926 -0.110409798002702 -0.143077713351784 -0.189855119527925 -0.214985273601061 -0.225212229085067 -0.322549549926493 -0.337266500683678 -0.351589612637717 -0.344543411436345 -0.356876522556234 -0.364528613454843 -0.354740538843406 -0.303630243790114 -0.237745358272257 -0.212468773417203 -0.194657361884983 -0.209451665646669 -0.231179330484767 -0.259749013556504 -0.268505843019524 -0.250940120899176 -0.233636015732209 -0.244546833975818 -0.283340050530475 -0.355095459150539 -0.391945031698253 -0.425598375014185 -0.43896908372494 -0.445856061755727 -0.437175727924601 -0.388101719421539 -0.354227914976867 -0.339472741334339 -0.310614120717788 -0.282371720391863 -0.26837198388635 -0.157129598747525 0.0326213336028336 NA NA NA NA NA NA NA NA NA NA NA NA NA NA NA NA
NA NA NA NA NA NA NA NA NA NA NA NA NA NA NA NA NA -0.585635329421186 -0.434588892014874 -0.491901408016474 -0.553076951568482 -0.565293502793203 -0.676788823871939 -0.635440578341826 -0.601449576053078 -0.608422610146315 -0.599663836697503 -0.576932376193224 -0.518673698948711 -0.563117198577746 -0.571175552072753 -0.492750236833878 -0.452921661030457 -0.425217966787092 -0.36151646401106 -0.316662105205612 -0.223060405539634 -0.226761547563006 -0.233111573883061 -0.16476713758008 -0.0385092906241489 0.030797888777596 0.0440396375139517 -0.0359351512019139 -0.136571189340512 -0.205745351766271 -0.22765378661905 -0.231149383255911 -0.240899194663065 -0.245650883024772 -0.244474524555068 -0.315901036719436 -0.311949123756953 -0.332796209020782 -0.320687679546181 -0.324068496159142 -0.313123277504023 -0.302423645839637 -0.25277167715256 -0.191579653503088 -0.162679629867296 -0.143260001624668 -0.163329198068039 -0.165434769967934 -0.182538441905694 -0.190494363530404 -0.188065450839129 -0.184034057240429 -0.20948989410968 -0.273710693184475 -0.358998976331181 -0.398499808212209 -0.418300042736851 -0.420729586631532 -0.431222617649629 -0.418885533189022 -0.396923317697304 -0.418708385695467 -0.332904195333119 -0.305921680632027 -0.259660949804771 -0.236230218271659 -0.131953170893417 0.0404125258037608 NA NA NA NA NA NA NA NA NA NA NA NA NA NA NA NA
NA NA NA NA NA NA NA NA NA NA NA NA NA NA NA NA NA -0.593837899218204 -0.39745408754357 -0.442401799477975 -0.54254126361354 -0.581084828057553 -0.656349948493522 -0.647870741075112 -0.662876037985686 -0.649918531927611 -0.65764997067116 -0.640063807921078 -0.578415464760932 -0.573899978876167 -0.581176553146926 -0.526505437579798 -0.458532972061294 -0.383444455392773 -0.311893960073573 -0.253828349325669 -0.232611445419065 -0.252637189436737 -0.238988202759004 -0.17354556050164 -0.0659360221833727 -0.0185433642190458 -0.0657333846645366 -0.16440732356075 -0.242605130424219 -0.288124205698782 -0.308591065970567 -0.265933663718162 -0.266311607553672 -0.254439226420167 -0.256171078467777 -0.31545109441006 -0.304300088982716 -0.320360356493773 -0.295294218935213 -0.293061410443948 -0.274438941568719 -0.272282314753916 -0.213851370236486 -0.144095708100682 -0.130387025306254 -0.113431418525195 -0.0998166649135663 -0.112684754065542 -0.144364989997801 -0.132636868774811 -0.140345669100411 -0.16128243177318 -0.190518571081961 -0.277097794178853 -0.364426608704112 -0.405120099298348 -0.410229411602828 -0.400127192228161 -0.408719527640794 -0.395506257288952 -0.377895442311654 -0.335290115642738 -0.32380884614933 -0.278528050255194 -0.255711774506065 -0.229315358311933 -0.114358591094401 0.0533130606437075 NA NA NA NA NA NA NA NA NA NA NA NA NA NA NA NA
NA NA NA NA NA NA NA NA NA NA NA NA NA NA NA NA NA NA -0.452077089663036 -0.266537055245202 -0.436067471514401 -0.557850382976165 -0.674969822415338 -0.691934344031277 -0.675994202747991 -0.648367217205323 -0.625936618126475 -0.615099589730265 -0.598602125026209 -0.575343223106883 -0.590766920228272 -0.522175133630293 -0.39722810385113 -0.350752682633385 -0.273419001043697 -0.254351932746558 -0.257968039577544 -0.271214449879926 -0.267095909360721 -0.185316528476413 -0.130737776311014 -0.103994618407457 -0.156791750962879 -0.248663530903044 -0.317327999754339 -0.334788454940014 -0.337232825639064 -0.312979851796542 -0.302289068412657 -0.295807919243527 -0.289771474430773 -0.258047046768856 -0.255014028758872 -0.230015688364073 -0.218251495158611 -0.269176572663372 -0.249600754231988 -0.239219200596004 -0.186536145610754 -0.121205821929829 -0.0895228229209717 -0.075908255036784 -0.0667221740291921 -0.0895889094828564 -0.0941250793208274 -0.113947870799743 -0.119226283325678 -0.130716307353545 -0.16505350451271 -0.278014717045277 -0.360996803642722 -0.409601931576184 -0.412420220473182 -0.412351299480791 -0.39783749109895 -0.378172393178151 -0.383177272114846 -0.351326663040965 -0.378965356000754 -0.277576711417823 -0.244472397611821 -0.151174188164358 -0.026891844069123 -0.0755633948674747 NA NA NA NA NA NA NA NA NA NA NA NA NA NA NA NA
NA NA NA NA NA NA NA NA NA NA NA NA NA NA NA NA NA NA -0.480288284295616 -0.288877507899568 -0.321477385822198 -0.509041677486217 -0.607067607788372 -0.705694015140857 -0.651342241114844 -0.62465129061308 -0.597491642160621 -0.593546595909168 -0.575205715287622 -0.591542016010913 -0.572721558575491 -0.500936483556838 -0.405915303522608 -0.333433305008389 -0.280688220308888 -0.237504801633763 -0.213037033530416 -0.303358031315562 -0.287133141502812 -0.281107487953245 -0.199345199215609 -0.191141224125413 -0.230113214256191 -0.303958395753665 -0.358559632068453 -0.392672257987093 -0.373906417193168 -0.3439094832287 -0.326868031227314 -0.31841338589094 -0.297922086240458 -0.258648092382193 -0.241531662039004 -0.251986512833355 -0.224500869322791 -0.219441084585122 -0.16310565001942 -0.157622008967298 -0.123176092710922 -0.110433091771939 -0.0833640487541695 -0.0741819206434344 -0.0744921580700576 -0.0863593546424096 -0.0871335647943949 -0.100620121387977 -0.106823572308178 -0.131621109389801 -0.189534396712272 -0.281822413002751 -0.35881357323551 -0.416392142395769 -0.419024102147838 -0.413000970707037 -0.365454738519799 -0.371895471767543 -0.369582396556596 -0.363987664213455 -0.330741926903222 -0.281880054738877 -0.229927019871787 -0.0917355076378697 0.0862344080956464 NA NA NA NA NA NA NA NA NA NA NA NA NA NA NA NA NA
NA NA NA NA NA NA NA NA NA NA NA NA NA NA NA NA NA NA NA -0.41265788785872 -0.361011121311973 -0.495149651846126 -0.5671032564079 -0.672289563052308 -0.693056874474662 -0.61900013701607 -0.621122341280907 -0.581250717137837 -0.560503551514886 -0.560827940327227 -0.497084075321917 -0.483548542526047 -0.418362461578913 -0.361127206159707 -0.413970187662325 -0.374990690498985 -0.372720560206558 -0.370156837446712 -0.31758058092972 -0.344526882605087 -0.283031538513743 -0.27325887587547 -0.296074447239035 -0.361272438224977 -0.394921389482225 -0.40083128243569 -0.390455667495626 -0.374156942606712 -0.327757402834635 -0.31707628595807 -0.293498864035608 -0.259554146186613 -0.247094484907994 -0.235461419588986 -0.206371419620204 -0.187892718555879 -0.14380874546801 -0.125762629542959 -0.0730096491241449 -0.113071214058864 -0.101853789438765 -0.105677936656441 -0.103985389237897 -0.110663688441522 -0.0941945115000571 -0.0964062972486306 -0.115316013510221 -0.154568457159571 -0.220938689304037 -0.30585396243362 -0.391314978241731 -0.408900121936894 -0.404367714679623 -0.380779500316286 -0.339488537580749 -0.36710852161736 -0.35269944563446 -0.404359027170768 -0.359255190890684 -0.324587849419282 -0.111671483864993 0.0895679016122718 NA NA NA NA NA NA NA NA NA NA NA NA NA NA NA NA NA NA
NA NA NA NA NA NA NA NA NA NA NA NA NA NA NA NA NA NA NA -0.592464925639167 -0.540657138299447 -0.462137251790446 -0.641534379881896 -0.675069352172937 -0.705390936273537 -0.641413489550306 -0.592931041729189 -0.546325398392478 -0.511903804859824 -0.477786457682279 -0.441123003783975 -0.420595904096386 -0.419234978778602 -0.414131581126292 -0.472871698732942 -0.46840748658174 -0.449112508211624 -0.409532392686908 -0.387572325577617 -0.399454624623208 -0.407816744458025 -0.387853104241706 -0.390951503705139 -0.416660283892764 -0.433412956339923 -0.401957043380016 -0.387025512032262 -0.387071701633709 -0.337775622940794 -0.297732262515593 -0.270472394987446 -0.243895692263514 -0.226149034378434 -0.216449158571687 -0.179582633567103 -0.158585427635679 -0.123045149730049 -0.112022264038088 -0.0714908815975998 -0.129772932314493 -0.127041247269895 -0.140479797005716 -0.140995652363164 -0.138107745169828 -0.127428722137134 -0.122491113844978 -0.144840606446255 -0.192106285792106 -0.268098205074306 -0.33804599109294 -0.396118005598867 -0.420050761893375 -0.390496827004886 -0.360623017404393 -0.349597256444306 -0.350971159275543 -0.360647068195776 -0.389480479607582 -0.338191369322605 -0.296189228994784 -0.111489134773571 NA NA NA NA NA NA NA NA NA NA NA NA NA NA NA NA NA NA NA
NA NA NA NA NA NA NA NA NA NA NA NA NA NA NA NA NA NA NA -0.640635948457636 -0.700864686849495 -0.616869205426891 -0.668491431278114 -0.706537546560834 -0.663870332079307 -0.616547025993647 -0.529730903671638 -0.462281845703396 -0.455704869621158 -0.457545513024915 -0.412486881081724 -0.38782680267419 -0.423704388322614 -0.483922445904689 -0.528238249293739 -0.500393773190406 -0.515378748706212 -0.50475402768633 -0.500536933785207 -0.472492691246902 -0.479015927862269 -0.449478786521053 -0.448623668948037 -0.465850989488406 -0.473501322887324 -0.399945606073593 -0.375322039512703 -0.381810910036296 -0.343898361341888 -0.295409442651532 -0.26297492769599 -0.214992494220748 -0.199816415216329 -0.204418494621324 -0.16533400686041 -0.14217970856091 -0.116196815170638 -0.100550412731958 -0.0889118108267617 -0.151156752283396 -0.169098381988161 -0.182287184573972 -0.173917482355567 -0.182648422970996 -0.18150993487839 -0.174263157575006 -0.186656416253621 -0.248478588661058 -0.316066264907619 -0.366209873384452 -0.394606325083271 -0.377978394832364 -0.366785852694302 -0.345847479867508 -0.318129989312683 -0.345474522554987 -0.349355835550886 -0.271506862168783 -0.353128857170603 -0.352634028917552 -0.200202293300131 NA NA NA NA NA NA NA NA NA NA NA NA NA NA NA NA NA NA NA
NA NA NA NA NA NA NA NA NA NA NA NA NA NA NA NA NA NA NA -0.539502314685122 -0.609324888704813 -0.677099438445668 -0.751422512814748 -0.742014437007927 -0.626399787243112 -0.565099476615581 -0.466114083701492 -0.456871798325852 -0.441961700505984 -0.467812097708197 -0.430368988663285 -0.42191186954753 -0.449445118926972 -0.525976387941781 -0.527256388669119 -0.527992262664375 -0.554531022312564 -0.561300822772473 -0.55845961515841 -0.553305483422123 -0.492047561307166 -0.459339615470451 -0.517813669573584 -0.522495150563632 -0.475216636658574 -0.407937291715005 -0.3886744230936 -0.375860218061052 -0.344983547162642 -0.281385431339466 -0.241000535330556 -0.206374937116983 -0.170435704051412 -0.171227781681285 -0.147040734422447 -0.114179330027805 -0.113874738039136 -0.0961231569357942 -0.133190148462897 -0.172581132258757 -0.195786735115919 -0.212402011353445 -0.218900894776799 -0.218775614290107 -0.21923456381496 -0.213247105164137 -0.238851786321676 -0.273146019916694 -0.327028038884466 -0.356860639084099 -0.364588244681922 -0.351578555589646 -0.33541653327357 -0.307842614683486 -0.311981176690673 -0.329950825314487 -0.242355932129749 -0.332185749063361 -0.249838715030606 -0.207787037384168 NA NA NA NA NA NA NA NA NA NA NA NA NA NA NA NA NA NA NA NA
NA NA NA NA NA NA NA NA NA NA NA NA NA NA NA NA NA NA NA NA -0.538449781391659 -0.711125568564664 -0.752744862815453 -0.742082620066818 -0.6101313461759 -0.529124305552796 -0.509663729312963 -0.463435390759474 -0.453108378889556 -0.516452766672306 -0.513731942781757 -0.5080932620063 -0.529375589601769 -0.574611627810128 -0.531871498774946 -0.530938937894205 -0.57598806866575 -0.59961279811481 -0.590602949096719 -0.576496600030143 -0.507458617652407 -0.509045118032857 -0.539258096437847 -0.538630698442995 -0.482701135363837 -0.41814139581259 -0.405761647359394 -0.380578644456562 -0.356223233660627 -0.292851898018897 -0.241102158208317 -0.195516747464363 -0.162529840629319 -0.13844908674985 -0.124369717375579 -0.0777395516235705 -0.0806787827015408 -0.054547350464753 -0.179309125097711 -0.183051755570007 -0.217539945925648 -0.244757446723243 -0.239013693160852 -0.239273220561526 -0.247964242718413 -0.24668272491564 -0.275386395570296 -0.298166267014761 -0.313986163821705 -0.309860034113366 -0.328997748786874 -0.305909864386568 -0.276942265539892 -0.288542809790791 -0.295745789336214 -0.202549800538325 -0.239854174508989 -0.34399189897586 -0.28307968000724 -0.16029724978813 NA NA NA NA NA NA NA NA NA NA NA NA NA NA NA NA NA NA NA NA
NA NA NA NA NA NA NA NA NA NA NA NA NA NA NA NA NA NA NA NA -0.556931685086785 -0.66745523530393 -0.666525701807952 -0.723577849038546 -0.549672399805667 -0.513656154440347 -0.520306941286062 -0.461667929686205 -0.46963139576596 -0.550129369807576 -0.583933100200564 -0.598656890455037 -0.603105229494619 -0.581452838380346 -0.550154926208197 -0.526100803174961 -0.545998322528739 -0.601289449396683 -0.611399612739905 -0.599766226749719 -0.541304996444792 -0.527760740740998 -0.52613334142106 -0.527183400599173 -0.462726431512606 -0.434025294467962 -0.428049735233211 -0.386838366911916 -0.353596289575569 -0.323050011062197 -0.274486509480969 -0.219004204958328 -0.182423676862457 -0.127926748830281 -0.105261516221429 -0.0682703095815567 -0.0484242061863043 -0.0754038987774261 -0.158131474401326 -0.165336263989379 -0.209837850791147 -0.243112666272366 -0.243457401418714 -0.244758890962589 -0.256657269575998 -0.27342380136497 -0.289788407865291 -0.296793980330093 -0.256344346185528 -0.273976149536546 -0.287274450894728 -0.25429502137635 -0.256868291391186 -0.279430638719644 -0.216832131139139 -0.258241258965503 -0.287555325644458 -0.352942444147645 -0.164368238437148 NA NA NA NA NA NA NA NA NA NA NA NA NA NA NA NA NA NA NA NA NA
NA NA NA NA NA NA NA NA NA NA NA NA NA NA NA NA NA NA NA NA NA -0.621951656888276 -0.694817363861045 -0.609496368241566 -0.452787972616192 -0.441473565998108 -0.46457630591591 -0.489932162557193 -0.532901531058542 -0.578312775050496 -0.643535623627457 -0.660190482596033 -0.660447493768098 -0.653859768023369 -0.589174153570559 -0.531997699684535 -0.574647967132286 -0.604939062951804 -0.625135350741503 -0.588667603406374 -0.531021559286029 -0.498705358633859 -0.465994782956834 -0.480747134177722 -0.443755059002159 -0.440624446871376 -0.435016765331669 -0.403138680397091 -0.374610852086068 -0.35992794730149 -0.309059559602337 -0.255748927560973 -0.219625620379568 -0.165750818821042 -0.116857789380967 -0.0536214676422223 -0.00250238411922542 -0.0947950288086925 -0.128498654161274 -0.152068113246275 -0.20286604683566 -0.248970108756421 -0.260926468195019 -0.249886897469543 -0.255648442421529 -0.28720002684201 -0.301188335404658 -0.290709090220427 -0.251880108263082 -0.250485740940698 -0.247226236059613 -0.22717096327629 -0.239925527075618 -0.218041507934608 -0.34762592510749 -0.360372884195848 -0.216884349425151 -0.228004911666669 NA NA NA NA NA NA NA NA NA NA NA NA NA NA NA NA NA NA NA NA NA NA
NA NA NA NA NA NA NA NA NA NA NA NA NA NA NA NA NA NA NA NA NA NA -0.776616339916063 -0.62552575603872 -0.402521014880602 -0.458847065972414 -0.432656693976299 -0.499870684011991 -0.581357047062656 -0.638734898833804 -0.643280718378074 -0.67664525622867 -0.661382159337527 -0.649713420423586 -0.58655101631946 -0.521434869408 -0.549878121817125 -0.601436023486114 -0.62453457720353 -0.575750302424889 -0.497483805345511 -0.442297594058622 -0.420796165112491 -0.434419711753557 -0.425611392906792 -0.437747472315166 -0.43440985399776 -0.425787723876045 -0.413579489692859 -0.392775958687112 -0.32233838500263 -0.276004973603737 -0.23503816153966 -0.197594584561107 -0.154451944208034 -0.0416574884659939 0.0186448831074956 -0.090325609026339 -0.131755236425988 -0.152995790264944 -0.210494059855632 -0.255173739495528 -0.269718125259317 -0.268495792052869 -0.268372898460536 -0.306704433612228 -0.304310338047116 -0.268252379975353 -0.230890376838646 -0.208982990386411 -0.201905873304228 -0.244599535837811 -0.249559270439203 -0.405057477689002 -0.377918294008943 -0.293046380206537 -0.0956187529955232 NA NA NA NA NA NA NA NA NA NA NA NA NA NA NA NA NA NA NA NA NA NA NA
NA NA NA NA NA NA NA NA NA NA NA NA NA NA NA NA NA NA NA NA NA NA NA -0.72743311478411 -0.596035153108773 -0.471215973592939 -0.408150457816336 -0.459619941340086 -0.629545845477889 -0.625443059456625 -0.635916710898947 -0.63330953980937 -0.600354670277027 -0.577412133155892 -0.540210853400747 -0.505779232043355 -0.514879504893176 -0.559397794459718 -0.589765122980611 -0.552189088381972 -0.470962436485625 -0.427910947150488 -0.412465316320803 -0.416094680931078 -0.42998719286775 -0.440745943915044 -0.448823322383218 -0.458427048641772 -0.441672525550041 -0.397022490471728 -0.325955336370444 -0.28402574972984 -0.21820583705608 -0.18819594360528 -0.139253947534649 -0.0592247527893277 0.0136189278330713 -0.0863159958899826 -0.153311310056673 -0.145716281455933 -0.199740541377911 -0.232339955370162 -0.260748172050418 -0.258822269941117 -0.267587286024171 -0.296255993312679 -0.302522028693787 -0.262941448753837 -0.234595621091385 -0.207013182612763 -0.226335626229555 -0.281900681360622 -0.356658733859412 -0.439026381270186 -0.253998927365918 -0.0871690378008264 NA NA NA NA NA NA NA NA NA NA NA NA NA NA NA NA NA NA NA NA NA NA NA NA
NA NA NA NA NA NA NA NA NA NA NA NA NA NA NA NA NA NA NA NA NA NA NA NA -0.662654519430144 -0.487878390056631 -0.38174857199702 -0.408921975436143 -0.588580730848651 -0.529859767365893 -0.585160056601778 -0.590027248600621 -0.565348043536512 -0.505846621480945 -0.472624327953892 -0.474163266410791 -0.468443860815835 -0.474879915788512 -0.522697627544014 -0.492909130657397 -0.433386192704714 -0.398177873857474 -0.432128164996977 -0.402205725324337 -0.439453644916526 -0.451531033090097 -0.461015575827739 -0.47088994450029 -0.429891157536068 -0.406710870433611 -0.324213909903846 -0.270760008629871 -0.179309566180639 -0.137032727686998 -0.139544028263266 -0.0876375327108643 -0.00340562409575343 -0.146027334989579 -0.141433398493056 -0.177857986122823 -0.198074589276821 -0.213935880954004 -0.250301419422122 -0.270441007450839 -0.262506400153459 -0.293463517259469 -0.287000912417622 -0.258719564697311 -0.240541903666206 -0.234461910599174 -0.284529188675137 -0.316612345574133 -0.40655732327662 -0.279875685457338 0.0282499870744966 NA NA NA NA NA NA NA NA NA NA NA NA NA NA NA NA NA NA NA NA NA NA NA NA NA
NA NA NA NA NA NA NA NA NA NA NA NA NA NA NA NA NA NA NA NA NA NA NA NA NA -0.70877107693051 -0.614081811769988 -0.452868340584625 -0.478132709957423 -0.489767771481699 -0.558679830154341 -0.572114328818494 -0.510504334975355 -0.491111843892721 -0.449737774510478 -0.389431418946664 -0.403702585436187 -0.402012341178251 -0.411656280740092 -0.38565874295451 -0.365950845185011 -0.413472611869326 -0.485297811777969 -0.435125764324124 -0.446854266118459 -0.461414362176144 -0.468165701305346 -0.478279329691407 -0.430397918811495 -0.42978266194212 -0.34511696785627 -0.27139765918728 -0.124083038472331 -0.0596248413527859 -0.0740296036742042 -0.100194290367948 -0.0619621292729074 -0.064279069879433 -0.151550360270177 -0.197655468578196 -0.187882703046046 -0.223395973951598 -0.285531328966643 -0.325865255811269 -0.305445782864312 -0.303847673125605 -0.27515472393748 -0.280620295266737 -0.262499380344054 -0.282990641787622 -0.307274083717945 -0.225697142770375 -0.125030625446044 -0.103112572870056 NA NA NA NA NA NA NA NA NA NA NA NA NA NA NA NA NA NA NA NA NA NA NA NA NA NA
NA NA NA NA NA NA NA NA NA NA NA NA NA NA NA NA NA NA NA NA NA NA NA NA NA NA -0.711137125506359 -0.522381440337153 -0.471736417190121 -0.523990667338317 -0.582523590842034 -0.525149657555824 -0.497742950424367 -0.521419643435697 -0.42770882498779 -0.348034760392078 -0.289367153581527 -0.325562246335441 -0.333275385919221 -0.296939719248711 -0.354072195997129 -0.502299067464192 -0.563700619603205 -0.488557387923521 -0.457789733693778 -0.439844611461358 -0.455797183784463 -0.458623690152323 -0.444735055273722 -0.421228287745611 -0.365953963452354 -0.28102315270276 -0.11200253466192 -0.0243345828114545 -0.0294331839621222 -0.0823001598991881 -0.137511349035714 -0.0949437709117349 -0.160683619848855 -0.191930247646702 -0.148276094798399 -0.232524702147631 -0.291725714325416 -0.337091258894352 -0.352890430643849 -0.319067795072838 -0.315104926091871 -0.318746683917872 -0.33687147481602 -0.323499136422722 -0.209653209593316 -0.209971193448215 NA NA NA NA NA NA NA NA NA NA NA NA NA NA NA NA NA NA NA NA NA NA NA NA NA NA NA NA
NA NA NA NA NA NA NA NA NA NA NA NA NA NA NA NA NA NA NA NA NA NA NA NA NA NA -0.673471807872801 -0.566247615997321 -0.608044507442612 -0.571513601967979 -0.545751581659236 -0.572284952439624 -0.558820746653482 -0.52938303741665 -0.393077814988123 -0.293657782615947 -0.231547354159771 -0.217458818796097 -0.256334874059464 -0.20682916883066 -0.357702933356165 -0.508121571809296 -0.554879380473916 -0.456765925442754 -0.439936546746904 -0.421228917469896 -0.446069245515751 -0.454342512509453 -0.437299217264143 -0.442552056936345 -0.355610717135394 -0.296036206768007 -0.207905575049537 -0.0824666929629915 -0.01783037815112 -0.055271558285493 -0.158990522486497 -0.135841320157919 -0.172742228876814 -0.199423790314367 -0.147496435509699 -0.206680631711548 -0.281670045126059 -0.358386571796988 -0.408496372478767 -0.291450713918819 -0.203123146095262 -0.199663228822104 -0.196169433276805 -0.270679150795309 -0.212165589982287 NA NA NA NA NA NA NA NA NA NA NA NA NA NA NA NA NA NA NA NA NA NA NA NA NA NA NA NA NA
NA NA NA NA NA NA NA NA NA NA NA NA NA NA NA NA NA NA NA NA NA NA NA NA NA NA NA NA -0.782047150606196 -0.767201040185117 -0.590103574901164 -0.549306557460967 -0.545734271704707 -0.475643586727758 -0.285298172338433 -0.152283065886077 -0.114466080800375 -0.165700095319149 -0.124865365671685 -0.143609532002144 -0.286105401537277 -0.448047230119369 -0.483927798628393 -0.457825692454249 -0.415416965334074 -0.388018403740807 -0.401644445915897 -0.437053862635531 -0.413992181677596 -0.394365532944161 -0.329013713979049 -0.34572525033996 -0.304238006122602 -0.198843830682551 -0.0810048855198042 -0.0664474409573628 -0.180105726563396 -0.233152678358688 -0.261049621750231 -0.25763480159553 -0.244041105867525 -0.20551477783149 -0.272165359885561 -0.326143316470476 -0.329911123087918 -0.174014215492713 -0.126541816843008 -0.0505953141496244 -0.10672926537933 NA NA NA NA NA NA NA NA NA NA NA NA NA NA NA NA NA NA NA NA NA NA NA NA NA NA NA NA NA NA NA
NA NA NA NA NA NA NA NA NA NA NA NA NA NA NA NA NA NA NA NA NA NA NA NA NA NA NA NA NA -0.494537257786849 -0.355309562680325 -0.387399934649272 -0.471473552912657 -0.520433112879399 -0.253988025161544 -0.0411335195047104 -0.0334318456265225 -0.0400690626456057 -0.00990881344466631 -0.0610359017722297 -0.166054172992673 -0.323404326993983 -0.419107085704708 -0.418018301042319 -0.388999790836548 -0.325531371305886 -0.336019534082141 -0.364584961818751 -0.394949922988409 -0.39101932617973 -0.364939398152198 -0.391898996779964 -0.394100388392605 -0.379339210677257 -0.208388933426528 -0.175885060529392 -0.279560844266553 -0.285934047775399 -0.334808716952531 -0.305058259588221 -0.309254243905598 -0.212486414170546 -0.199960463311569 -0.207902900909132 -0.188530394060251 NA NA NA NA NA NA NA NA NA NA NA NA NA NA NA NA NA NA NA NA NA NA NA NA NA NA NA NA NA NA NA NA NA NA NA
NA NA NA NA NA NA NA NA NA NA NA NA NA NA NA NA NA NA NA NA NA NA NA NA NA NA NA NA NA NA -0.37635311531021 -0.539653267677923 -0.566730064290835 -0.598425280431011 -0.295657009471702 -0.060761427211625 -0.0364987895489585 -0.0661744240313108 0.00159268465313855 -0.0797616208469595 -0.202153861044867 -0.289547854087198 -0.344525558844705 -0.384123756638357 -0.366377300447815 -0.306698567281046 -0.305778096003223 -0.355877900788795 -0.388458717533672 -0.413738406460124 -0.409036198197531 -0.415168971016884 -0.458108602077547 -0.464088727380103 -0.401334575532535 -0.306593751343839 -0.327636778742853 -0.37376922047287 -0.378948222242827 -0.28305803773805 -0.197367669119755 -0.0945505157664247 -0.0780509958781529 -0.086441575037712 NA NA NA NA NA NA NA NA NA NA NA NA NA NA NA NA NA NA NA NA NA NA NA NA NA NA NA NA NA NA NA NA NA NA NA NA
NA NA NA NA NA NA NA NA NA NA NA NA NA NA NA NA NA NA NA NA NA NA NA NA NA NA NA NA NA NA NA -0.370401838047952 -0.410148854284848 -0.395710983280376 -0.202658486757106 -0.243720065018419 -0.185047388114908 -0.225856772295821 -0.139989776282013 -0.14361027146138 -0.288164727070838 -0.329446638872949 -0.348806445866065 -0.39890886108238 -0.326673274839819 -0.334693094905601 -0.334736943925331 -0.366157779801348 -0.411233761858085 -0.46764355797731 -0.450366341933976 -0.440664259722332 -0.510245283057176 -0.533052465375553 -0.513979095902581 -0.445670636055893 -0.421367903944269 -0.427653926479141 -0.433142022335186 -0.0881929250946787 0.0243713235865272 0.104752594450852 0.0751506840027876 0.00694317151711706 NA NA NA NA NA NA NA NA NA NA NA NA NA NA NA NA NA NA NA NA NA NA NA NA NA NA NA NA NA NA NA NA NA NA NA NA
NA NA NA NA NA NA NA NA NA NA NA NA NA NA NA NA NA NA NA NA NA NA NA NA NA NA NA NA NA NA NA NA NA -0.338709701792329 -0.404461332198832 -0.456457828325866 -0.521007226646953 -0.374517757225945 -0.18075617144533 -0.26253087687415 -0.353026747672315 -0.3777782480528 -0.3720908844571 -0.413934997009253 -0.312060134241977 -0.275645152126565 -0.324128916901295 -0.343989390820096 -0.368391094030669 -0.449194937081204 -0.422766612270051 -0.439691847475524 -0.459439425778726 -0.436362973503126 -0.282187868135774 -0.213109559149961 -0.233188982962541 -0.158750007579869 -0.123996811038429 0.0829108365306686 0.145298293271381 0.00971465682750032 NA NA NA NA NA NA NA NA NA NA NA NA NA NA NA NA NA NA NA NA NA NA NA NA NA NA NA NA NA NA NA NA NA NA NA NA NA NA
NA NA NA NA NA NA NA NA NA NA NA NA NA NA NA NA NA NA NA NA NA NA NA NA NA NA NA NA NA NA NA NA NA NA NA -0.401681933572174 -0.515230470108592 -0.43364458403187 -0.476530649720906 -0.294887730568381 -0.252264816612915 -0.267250216137081 -0.355801194120385 -0.324987280118316 -0.158050794809695 -0.221984830224964 -0.312162491941032 -0.369067819065652 -0.443803383938988 -0.50908970906821 -0.436748403470884 -0.400281858031232 -0.38098626969895 -0.338572475404582 -0.280223193196029 -0.103695280261116 0.0383918989721533 NA NA NA NA NA NA NA NA NA NA NA NA NA NA NA NA NA NA NA NA NA NA NA NA NA NA NA NA NA NA NA NA NA NA NA NA NA NA NA NA NA NA NA
NA NA NA NA NA NA NA NA NA NA NA NA NA NA NA NA NA NA NA NA NA NA NA NA NA NA NA NA NA NA NA NA NA NA NA NA NA NA -0.341197552695785 -0.229630631391786 -0.347878990864156 -0.398150494457814 -0.383548711641373 -0.364984050324354 -0.353414614758992 -0.219907947792958 -0.445524344963682 -0.441136962232277 -0.454772967787807 -0.383357698551837 -0.120915545042415 -0.127348250628844 -0.0878257605078826 -0.107391607898746 -0.103988955554388 -0.207689656200025 NA NA NA NA NA NA NA NA NA NA NA NA NA NA NA NA NA NA NA NA NA NA NA NA NA NA NA NA NA NA NA NA NA NA NA NA NA NA NA NA NA NA NA NA
NA NA NA NA NA NA NA NA NA NA NA NA NA NA NA NA NA NA NA NA NA NA NA NA NA NA NA NA NA NA NA NA NA NA NA NA NA NA NA NA NA NA -0.333909769391366 -0.437046510984636 -0.475877794944177 -0.34050611129851 -0.430708388803099 -0.382942413664325 -0.422595813511803 -0.334351705222564 NA NA NA NA NA NA NA NA NA NA NA NA NA NA NA NA NA NA NA NA NA NA NA NA NA NA NA NA NA NA NA NA NA NA NA NA NA NA NA NA NA NA NA NA NA NA NA NA NA NA
NA NA NA NA NA NA NA NA NA NA NA NA NA NA NA NA NA NA NA NA NA NA NA NA NA NA NA NA NA NA NA NA NA NA NA NA NA NA NA NA NA NA NA NA NA NA NA NA NA NA NA NA NA NA NA NA NA NA NA NA NA NA NA NA NA NA NA NA NA NA NA NA NA NA NA NA NA NA NA NA NA NA NA NA NA NA NA NA NA NA NA NA NA NA NA NA NA NA NA NA
NA NA NA NA NA NA NA NA NA NA NA NA NA NA NA NA NA NA NA NA NA NA NA NA NA NA NA NA NA NA NA NA NA NA NA NA NA NA NA NA NA NA NA NA NA NA NA NA NA NA NA NA NA NA NA NA NA NA NA NA NA NA NA NA NA NA NA NA NA NA NA NA NA NA NA NA NA NA NA NA NA NA NA NA NA NA NA NA NA NA NA NA NA NA NA NA NA NA NA NA
NA NA NA NA NA NA NA NA NA NA NA NA NA NA NA NA NA NA NA NA NA NA NA NA NA NA NA NA NA NA NA NA NA NA NA NA NA NA NA NA NA NA NA NA NA NA NA NA NA NA NA NA NA NA NA NA NA NA NA NA NA NA NA NA NA NA NA NA NA NA NA NA NA NA NA NA NA NA NA NA NA NA NA NA NA NA NA NA NA NA NA NA NA NA NA NA NA NA NA NA
NA NA NA NA NA NA NA NA NA NA NA NA NA NA NA NA NA NA NA NA NA NA NA NA NA NA NA NA NA NA NA NA NA NA NA NA NA NA NA NA NA NA NA NA NA NA NA NA NA NA NA NA NA NA NA NA NA NA NA NA NA NA NA NA NA NA NA NA NA NA NA NA NA NA NA NA NA NA NA NA NA NA NA NA NA NA NA NA NA NA NA NA NA NA NA NA NA NA NA NA
NA NA NA NA NA NA NA NA NA NA NA NA NA NA NA NA NA NA NA NA NA NA NA NA NA NA NA NA NA NA NA NA NA NA NA NA NA NA NA NA NA NA NA NA NA NA NA NA NA NA NA NA NA NA NA NA NA NA NA NA NA NA NA NA NA NA NA NA NA NA NA NA NA NA NA NA NA NA NA NA NA NA NA NA NA NA NA NA NA NA NA NA NA NA NA NA NA NA NA NA
NA NA NA NA NA NA NA NA NA NA NA NA NA NA NA NA NA NA NA NA NA NA NA NA NA NA NA NA NA NA NA NA NA NA NA NA NA NA NA NA NA NA NA NA NA NA NA NA NA NA NA NA NA NA NA NA NA NA NA NA NA NA NA NA NA NA NA NA NA NA NA NA NA NA NA NA NA NA NA NA NA NA NA NA NA NA NA NA NA NA NA NA NA NA NA NA NA NA NA NA
NA NA NA NA NA NA NA NA NA NA NA NA NA NA NA NA NA NA NA NA NA NA NA NA NA NA NA NA NA NA NA NA NA NA NA NA NA NA NA NA NA NA NA NA NA NA NA NA NA NA NA NA NA NA NA NA NA NA NA NA NA NA NA NA NA NA NA NA NA NA NA NA NA NA NA NA NA NA NA NA NA NA NA NA NA NA NA NA NA NA NA NA NA NA NA NA NA NA NA NA
NA NA NA NA NA NA NA NA NA NA NA NA NA NA NA NA NA NA NA NA NA NA NA NA NA NA NA NA NA NA NA NA NA NA NA NA NA NA NA NA NA NA NA NA NA NA NA NA NA NA NA NA NA NA NA NA NA NA NA NA NA NA NA NA NA NA NA NA NA NA NA NA NA NA NA NA NA NA NA NA NA NA NA NA NA NA NA NA NA NA NA NA NA NA NA NA NA NA NA NA
NA NA NA NA NA NA NA NA NA NA NA NA NA NA NA NA NA NA NA NA NA NA NA NA NA NA NA NA NA NA NA NA NA NA NA NA NA NA NA NA NA NA NA NA NA NA NA NA NA NA NA NA NA NA NA NA NA NA NA NA NA NA NA NA NA NA NA NA NA NA NA NA NA NA NA NA NA NA NA NA NA NA NA NA NA NA NA NA NA NA NA NA NA NA NA NA NA NA NA NA
NA NA NA NA NA NA NA NA NA NA NA NA NA NA NA NA NA NA NA NA NA NA NA NA NA NA NA NA NA NA NA NA NA NA NA NA NA NA NA NA NA NA NA NA NA NA NA NA NA NA NA NA NA NA NA NA NA NA NA NA NA NA NA NA NA NA NA NA NA NA NA NA NA NA NA NA NA NA NA NA NA NA NA NA NA NA NA NA NA NA NA NA NA NA NA NA NA NA NA NA
NA NA NA NA NA NA NA NA NA NA NA NA NA NA NA NA NA NA NA NA NA NA NA NA NA NA NA NA NA NA NA NA NA NA NA NA NA NA NA NA NA NA NA NA NA NA NA NA NA NA NA NA NA NA NA NA NA NA NA NA NA NA NA NA NA NA NA NA NA NA NA NA NA NA NA NA NA NA NA NA NA NA NA NA NA NA NA NA NA NA NA NA NA NA NA NA NA NA NA NA
NA NA NA NA NA NA NA NA NA NA NA NA NA NA NA NA NA NA NA NA NA NA NA NA NA NA NA NA NA NA NA NA NA NA NA NA NA NA NA NA NA NA NA NA NA NA NA NA NA NA NA NA NA NA NA NA NA NA NA NA NA NA NA NA NA NA NA NA NA NA NA NA NA NA NA NA NA NA NA NA NA NA NA NA NA NA NA NA NA NA NA NA NA NA NA NA NA NA NA NA
NA NA NA NA NA NA NA NA NA NA NA NA NA NA NA NA NA NA NA NA NA NA NA NA NA NA NA NA NA NA NA NA NA NA NA NA NA NA NA NA NA NA NA NA NA NA NA NA NA NA NA NA NA NA NA NA NA NA NA NA NA NA NA NA NA NA NA NA NA NA NA NA NA NA NA NA NA NA NA NA NA NA NA NA NA NA NA NA NA NA NA NA NA NA NA NA NA NA NA NA
NA NA NA NA NA NA NA NA NA NA NA NA NA NA NA NA NA NA NA NA NA NA NA NA NA NA NA NA NA NA NA NA NA NA NA NA NA NA NA NA NA NA NA NA NA NA NA NA NA NA NA NA NA NA NA NA NA NA NA NA NA NA NA NA NA NA NA NA NA NA NA NA NA NA NA NA NA NA NA NA NA NA NA NA NA NA NA NA NA NA NA NA NA NA NA NA NA NA NA NA
