0 0 0 0 0 0 0 0 0 0 0 0 0 0 0 0 0 0 0 0 0 0 0 0 0 0 0 0 0 0 0 0 0 0 0 0 0 0 0 0 0 0 0 0 0 0 0 0 0 0 0 0 0 0 0 0 0 0 0 0 0 0 0 0 0 0 0 0 0 0 0 0 0 0 0 0 0 0 0 0 0 0 0 0 0 0 0 0 0 0 0 0 0 0 0 0 0 0 0 0
0 0 0 0 0 0 0 0 0 0 0 0 0 0 0 0 0 0 0 0 0 0 0 0 0 0 0 0 0 0 0 0 0 0 0 0 0 0 0 0 0 0 0 0 0 0 0 0 0 0 0 0 0 0 0 0 0 0 0 0 0 0 0 0 0 0 0 0 0 0 0 0 0 0 0 0 0 0 0 0 0 0 0 0 0 0 0 0 0 0 0 0 0 0 0 0 0 0 0 0
0 0 0 0 0 0 0 0 0 0 0 0 0 0 0 0 0 0 0 0 0 0 0 0 0 0 0 0 0 0 0 0 0 0 0 0 0 0 0 0 0 0 0 0 0 0 0 0 0 0 0 0 0 0 0 0 0 0 0 0 0 0 0 0 0 0 0 0 0 0 0 0 0 0 0 0 0 0 0 0 0 0 0 0 0 0 0 0 0 0 0 0 0 0 0 0 0 0 0 0
0 0 0 0 0 0 0 0 0 0 0 0 0 0 0 0 0 0 0 0 0 0 0 0 0 0 0 0 0 0 0 0 0 0 0 0 0 0 0 0 0 0 0 0 0 0 0 0 0 0 0 0 0 0 0 0 0 0 0 0 0 0 0 0 0 0 0 0 0 0 0 0 0 0 0 0 0 0 0 0 0 0 0 0 0 0 0 0 0 0 0 0 0 0 0 0 0 0 0 0
0 0 0 0 0 0 0 0 0 0 0 0 0 0 0 0 0 0 0 0 0 0 0 0 0 0 0 0 0 0 0 0 0 0 0 0 0 0 0 0 0 0 0 0 0 0 0 0 0 0 0 0 0 0 0 0 0 0 0 0 0 0 0 0 0 0 0 0 0 0 0 0 0 0 0 0 0 0 0 0 0 0 0 0 0 0 0 0 0 0 0 0 0 0 0 0 0 0 0 0
0 0 0 0 0 0 0 0 0 0 0 0 0 0 0 0 0 0 0 0 0 0 0 0 0 0 0 0 0 0 0 0 0 0 0 0 0 0 0 0 0 0 0 0 0 0 0 0 0 0 0 0 0 0 0 0 0 0 0 0 0 0 0 0 0 0 0 0 0 0 0 0 0 0 0 0 0 0 0 0 0 0 0 0 0 0 0 0 0 0 0 0 0 0 0 0 0 0 0 0
0 0 0 0 0 0 0 0 0 0 0 0 0 0 0 0 0 0 0 0 0 0 0 0 0 0 0 0 0 0 0 0 0 0 0 0 0 0 0 0 0 0 0 0 0 0 0 0 0 0 0 0 0 0 0 0 0 0 0 0 0 0 0 0 0 0 0 0 0 0 0 0 0 0 0 0 0 0 0 0 0 0 0 0 0 0 0 0 0 0 0 0 0 0 0 0 0 0 0 0
0 0 0 0 0 0 0 0 0 0 0 0 0 0 0 0 0 0 0 0 0 0 0 0 0 0 0 0 0 0 0 0 0 0 0 0 0 0 0 0 0 0 0 0 0 0 0 0 0 0 0 0 0 0 0 0 0 0 0 0 0 0 0 0 0 0 0 0 0 0 0 0 0 0 0 0 0 0 0 0 0 0 0 0 0 0 0 0 0 0 0 0 0 0 0 0 0 0 0 0
0 0 0 0 0 0 0 0 0 0 0 0 0 0 0 0 0 0 0 0 0 0 0 0 0 0 0 0 0 0 0 0 0 0 0 0 0 0 0 0 0 0 0 0 0 0 0 0 0 0 0 0 0 0 0 0 0 0 0 0 0 0 0 0 0 0 0 0 0 0 0 0 0 0 0 0 0 0 0 0 0 0 0 0 0 0 0 0 0 0 0 0 0 0 0 0 0 0 0 0
0 0 0 0 0 0 0 0 0 0 0 0 0 0 0 0 0 0 0 0 0 0 0 0 0 0 0 0 0 0 0 0 0 0 0 0 0 0 0 0 0 0 0 0 0 0 0 0 0 0 0 0 0 0 0 0 0 0 0 0 0 0 0 0 0 0 0 0 0 0 0 0 0 0 0 0 0 0 0 0 0 0 0 0 0 0 0 0 0 0 0 0 0 0 0 0 0 0 0 0
0 0 0 0 0 0 0 0 0 0 0 0 0 0 0 0 0 0 0 0 0 0 0 0 0 0 0 0 0 0 0 0 0 0 0 0 0 0 0 0 0 0 0 0 0 0 0 0 0 0 0 0 0 0 0 0 0 0 0 0 0 0 0 0 0 0 0 0 0 0 0 0 0 0 0 0 0 0 0 0 0 0 0 0 0 0 0 0 0 0 0 0 0 0 0 0 0 0 0 0
0 0 0 0 0 0 0 0 0 0 0 0 0 0 0 0 0 0 0 0 0 0 0 0 0 0 0 0 0 0 0 0 0 0 0 0 0 0 0 0 0 0 0 0 0 0 0 0 0 0 0 0 0 0 0 0 0 0 0 0 0 0 0 0 0 0 0 0 0 0 0 0 0 0 0 0 0 0 0 0 0 0 0 0 0 0 0 0 0 0 0 0 0 0 0 0 0 0 0 0
0 0 0 0 0 0 0 0 0 0 0 0 0 0 0 0 0 0 0 0 0 0 0 0 0 0 0 0 0 0 0 0 0 0 0 0 0 0 0 0 0 0 0 0 0 0 0 0 0 0 0 0 0 0 0 0 0 0 0 0 0 0 0 0 0 0 0 0 0 0 0 0 0 0 0 0 0 0 0 0 0 0 0 0 0 0 0 0 0 0 0 0 0 0 0 0 0 0 0 0
0 0 0 0 0 0 0 0 0 0 0 0 0 0 0 0 0 0 0 0 0 0 0 0 0 0 0 0 0 0 0 0 0 0 0 0 0 0 0 0.155727704837866 0.174836143752336 0.1504997786678 0.165733413037229 0 0 0 0 0 0 0 0 0 0 0 0 0 0 0 0 0 0 0 0 0 0 0 0 0 0 0 0 0 0 0 0 0 0 0 0 0 0 0 0 0 0 0 0 0 0 0 0 0 0 0 0 0 0 0 0 0
0 0 0 0 0 0 0 0 0 0 0 0 0 0 0 0 0 0 0 0 0 0 0 0 0 0 0 0 0 0 0 0 0 0 0 0.136619171492477 0.211952814208923 0.40418089304871 0.452320826820145 0.443317313224498 0.426855030890255 0.452412162474744 0.46322708109281 0.505549346828066 0.468098530239611 0.512153264304455 0.467029547201428 0.472406223062051 0.574725882180523 0.557345235028017 0.572915795834556 0.502497656825657 0.518839541188403 0 0 0 0 0 0 0 0 0 0 0 0 0 0 0 0 0 0 0 0 0 0 0 0 0 0 0 0 0 0 0 0 0 0 0 0 0 0 0 0 0 0 0 0 0 0 0
0 0 0 0 0 0 0 0 0 0 0 0 0 0 0 0 0 0 0 0 0 0 0 0 0 0 0 0 0 0 0 0 0 0.196128694965223 0.376717094185461 0.484972641170862 0.532622170427388 0.560577735453173 0.558182675965391 0.569011702821569 0.602716578460016 0.592429119671475 0.528140745342002 0.51325379404069 0.510106010091058 0.563757869889511 0.609000648056526 0.635580584180366 0.65368471230984 0.611982281043346 0.668816058877456 0.684960713467091 0.551981174714928 0.732828079001351 0.565571553465031 0.248461405572605 0.18974634429876 0.19574932148973 0 0 0 0 0 0 0 0 0 0 0 0 0 0 0 0 0 0 0 0 0 0 0 0 0 0 0 0 0 0 0 0 0 0 0 0 0 0 0 0 0 0
0 0 0 0 0 0 0 0 0 0 0 0 0 0 0 0 0 0 0 0 0 0 0 0 0 0 0 0 0 0 0 0.112898485789632 0.462160163196446 0.486812225878444 0.510427120761423 0.621873396205577 0.64223227960093 0.634516008244446 0.623938824501422 0.615577355562234 0.616215172898038 0.602180432453088 0.590389650146821 0.595870944951947 0.616478334659696 0.597065379060131 0.591213346566975 0.592826419456327 0.630193635295209 0.698870471880377 0.739995417711921 0.735481247662443 0.647864728297801 0.703176780702115 0.622163362768316 0.521905506639246 0.45063453902347 0.520900504710106 0.498791487367321 0.62070254567436 0.612346091727562 0.250671960860848 0.108849370137415 0 0 0 0 0 0 0 0 0 0 0 0 0 0 0 0 0 0 0 0 0 0 0 0 0 0 0 0 0 0 0 0 0 0 0 0 0
0 0 0 0 0 0 0 0 0 0 0 0 0 0 0 0 0 0 0 0 0 0 0 0 0 0 0 0 0 0 0.29755324153292 0.597279734917776 0.596013480043547 0.675579517935383 0.687994080368488 0.701099750310723 0.690768872531097 0.670790557619832 0.643394108783056 0.631980690981709 0.628722096680796 0.623799443242124 0.609854267698833 0.604558360747478 0.630318721934755 0.651670085524039 0.638744731289468 0.631086393280049 0.665779268818124 0.707867235568392 0.743812836253136 0.767678039369126 0.731401345968816 0.719964493978766 0.655237657405242 0.49971032762819 0.546323972422236 0.619622315986192 0.608713733391989 0.612705670936353 0.538983597623855 0.571848606202952 0.792008948122118 0.213439798549706 0.0403523858813457 0 0 0 0 0 0 0 0 0 0 0 0 0 0 0 0 0 0 0 0 0 0 0 0 0 0 0 0 0 0 0 0 0 0 0
0 0 0 0 0 0 0 0 0 0 0 0 0 0 0 0 0 0 0 0 0 0 0 0 0 0 0 0.0483775971049932 0.109170919644906 0.417437384482304 0.518438125816253 0.57090441624581 0.633157900612528 0.678416798478614 0.690464912935735 0.692528602612778 0.696943093690702 0.679471670374931 0.64798922060389 0.648556570523382 0.655330945494563 0.653506985067229 0.618742649662483 0.630389184603175 0.663510958769445 0.686914005743638 0.677732368366984 0.661328300287703 0.694020556554977 0.729479879297613 0.753305268598458 0.757778934396026 0.743445570373639 0.71593777006358 0.682449273857991 0.664211819751843 0.651593335932107 0.685233179869142 0.707736058111272 0.668662530270351 0.645195987483558 0.597539928745541 0.594615408984068 0.54951579731263 0.568643617408381 0.520776849433001 0.55273517442138 0.0920003368717321 0.097896573814596 0 0 0 0 0 0 0 0 0 0 0 0 0 0 0 0 0 0 0 0 0 0 0 0 0 0 0 0 0 0 0
0 0 0 0 0 0 0 0 0 0 0 0 0 0 0 0 0 0 0 0 0 0 0 0 0 0 0.0633873291210552 0.499940440508347 0.512297292559674 0.600503789528593 0.636414824619435 0.657063778888485 0.651364675542651 0.664082631521232 0.674211018546001 0.683253416961806 0.690367811852005 0.679740320103029 0.659402482494809 0.667002160025403 0.683466160408378 0.658128362838471 0.621973238445188 0.643268073649713 0.677438804374557 0.713620288652838 0.709523358068166 0.697836608980133 0.721363369398188 0.750424645573301 0.758187088760173 0.752256440681232 0.742284146620922 0.749187375659698 0.719383001782482 0.732759126547911 0.739926075710198 0.740457478511646 0.724114646510943 0.693375801675974 0.677530736827528 0.58301200195761 0.548400001705864 0.588286766695401 0.550609753310249 0.526708099897311 0.514538881691528 0.509742532464394 0.531578574564999 0.498102762813222 0.106051648018805 0 0 0 0 0 0 0 0 0 0 0 0 0 0 0 0 0 0 0 0 0 0 0 0 0 0 0 0 0
0 0 0 0 0 0 0 0 0 0 0 0 0 0 0 0 0 0 0 0 0 0 0 0 0 0.0260404964743656 0.529364245734817 0.622391676908157 0.644101447065996 0.65076729793722 0.662613785775983 0.65457265793767 0.642862226754665 0.663769314025264 0.677375362488798 0.679364582350375 0.682866136906173 0.684765769023235 0.683553566434491 0.69568687040814 0.689695787436085 0.644185639509449 0.620888860668065 0.649294048085159 0.691077923099656 0.718976896721237 0.742513799606289 0.742671955431774 0.750544527060299 0.763267901824681 0.764026810802171 0.747690804534897 0.754592558500652 0.744588377614571 0.749073323789326 0.734074264795953 0.728467159303758 0.728057007030954 0.737201395229275 0.722722480226534 0.677479050569432 0.646252002265014 0.613481351945744 0.628721651437222 0.579351244177357 0.587589775456496 0.593419114667705 0.650645135656351 0.638417141054508 0.585442657027391 0.663008645725722 0.556864594966781 0.0185937031542425 0 0 0 0 0 0 0 0 0 0 0 0 0 0 0 0 0 0 0 0 0 0 0 0 0 0 0
0 0 0 0 0 0 0 0 0 0 0 0 0 0 0 0 0 0 0 0 0 0 0 0 0.297234244028374 0.501770780453251 0.596538164585357 0.654370483892744 0.670904166678796 0.681466718784787 0.673504794064094 0.665115226824879 0.654113938360559 0.677639096508114 0.685910033496937 0.687490487191815 0.68482063992398 0.69474664846506 0.703094074595914 0.70727701264575 0.693850442783753 0.637461570803424 0.6273353290364 0.653196954932531 0.70080485790736 0.729520180714737 0.756284916547741 0.765198463712374 0.7722637627017 0.774538550822343 0.76718705500823 0.745817148508202 0.743658737730297 0.738100925444258 0.740824693129351 0.733057052134461 0.729174398883841 0.734459796405145 0.744446194462195 0.711440381467553 0.673939759703454 0.65273597659514 0.648816420328471 0.650013892011131 0.618253956125414 0.615675125130647 0.619569599510027 0.637184951225392 0.627433764837813 0.622679051646514 0.681972142747854 0.659427606635706 0.574663385095921 0.0969355788828739 0 0 0 0 0 0 0 0 0 0 0 0 0 0 0 0 0 0 0 0 0 0 0 0 0 0
0 0 0 0 0 0 0 0 0 0 0 0 0 0 0 0 0 0 0 0 0 0 0 0.495047191330772 0.487254703614009 0.569624438411269 0.627862829774637 0.681825123349096 0.702761644158482 0.702794716106988 0.687278315783118 0.687671926743568 0.693302542077782 0.691822624906207 0.698850135287233 0.698338525886455 0.706584888983193 0.712427531168695 0.718347256459984 0.718912528823569 0.695090766120938 0.653377096487795 0.64229085897699 0.677367308678923 0.701237204870993 0.73393765755225 0.759016851257053 0.77113771693145 0.771796532575479 0.780947230090414 0.758931608852921 0.738368119604696 0.730094338130052 0.720905354035748 0.728045264894462 0.734936316294936 0.730465283603073 0.742444922865842 0.737755458917267 0.689867512836771 0.65037329931047 0.642550051429176 0.653948953180324 0.650263222446456 0.627496237085504 0.606637487957067 0.616109022030271 0.632252003997078 0.661537529856985 0.636955174583816 0.644002846180041 0.611888003631569 0.514080686517644 0.578041456349563 0.594451367552655 0 0 0 0 0 0 0 0 0 0 0 0 0 0 0 0 0 0 0 0 0 0 0 0 0
0 0 0 0 0 0 0 0 0 0 0 0 0 0 0 0 0 0 0 0 0 0 0.448643015643791 0.58190114580563 0.595534009259581 0.63053334996211 0.669994868746874 0.701055358223265 0.734695059486327 0.725865885186453 0.71123129231474 0.713512960338723 0.711623328821042 0.715768660535299 0.724636250367372 0.720135319096686 0.731737550109024 0.725548855701556 0.729290846402793 0.727375262657918 0.694943432843224 0.663438350050023 0.651900387402853 0.678122886114431 0.700476093036652 0.739782754816475 0.747412630470933 0.761648208714834 0.774464458082849 0.773500932263347 0.74474578751905 0.725791685059043 0.715413576910998 0.708007610668065 0.711133960879709 0.713436518445628 0.737676659935103 0.745093927652915 0.727163456999829 0.669184587471751 0.630439643824062 0.641241274900664 0.651793104778817 0.648025499874884 0.646713777409681 0.657150329959488 0.666381742365881 0.667765292996969 0.657417374060668 0.630871156343706 0.609719700669793 0.632410734737991 0.639314521048439 0.589805445022918 0.620532815789465 0.559569806386777 0.350441315596872 0 0 0 0 0 0 0 0 0 0 0 0 0 0 0 0 0 0 0 0 0 0 0
0 0 0 0 0 0 0 0 0 0 0 0 0 0 0 0 0 0 0 0 0 0.412908592881785 0.504419582989201 0.599038187853224 0.633151679278901 0.673567232967386 0.698562504602339 0.723237359766927 0.750583190562812 0.748507754222624 0.744804458366966 0.749972211653403 0.749164549027809 0.750519572127418 0.751830669141702 0.745697055536291 0.745819356577252 0.738270607599897 0.731159659857436 0.73066216390406 0.695326427455838 0.66582830553338 0.657427741832696 0.682087744322792 0.70322622508973 0.730881421234093 0.741398836186007 0.747403792136876 0.775880576709206 0.762038556976261 0.749120066204985 0.721152566927794 0.70406799259789 0.698696401417544 0.690160993690167 0.689526033360526 0.718354498603229 0.736010484775077 0.717518957937821 0.668070504887096 0.63387797480538 0.639520887473649 0.648478673542948 0.645840830600264 0.66751173690537 0.695552668677044 0.685710860613862 0.66621572410749 0.641099725264216 0.602249556214852 0.567928718749796 0.595979258808546 0.626295609764248 0.62857522900786 0.626430413358184 0.626716830718277 0.651853513992276 0.465114280130101 0 0 0 0 0 0 0 0 0 0 0 0 0 0 0 0 0 0 0 0 0 0
0 0 0 0 0 0 0 0 0 0 0 0 0 0 0 0 0 0 0 0 0.487781033605636 0.581800158918979 0.586251119109297 0.630991565882909 0.666642962729261 0.690328459171749 0.696890384208288 0.731079874311017 0.768422289261476 0.784795148933561 0.778018830099916 0.773204797213829 0.777425433858534 0.777216193892507 0.772338587917605 0.762484379152585 0.748380840307386 0.746039037690742 0.741997281967889 0.731739233412424 0.702660781324668 0.667558123872558 0.658165036567201 0.68549647916098 0.705364056653195 0.718065318095874 0.729129035940049 0.734201508759465 0.76045237744154 0.75566048095435 0.737333978060611 0.705090146516824 0.689487943472212 0.672697660684227 0.67475581705553 0.670366714988803 0.686428654615427 0.70792082421259 0.711039551580783 0.683416054045145 0.663283847578034 0.650693473957164 0.649906849897893 0.654176580797282 0.68991280341089 0.708680067006683 0.705921991987039 0.676603043508612 0.641448378609852 0.596351230109802 0.559935258229949 0.588559209272121 0.603912211725014 0.596097385981921 0.615583569175808 0.64947019377362 0.644832579911572 0.55128285295168 0.543666310465451 0.245646398300559 0 0 0 0 0 0 0 0 0 0 0 0 0 0 0 0 0 0 0 0
0 0 0 0 0 0 0 0 0 0 0 0 0 0 0 0 0 0 0 0.321690707885774 0.567554721484826 0.58595853967688 0.604665304862329 0.657490530749565 0.693886241628458 0.71357421824712 0.726258698524539 0.755665936970775 0.794388317228154 0.804200928644936 0.806421049717025 0.805446414116914 0.80216317959172 0.80321940304021 0.79218700044824 0.775844836022524 0.759551332546055 0.752283706902484 0.751190716992931 0.735166225563063 0.716826677731688 0.678577325830424 0.675231794262277 0.689243801718824 0.698252015642655 0.703231657325946 0.715067769578019 0.725899647397061 0.744053174020298 0.745898280426615 0.727828954308931 0.701341878683327 0.683565930518476 0.663994456041343 0.657835989786475 0.650461042103515 0.658884908552596 0.676482751867601 0.694596598354581 0.691397722037107 0.683658786740407 0.665819998715653 0.666014744886309 0.68309350582276 0.70966150076694 0.728083821624742 0.716178341694201 0.699397096890391 0.662622545197824 0.626405006770184 0.600980765031048 0.604223859225359 0.600801949763124 0.592500373978636 0.603267224759735 0.632444772502382 0.649593194023736 0.632158132410611 0.608208887945295 0.510386133907957 0.315615992642779 0 0 0 0 0 0 0 0 0 0 0 0 0 0 0 0 0 0 0
0 0 0 0 0 0 0 0 0 0 0 0 0 0 0 0 0 0 0.260855952705188 0.597848036565222 0.595760148012511 0.610342002122665 0.647460333825045 0.671430771254831 0.713687332084482 0.746641485784448 0.76059753289872 0.786982153541665 0.813564566969946 0.823021700269759 0.824575791423324 0.818946994900981 0.820302196516626 0.813859433511714 0.79803953716536 0.779050560764909 0.756721508943734 0.752692599164837 0.756310687810723 0.749773956201974 0.737812854141418 0.707354308096659 0.698183639471373 0.700660556694998 0.693170667824752 0.695920848432364 0.702603268189225 0.713583411620648 0.732285130112585 0.735296031732678 0.719940498587044 0.711390529314427 0.69716597685917 0.673690596994431 0.654835610824155 0.644785476328722 0.656515068651124 0.669271322083229 0.681532308239648 0.684857161539721 0.684126929285479 0.675656273673956 0.676949791688111 0.698853548310415 0.716212389019872 0.730801866303879 0.728359865807024 0.714772627702251 0.699959197154957 0.669723519679847 0.647548415146197 0.639729147909927 0.619498915692073 0.603906913845956 0.612865785351205 0.636238099314231 0.645167555372749 0.625447221910418 0.661789918816016 0.603154710567005 0.541405567363342 0.54646095754245 0 0 0 0 0 0 0 0 0 0 0 0 0 0 0 0 0 0
0 0 0 0 0 0 0 0 0 0 0 0 0 0 0 0 0 0 0.511900627486457 0.611343996872855 0.628833328052239 0.654002166972577 0.676980203726142 0.698989408448323 0.746186981434845 0.776773627951261 0.784630066439032 0.800322243728592 0.819310873371453 0.83336307157211 0.827265802259926 0.830759533735584 0.824357603128496 0.813589977492203 0.793421159566217 0.771104733302154 0.757265366130788 0.748630371673682 0.765962303915895 0.763049947918753 0.759246575737329 0.734969853985038 0.718485432337229 0.710764725120412 0.695704456601425 0.699258651712257 0.714132117239658 0.723813167302805 0.740254050770294 0.7455306620155 0.739152555452512 0.730455798245906 0.723480825682369 0.691859766575815 0.679229447994964 0.660593925193095 0.673660154827234 0.67246222928435 0.682273348984295 0.68090226141514 0.682444173349713 0.679973433472589 0.68761001042702 0.700797425443851 0.713427585979033 0.728603168688746 0.730125296578701 0.728254603401784 0.727718822336197 0.710913572825367 0.698386285539898 0.678935011757361 0.653997191445029 0.641765317247309 0.639928540877098 0.655971775547553 0.666902032903611 0.667326579002632 0.666460685925831 0.639822763094281 0.589850086232002 0.581003786362848 0.31905060369533 0 0 0 0 0 0 0 0 0 0 0 0 0 0 0 0 0
0 0 0 0 0 0 0 0 0 0 0 0 0 0 0 0 0 0.32399554939821 0.603637269067949 0.633145126148926 0.657501128009773 0.687856801155598 0.711341407872172 0.734465015254091 0.772430248941724 0.793611530673412 0.799715886751132 0.80283038403974 0.822526471905819 0.830188281799457 0.827645710456794 0.830211785113491 0.826098204422519 0.804956773235904 0.783241164448888 0.756612146471354 0.744987595918456 0.741525178842071 0.762018271186422 0.775082784452221 0.775419476849389 0.759832561705987 0.742595853365105 0.727281368410533 0.707282602699119 0.707272985485369 0.729205768811021 0.746992979977117 0.758991965135111 0.773507960694742 0.761921035147317 0.7599153524635 0.753702340906651 0.719389651392742 0.712876931355222 0.703550061422744 0.701236219862683 0.699897510169394 0.695219344071465 0.691967877176985 0.688787819834924 0.68768028870349 0.689108882904845 0.710786823444485 0.721483936652657 0.731037215091621 0.734058112807731 0.739616784657041 0.751571175524486 0.745812231169242 0.734445686235565 0.71161375750551 0.692218797588071 0.683585813846701 0.670857706740805 0.676181673258016 0.677986542153061 0.675952846639984 0.660725009444838 0.638571951452395 0.608364945818735 0.612417397986429 0.538518341020588 0.231001823476069 0 0 0 0 0 0 0 0 0 0 0 0 0 0 0 0
0 0 0 0 0 0 0 0 0 0 0 0 0 0 0 0 0.0545579439373957 0.566050950988551 0.627311808409012 0.654249151632552 0.687677432259155 0.721550175213472 0.738749029768082 0.758492565517691 0.782351941983395 0.793747126236489 0.792329617406752 0.796659585546105 0.806715217385862 0.814496639488898 0.820985194915035 0.8174748053423 0.81059379624172 0.791887418939444 0.765206803584853 0.741720095574372 0.736948133995958 0.736165378926223 0.757737351707739 0.772202723577624 0.786625520984222 0.780265190372954 0.765146717372064 0.74613531834564 0.736640668423842 0.735617041591873 0.754733007135867 0.78190087925057 0.79517290153416 0.814978152250157 0.797301930134045 0.784878921404097 0.775002072275299 0.759069701369896 0.748992951529071 0.751634608048371 0.74188892669606 0.735476218008648 0.71955676643137 0.714308556870882 0.713081373880359 0.7071989420107 0.698894164784006 0.725889074572043 0.735794610285206 0.734036114334916 0.740194291881054 0.747605499959886 0.762430629909744 0.766257541120635 0.75896942685244 0.738905239753056 0.7221603499245 0.714728625659407 0.706997311918027 0.699580198789035 0.691229375370574 0.673974725588797 0.661643527623467 0.648801748478463 0.634653017680493 0.60823962952217 0.601958105744115 0.51981070667129 0 0 0 0 0 0 0 0 0 0 0 0 0 0 0 0
0 0 0 0 0 0 0 0 0 0 0 0 0 0 0 0 0.266460596114719 0.602674481565841 0.634063508280543 0.667510366841953 0.708275473742563 0.738285074744784 0.748396910380665 0.773547162839787 0.787972714190424 0.785834093613967 0.774243369173165 0.785052345939823 0.798794272260709 0.805401589245093 0.810730995001004 0.813795698217366 0.79622636201005 0.779305049841791 0.757080389882178 0.740521638059582 0.727772613187853 0.729242822694138 0.751054217511211 0.773679863377187 0.792911468752882 0.790478148566248 0.780288057677762 0.770338354570854 0.769595993187723 0.762723566237414 0.782676423335275 0.812685782033504 0.837338024871903 0.839575148228219 0.825300528402983 0.80266005212171 0.792251773465293 0.774665670499407 0.772430713581494 0.780695483584175 0.780602549546031 0.77544434977854 0.747400838921153 0.739062654732916 0.72878478568382 0.721049499048035 0.709824710040983 0.732501995380427 0.74827858814059 0.752396961160681 0.757239725330006 0.766207217632368 0.774717852089724 0.770269722157565 0.759522508856519 0.746033944834108 0.742410307110518 0.740514657032863 0.743002832735447 0.725978416541162 0.709877561373548 0.681558566404507 0.655092593842017 0.641845383162355 0.638442267623204 0.54668685951652 0.565020245664195 0.530023121081171 0 0 0 0 0 0 0 0 0 0 0 0 0 0 0 0
0 0 0 0 0 0 0 0 0 0 0 0 0 0 0 0 0.520918594486928 0.620087547168883 0.637156999372033 0.688826596963691 0.724783686146837 0.744180030666833 0.760680753548488 0.78325947217311 0.782345262265802 0.776957596692208 0.763207097858017 0.781318032602727 0.791107635506433 0.801360491110935 0.794855211003719 0.800318354686421 0.781576469016621 0.778402002566306 0.757948502072479 0.740405804233896 0.726331021482648 0.730390067210164 0.755257279490311 0.775274428254684 0.794312904545912 0.797689862432266 0.792217217764529 0.796258528373349 0.784387552101624 0.79169461843027 0.814096495094506 0.849705785201578 0.862365442853909 0.86372393572433 0.834169209449403 0.81541133177143 0.789868143780804 0.773757318942052 0.770652586438976 0.780781357759072 0.785611567369863 0.785044279285025 0.769490589002197 0.760880440672383 0.747923145562937 0.740005521569921 0.739385583815614 0.756854250458255 0.771784738069549 0.773752355897003 0.773620451929629 0.775352752856769 0.775060084681587 0.771728674408979 0.76185725231293 0.75395224614533 0.760052755368988 0.763990485122072 0.761598295894376 0.75054863364087 0.724418719792236 0.690812031382307 0.661589497799493 0.629028882255103 0.615735069215282 0.598012338075383 0.560789416714193 0.51238003991081 0.443435237372417 0 0 0 0 0 0 0 0 0 0 0 0 0 0 0
0 0 0 0 0 0 0 0 0 0 0 0 0 0 0 0.500148527207771 0.58132779311341 0.630644849909595 0.669483004689146 0.708583521533882 0.738279453917455 0.745839804524591 0.769459582866501 0.784959484336851 0.77812917127968 0.768076605488643 0.764317470712704 0.770651044815431 0.783417810732713 0.785862854824055 0.786236052506083 0.782123104901663 0.778740791267875 0.768124097024531 0.760760316957079 0.740417509755446 0.734215014019814 0.731004152628707 0.751989389351963 0.770804150915566 0.782901147608286 0.78310016299151 0.786649699744668 0.801671690018565 0.802872337558383 0.815052292424893 0.846497338489913 0.864906025326664 0.874487644708783 0.869828401725473 0.852036998052462 0.822183728484864 0.789118962464474 0.771520145751805 0.761776031747815 0.76739792698821 0.77603943051539 0.783930313910103 0.78604106725249 0.783353452192553 0.771409151339703 0.764631702813709 0.769159400237179 0.785166560526612 0.794309290190037 0.800129150195086 0.800504692966915 0.786871376079934 0.784369767643873 0.767211807563358 0.760162466932149 0.768199813859975 0.766337458957381 0.777195141225153 0.778900968919044 0.773631950094108 0.744735998493367 0.728628452358482 0.685972976171526 0.630642293537198 0.603184553172534 0.582797614475984 0.562826913036107 0.523883896567767 0.426358693738804 0.189657088436827 0 0 0 0 0 0 0 0 0 0 0 0 0 0
0 0 0 0 0 0 0 0 0 0 0 0 0 0 0.0304360094475777 0.565624243750658 0.627690881553487 0.663183585318928 0.70234209563661 0.732681832884375 0.744904820202237 0.742223061493831 0.761478590957012 0.778795585621617 0.781207091676444 0.771960152451833 0.765246578117097 0.767845030838875 0.776865071586898 0.777463603589138 0.7829537314579 0.780439836678379 0.767494526251033 0.753914921514542 0.748494885255327 0.740027715451482 0.730056786255488 0.719595551061862 0.735054253132036 0.751023397706213 0.755689290352181 0.771320340793761 0.78118697332908 0.798219265892829 0.814661624024339 0.836219950800091 0.857052910205246 0.877262168871734 0.891208957060437 0.89034242092826 0.87615319970141 0.848996195402458 0.822751986006909 0.80711116560253 0.796116769698711 0.797278636836308 0.787337469087767 0.789362495151679 0.79498392283254 0.800785032850689 0.795787840209227 0.786728233285969 0.788589917482765 0.804006080190857 0.815428204003913 0.813125200693722 0.816791808151969 0.805875243260266 0.796098080929327 0.784377473467703 0.781923513263936 0.765806559067022 0.770540320065186 0.783849300504109 0.794938423073224 0.798961289910811 0.782941570866593 0.746913083789706 0.716823148951377 0.618619356063455 0.614442924471042 0.576770878263149 0.55320841689689 0.493674774861627 0.442821273409343 0.241522357942511 0.0911097362541559 0 0 0 0 0 0 0 0 0 0 0 0 0
0 0 0 0 0 0 0 0 0 0 0 0 0 0 0.355941091021782 0.60063152488279 0.659119995251527 0.712396038374194 0.739280979087855 0.753873796415508 0.755051639351206 0.739804774632966 0.762050054682253 0.771650684416753 0.775269614111756 0.780245368422352 0.779250050755273 0.777641637179868 0.786263244121989 0.78492451262217 0.789970097572794 0.772411673088303 0.759235733272287 0.735939392682182 0.721228251803034 0.717199317041673 0.692858497207856 0.669309950293863 0.67642087127522 0.690790701033206 0.700202482960574 0.732649421613167 0.755149397383205 0.783792413078666 0.810487053447918 0.83425735017741 0.864503377521709 0.882048888916414 0.896295494423397 0.90830704135637 0.907560496512353 0.892182908344224 0.878663148130757 0.860442119154825 0.854444015763987 0.832936187379949 0.815809960948235 0.813609091552958 0.812006425976162 0.824879644540467 0.817310041294132 0.815379528451481 0.815462966546495 0.825507653489324 0.830636079875592 0.839677096979759 0.830687043404862 0.825028987008537 0.809533370211238 0.796077499591291 0.783403955809567 0.775152202273189 0.780908908680565 0.79117277700464 0.810145937780623 0.826040551394593 0.823696173112697 0.791834484961267 0.756882906265748 0.652093390821043 0.623833503619401 0.578604261463405 0.552228138961302 0.512507056186615 0.486105456460357 0.358518926837824 0.227451315762872 0 0 0 0 0 0 0 0 0 0 0 0 0
0 0 0 0 0 0 0 0 0 0 0 0 0 0 0.566416393295914 0.641492083468502 0.708659344386148 0.74409096062872 0.767851872104107 0.772593899963193 0.764435226924727 0.752024380014541 0.774741302292006 0.782955656698503 0.787462911040421 0.798554390791758 0.802558193107052 0.80116044390712 0.799902019335298 0.80948582504398 0.804730986436752 0.782854318336209 0.752485094228312 0.712241938682577 0.68961369106706 0.665170651211501 0.642064202871347 0.609419937832905 0.580241593812791 0.590524184118197 0.615480076790656 0.665204539136418 0.707797064391646 0.748009984600357 0.780253820807615 0.811315904201304 0.852472012231801 0.882427842874566 0.909353579551594 0.919729637152272 0.925862977017472 0.924939476298622 0.923763176947049 0.922093937610096 0.906246720166653 0.888342965136684 0.855317390689931 0.83841385669742 0.843872752827077 0.845358122104107 0.842648364537931 0.834405868605514 0.83670741430159 0.839371128565197 0.843809956673386 0.851228074387368 0.847642172579513 0.841078614024018 0.828453094857734 0.81396698398549 0.804721739701123 0.798540794226938 0.804071453893236 0.811798231732352 0.826608567528165 0.845604901693626 0.841419747174961 0.824364831617553 0.790750061288836 0.675149114448504 0.659704439456911 0.610947514599983 0.584973740241353 0.540145236005395 0.520217987033455 0.400780192035444 0.301177267716794 0 0 0 0 0 0 0 0 0 0 0 0 0
0 0 0 0 0 0 0 0 0 0 0 0 0 0.197991281085148 0.613099467860709 0.687048631581316 0.74382913258044 0.772129078382874 0.78565250814681 0.786964532782803 0.778565502997255 0.770137928556092 0.784754347485813 0.794693944803252 0.815035658886724 0.827830272823818 0.826353202254383 0.832957587216803 0.824928134079504 0.828613064250868 0.817082049010925 0.791278500735443 0.765973778208468 0.714407490484715 0.674984849468865 0.621743506022165 0.57446092299579 0.526525244631361 0.485530200144119 0.477014877436445 0.506894892818185 0.564747986265525 0.624378829023999 0.682613230063167 0.73514574634689 0.789328186662904 0.82235228950804 0.859159223865117 0.888810963747307 0.905473858203587 0.927247499795937 0.939590281223306 0.940644665102822 0.95054705242731 0.952766151772806 0.923825345402505 0.892769034348006 0.878245384211781 0.864448750885535 0.854094872187712 0.850364346108604 0.84013967251809 0.84124123477793 0.841066266451398 0.85072140914633 0.861862752348503 0.860676076868788 0.851602754639775 0.840249275619165 0.842272781513827 0.835538972934868 0.832799776285849 0.83361715432153 0.837878710297619 0.851990666522939 0.85688404537237 0.851151224331406 0.840620385652742 0.80451641214993 0.710389418123133 0.699130749911155 0.637589856634949 0.620686633466266 0.607323331959133 0.55388510183629 0.466128900584406 0.453855342025563 0.0365015672915562 0 0 0 0 0 0 0 0 0 0 0 0
0 0 0 0 0 0 0 0 0 0 0 0 0 0.421143615224383 0.618425698245603 0.710193846040719 0.759551305307542 0.777886589169115 0.792257133227038 0.795387326894114 0.796331061023176 0.786189297062107 0.794387054904888 0.810999142970781 0.825309080808344 0.843358894202555 0.85113798662824 0.854287225712516 0.847617505125452 0.833480246020505 0.820703863825369 0.805455873311195 0.782892097908669 0.742567554171949 0.689812684958147 0.610927550741009 0.533396581387639 0.468371279095313 0.422730968885421 0.370544731871674 0.408918077374376 0.458288163016312 0.518403988722405 0.592663231984447 0.667777114616237 0.730024966313555 0.774840180089739 0.817104127074226 0.854156404850813 0.889082876922561 0.921555706560089 0.941034933993547 0.949281525638203 0.959207828175899 0.960502714489387 0.942549651757785 0.916448560425542 0.882893015625597 0.860800624724616 0.843997973455535 0.833063670755345 0.82921781635828 0.824980900401245 0.838076782719459 0.85065359342411 0.859094186263045 0.862879870417514 0.852938745680904 0.851834612927258 0.857960687614229 0.851171731343555 0.851812209768801 0.855695851833903 0.859336632873872 0.862344138836536 0.859409608496669 0.852769725106439 0.844765420652935 0.77169361541287 0.746743352545359 0.729416698713231 0.670572979663308 0.656826465436054 0.582483981173958 0.569698105936535 0.529193075113961 0.468717838230307 0.0483848994796417 0 0 0 0 0 0 0 0 0 0 0 0
0 0 0 0 0 0 0 0 0 0 0 0 0 0.574210446008884 0.651056833639787 0.720712056345848 0.7509957150766 0.779747711486076 0.786136165026146 0.796388071027747 0.806476609994919 0.799584898505174 0.799641930699076 0.816291197852964 0.838383001703884 0.860843377795637 0.870981370459899 0.856668409614656 0.845505447762198 0.820734002636986 0.809680107935772 0.80670957156297 0.795636793654454 0.770876276098262 0.713590431601321 0.629996320537472 0.543285253279741 0.448810071843942 0.390453080016573 0.330582696066784 0.348510595622026 0.376655353643486 0.42575443808436 0.511461101222179 0.584301006694031 0.645380704889157 0.706257498131992 0.765791670877958 0.815301232435715 0.864480738202991 0.898856621600324 0.929603464087024 0.939203369519286 0.946943986349479 0.939649917665868 0.925327365477204 0.905252457676818 0.867773451538445 0.841201832630533 0.822194691834816 0.813778475183872 0.809296240936798 0.799316706468217 0.822923130287305 0.842796171757613 0.85368059080296 0.862023694973372 0.866272138263412 0.871815235779208 0.86844827517366 0.869600618979698 0.880064174030312 0.880079600885198 0.895242511023199 0.891218298336148 0.887177773838021 0.87601614349238 0.863898417253783 0.768907050300511 0.771352714223027 0.724618163786862 0.694186700351559 0.676341380544873 0.613050434015729 0.589253941726001 0.552554562692477 0.499025548549497 0.458618248214025 0 0 0 0 0 0 0 0 0 0 0 0
0 0 0 0 0 0 0 0 0 0 0 0 0.069296437253785 0.590635714730478 0.662682948477147 0.711277323733026 0.729839838994104 0.762840805856504 0.782786358002726 0.789216861582478 0.803349415920647 0.810315222823667 0.817720214852392 0.837255778319902 0.851267313060024 0.873898743411465 0.880504654643198 0.858548062518514 0.832385536547755 0.78769589051131 0.783706733149558 0.799853626474495 0.801282131758423 0.783139695125153 0.740957593541017 0.656568000817185 0.566678023370102 0.456293233624667 0.375317574127063 0.315778140813446 0.32218161144956 0.345371412227655 0.369767829112232 0.433871558814053 0.516743672516373 0.581134247658425 0.636469372708728 0.707343526105365 0.763560536598698 0.821373494835657 0.874757867172064 0.908193617386549 0.920159588842847 0.918466726464085 0.894819870000072 0.880270511156 0.85567636056909 0.824424404234315 0.799219318793531 0.776479678654834 0.772139463612351 0.768806482457431 0.763981215549409 0.779500595554635 0.797122598318309 0.8336843376573 0.857323602262872 0.86893860057331 0.878609612356696 0.883459284309755 0.891629521056008 0.89653901309399 0.902689222842472 0.912534321994501 0.914336451649122 0.916935685279582 0.895909566756858 0.812446638481681 0.788607878184493 0.784083405361932 0.74295617687928 0.708759995213975 0.675039771452374 0.645133925136621 0.573331385863616 0.586530657066747 0.536568127711916 0.476003620055673 0 0 0 0 0 0 0 0 0 0 0 0
0 0 0 0 0 0 0 0 0 0 0 0 0.0708135586908583 0.613423870566733 0.655479485483215 0.692959381925341 0.714299320297661 0.747868225085887 0.773582251509486 0.791206037961992 0.796489084939679 0.815007553103892 0.8352100348331 0.857114494703613 0.865921448976505 0.873992433956577 0.875957603672859 0.860172016330532 0.813727188227466 0.7699064655065 0.765066133680751 0.775967819423595 0.787257591552783 0.78005239710264 0.756160342188436 0.700780950360351 0.611792372628441 0.500195707108382 0.404128052927251 0.334709586675585 0.316416102825283 0.334032423221716 0.357680636394065 0.395179390897283 0.462052822461692 0.537252544576901 0.591445118660299 0.649299720976269 0.723494582241794 0.783756724463043 0.842037173977681 0.8733442460527 0.880170437016419 0.8707879017455 0.856539587725593 0.828926031752181 0.80168659174101 0.772718871062481 0.74871070895936 0.732281572830374 0.731184237772565 0.733134148047327 0.71609740174224 0.735934370853236 0.753129149198058 0.783324976946093 0.826223708928852 0.859954334642346 0.880562284211129 0.892615426182437 0.907473043643392 0.914189370216304 0.919717937451328 0.929881289543439 0.936109466941988 0.929716324209155 0.873030613837945 0.823228631427614 0.848453416919596 0.805795196352793 0.770072598158203 0.733122569190538 0.687636843374855 0.666376591485131 0.603524359191941 0.584382400073928 0.511179128069797 0.395783848895276 0.16766436008883 0 0 0 0 0 0 0 0 0 0 0
0 0 0 0 0 0 0 0 0 0 0 0 0.575642197349472 0.609350837886282 0.64713557965284 0.666716250916683 0.699436920741314 0.742803497674494 0.76899567115206 0.782986213388551 0.79719272319657 0.81896593972752 0.847044422667834 0.860793935201217 0.868532011249037 0.874816757629578 0.863037743999667 0.84270696149807 0.805964573326181 0.761830071380506 0.760040193326195 0.764076217532695 0.771103917538248 0.775364295871495 0.769326926594232 0.734490303299106 0.67630037207191 0.56722376288917 0.466661166155625 0.374731181060975 0.340746929885297 0.349822620288584 0.363894943593835 0.397929522339044 0.438968892924321 0.496878608000368 0.575998060067426 0.614203526875041 0.685817311795181 0.741249926409148 0.788451155396748 0.816998718506143 0.827581440372663 0.827547618935683 0.793694038094502 0.767378480042382 0.735097238891915 0.714732442854433 0.704541418746326 0.696176908164498 0.690447586116725 0.691545966423708 0.673646783263239 0.65683319181601 0.686843283514636 0.726619595948381 0.78954797770564 0.865983073820299 0.889392028808082 0.903550180729875 0.916649900030845 0.93690316567583 0.94131261488382 0.953000437833546 0.954765744163035 0.936589189907073 0.853861974986912 0.862667172404852 0.874130241710724 0.836353021581274 0.789534152966969 0.745055848076927 0.700899843454967 0.672130202433645 0.643763618477603 0.600590610358972 0.517447941662716 0.481262102245523 0.303288065362885 0 0 0 0 0 0 0 0 0 0 0
0 0 0 0 0 0 0 0 0 0 0 0 0.557779806179804 0.59740307018675 0.619524792443524 0.654563358867534 0.692289459609685 0.739770404613739 0.776233661478764 0.783103603884898 0.795340451865004 0.809015381843076 0.832411495509619 0.850037020134084 0.856153596175034 0.858622079626524 0.85271985752194 0.83785356982293 0.803321267210304 0.772353090742993 0.768640724925489 0.775871066825151 0.769009395038079 0.7718013842969 0.776171131287011 0.754501642848809 0.699938812059677 0.614648750363006 0.545921069261684 0.451473444160438 0.391156871383481 0.376608864371042 0.37411405029696 0.399138734581872 0.426426788569903 0.480025053699052 0.547535992550498 0.605171126785102 0.660472726189691 0.715062953229986 0.746406245195344 0.770451789793263 0.771735634821235 0.757089941417257 0.729131720735468 0.697054393391308 0.671505500521715 0.646695055346841 0.649137730160628 0.657684632741187 0.642821582729624 0.631013083425826 0.617458032691804 0.597909277045278 0.630691961998476 0.677034997567543 0.749910218366297 0.834643350386829 0.888111182552005 0.908209812949987 0.929181935097934 0.959454861502483 0.960890777414281 0.971694673838825 0.969510564509659 0.910857996156915 0.887096643024345 0.902873869246581 0.888431729641766 0.867364175316988 0.820084959546573 0.761801928195299 0.714884633102155 0.689765732517457 0.675981489494848 0.640439550256263 0.600350896041395 0.480064279574817 0.361098578878566 0 0 0 0 0 0 0 0 0 0 0
0 0 0 0 0 0 0 0 0 0 0 0 0.555864775398276 0.555898600740403 0.596478496287388 0.646223371304621 0.686968797752545 0.728577268713094 0.767077585006749 0.782061719983549 0.79467717411188 0.798383123795416 0.796682606062815 0.812720496008453 0.825938533657451 0.830108542845537 0.826782003220415 0.813209471701523 0.799584952995299 0.794397070667828 0.793154037137938 0.797149180263993 0.790266515207689 0.778687908221088 0.770972888316626 0.752515388516613 0.708103971633929 0.663724717226862 0.602605222464446 0.519625477296932 0.469243726141194 0.422211725689897 0.40448952054847 0.417419573130268 0.434889126454613 0.46837461183664 0.527140241359654 0.589981901832133 0.640910468735299 0.691952030042068 0.714898523986717 0.736349265587753 0.727950189000112 0.694952600998495 0.650262625346063 0.619221468540086 0.607235769390898 0.59588426768777 0.594159041644795 0.602817481321955 0.59486766119162 0.575549826651043 0.550915471540659 0.544920092043292 0.602754836362823 0.658031283024186 0.744220794923256 0.816621151646758 0.884576068195373 0.925805942563155 0.947419579505425 0.976113673718774 0.981426347958506 0.979657956780861 0.973408167632624 0.914518904191464 0.928142136687962 0.915238932916932 0.891578265259273 0.877095606682923 0.842583949317096 0.791166690221755 0.742726847518998 0.690878826551078 0.692882754647635 0.674304113553944 0.620689788500824 0.414280033396652 0.307071827510905 0 0 0 0 0 0 0 0 0 0 0
0 0 0 0 0 0 0 0 0 0 0 0 0.381409980794907 0.51906948350546 0.553816237344003 0.609425518950866 0.666309163152665 0.718980476031215 0.755106861879694 0.771401104990799 0.78278477773234 0.77269940899385 0.765418658609652 0.766517029861875 0.793065157942619 0.799257446790146 0.800467494725795 0.799739832476306 0.788250778846216 0.801952858543188 0.818072589040855 0.827718699943375 0.799123131955325 0.770285928662111 0.754064069998814 0.738751622870406 0.712276531338873 0.687286827418042 0.654463040592923 0.595898260333227 0.546896662143993 0.491863694309221 0.45123201816419 0.442373670413736 0.465990397244611 0.488535947794132 0.521213267577617 0.584712470426841 0.636843823523898 0.668332554150407 0.696833838481064 0.702364267817893 0.694348439291739 0.650798357223966 0.60515052421692 0.563644003374641 0.563802419625283 0.552910725243665 0.556867528097849 0.560729953891314 0.559607685513571 0.531060353604042 0.515046676336722 0.517649988924985 0.585960085882387 0.663837000940205 0.749402717487748 0.816603398443286 0.881439765470206 0.921318398711392 0.953508304091547 0.987686078520507 0.992030546607695 0.989379788962513 0.97522918167497 0.915474483957252 0.923815755459288 0.900255967641683 0.887373290101425 0.867804263295899 0.832901061737252 0.789968647738409 0.736342750839715 0.670994380795571 0.678369604729504 0.667710676416949 0.61912366470011 0.41292541465301 0.29404435364148 0 0 0 0 0 0 0 0 0 0 0
0 0 0 0 0 0 0 0 0 0 0 0 0.0583647523101647 0.487793856150728 0.526818959891123 0.56960992695322 0.635187248376344 0.68727460578388 0.721739640600096 0.746308047731643 0.759656311294659 0.750373900326198 0.734409224723871 0.739030646573938 0.759893949719982 0.771534953212171 0.7767869726086 0.78126101143872 0.790432881810181 0.825584535680152 0.843125576092941 0.850307238629631 0.814432963260815 0.769708505083649 0.724322047040449 0.707724713673949 0.689222279183488 0.680129879920573 0.673025379074395 0.650370850197904 0.601349011125842 0.551373526669232 0.500332188034465 0.481838695793118 0.492666716028769 0.517045656503755 0.555682476620932 0.579727388548577 0.621576706085125 0.643316533903783 0.659838294775375 0.658896646484104 0.651348049388311 0.60467902508336 0.55171937309735 0.523399183396262 0.527962960331445 0.55134391953114 0.560616869635844 0.555294705769919 0.542652125394328 0.535841845624209 0.52620580513486 0.539074305497982 0.619130682334494 0.701992121338099 0.776858520059446 0.833907405540844 0.888111803920204 0.927647527223666 0.964206282865535 0.986675396386293 0.990898995260726 0.990080094731338 0.968537560823072 0.948547199569715 0.909436985702415 0.886335626965819 0.864159912149174 0.839055577861974 0.803956122576917 0.762954967408685 0.705901039648352 0.663874844431618 0.647974280243336 0.614510988578397 0.537890073011847 0.419995611221219 0.218386174358183 0 0 0 0 0 0 0 0 0 0 0
0 0 0 0 0 0 0 0 0 0 0 0 0.0495538856639192 0.492546053227 0.519512856202428 0.560186489006377 0.598937171373764 0.646787040920298 0.683426445972903 0.709193758628294 0.725517693381795 0.719385152480943 0.711583411096662 0.728564728357478 0.752641780395292 0.771661686516887 0.784621033538973 0.794034421727862 0.823923107552156 0.856532214599074 0.874886521531321 0.859184257075609 0.820667672359789 0.766921890181024 0.703633508833057 0.662886992521504 0.658881780488736 0.657373392150511 0.672710453854111 0.672017236488277 0.645430325532392 0.592663908841254 0.542711182710657 0.521290920283292 0.52056493784979 0.539250237911247 0.557457279266162 0.574932481630815 0.597290716751315 0.616673358861421 0.616559394163314 0.623772130818451 0.607725745177237 0.570717141000654 0.531453425702175 0.508462174011158 0.522528125445388 0.555176607855311 0.572513408526804 0.57076192098293 0.577011706403592 0.565774555299334 0.563291956406387 0.581504537546996 0.671051919146361 0.734408792414006 0.812185085685892 0.861285880780026 0.901823085060079 0.944155136399828 0.977394313952488 0.993943807417166 0.988677761613149 0.968976704914891 0.944696219526168 0.922730745883744 0.898740314950505 0.879418785647024 0.86408506969269 0.837253956323364 0.792707203433817 0.739199257441235 0.671556177823909 0.622281806319765 0.59937915598367 0.570663634847783 0.521948810790905 0.436979358370156 0 0 0 0 0 0 0 0 0 0 0 0
0 0 0 0 0 0 0 0 0 0 0 0 0 0.184515016690683 0.512489102660577 0.564446167444921 0.598734820240663 0.633755127874876 0.659398997499308 0.67760252430594 0.707551007516397 0.711102836659516 0.730182856149447 0.739229304553935 0.750788226434568 0.783728556251706 0.810113358930122 0.824082756020186 0.865505918063923 0.889764085275903 0.904450259585325 0.872935502220883 0.821463273092565 0.789367432594215 0.706322915933572 0.634038095871937 0.628530912177819 0.649892137949894 0.666370638887653 0.665256348892074 0.659000497908483 0.621679436847173 0.583033341284328 0.546897642516486 0.545966354630879 0.559696036594099 0.568520781583459 0.575660598679335 0.57703059290618 0.580877116578272 0.589668782894645 0.591423961438918 0.587673438572715 0.568495244617679 0.538572212765416 0.526933656550389 0.542532639169965 0.579126987076713 0.599694260555455 0.598246347981212 0.606604227873024 0.593124567930295 0.599185609009127 0.641586618340552 0.703118605573588 0.776779570463474 0.830019306099983 0.883948119126414 0.919386562585585 0.957979345090035 0.977751749591932 0.977646415875177 0.967324614581014 0.936710875671167 0.895126863235652 0.87159418202604 0.848741235593019 0.83947102366039 0.833591935414945 0.803040872767996 0.764088442277292 0.7120010234965 0.631195700649532 0.58055448568262 0.572747616531172 0.540100103589021 0.586979339518321 0.412074474091042 0 0 0 0 0 0 0 0 0 0 0 0
0 0 0 0 0 0 0 0 0 0 0 0 0 0 0.591895934357251 0.594552871143584 0.593787437398289 0.669145524635527 0.660229409752756 0.676867941547148 0.699891638322447 0.69996501864253 0.699611904823799 0.722692226333147 0.759296855314156 0.798952026467322 0.832281404031358 0.856251705230738 0.889306208989402 0.914985068793182 0.92629155251109 0.8893482749597 0.82937125337272 0.790656550678887 0.714368186916455 0.640973849001819 0.64362072264819 0.653368396392756 0.670885268041578 0.674715347846606 0.664552054552945 0.633930276545571 0.600660754768792 0.557544953645623 0.548228190864977 0.558897757416316 0.570959802243217 0.578440932039489 0.579775325323672 0.582508633576536 0.595151034264401 0.588998957704066 0.587162823536299 0.580294876075393 0.562542728363649 0.555323712964996 0.558233700108139 0.591200741288101 0.615438103577435 0.621123687336284 0.639700244650283 0.630172040263569 0.629570823458633 0.67269395536447 0.718541894841002 0.794388047780258 0.840507596743151 0.9003320499279 0.921721657109366 0.963869006065889 0.976128643327906 0.968366833734105 0.954295489545965 0.92079464242735 0.871434802023435 0.823717794318867 0.745739090326541 0.802977774216455 0.810591130235546 0.785007424989439 0.738622732150026 0.682509381501787 0.628594375100139 0.573724453413265 0.563902859968136 0.550925227514502 0.548073845475106 0.369061015756506 0 0 0 0 0 0 0 0 0 0 0 0
0 0 0 0 0 0 0 0 0 0 0 0 0 0 0.568628301818905 0.607853416726013 0.641993925997995 0.670251460929779 0.666620328563066 0.669818415448362 0.65777909982698 0.662918040108819 0.684531803590675 0.705383251007449 0.751704190966979 0.800751359337725 0.851413405113621 0.878839888314239 0.911773320475117 0.929852975962515 0.943580784607728 0.903714088290275 0.854999741194831 0.805127139479349 0.745058121270097 0.665437614968239 0.656585488946584 0.678079295438043 0.678055049681685 0.678258011326296 0.66517700969542 0.637075736831313 0.603621302278033 0.565135245951222 0.549470756360835 0.558615174900827 0.575808511141504 0.583209281989664 0.593720226000184 0.608061926781702 0.620758482156373 0.61396282554491 0.603577248721592 0.58275681870329 0.570485256764245 0.564822814152301 0.566499674524955 0.588243509973889 0.603964406997174 0.620357151313271 0.633539007389825 0.621194488206775 0.622410538974099 0.675006629607113 0.723558934136072 0.805084078507175 0.848999699142084 0.896441966350466 0.917248940678904 0.955852783693315 0.977152755705212 0.975881230822131 0.970477986146755 0.935193466014417 0.874438633954097 0.812822421083127 0.772017114147853 0.720613897569744 0.786605506218601 0.764788398492482 0.710569419206618 0.656782948082702 0.58878368412367 0.531139519635134 0.520905047127255 0.547568942622889 0.510330441264777 0.368699910771092 0 0 0 0 0 0 0 0 0 0 0 0
0 0 0 0 0 0 0 0 0 0 0 0 0 0 0.567643673703346 0.622521909866868 0.636670271977 0.649105655881958 0.645309502299365 0.63467568874691 0.631016815224317 0.637601569824153 0.675222518743834 0.703926270723044 0.74386233243235 0.797041340350819 0.846668279824905 0.882522447414854 0.918449241365068 0.947615273498886 0.95917577683615 0.935228433559047 0.897621200100862 0.826994024970121 0.782536873233296 0.72066398171017 0.699229105162899 0.706786440301925 0.693592814572363 0.666139395617956 0.64819180266322 0.615941649682744 0.595222009000557 0.560068395504892 0.552666691712203 0.559735931916644 0.580493086111834 0.593935934986325 0.610611522627324 0.626639149078414 0.630713462236773 0.621715247721711 0.609423877024855 0.579224993472014 0.556886574957464 0.537623766102947 0.535161614596967 0.552402907693027 0.572740841394365 0.583856947567333 0.593510737666488 0.591590758961258 0.598445120350153 0.64219136051116 0.704391456173446 0.780108581429791 0.830251295573056 0.88602016727742 0.908702387394353 0.943377992935278 0.969138995734059 0.979788932710249 0.974940289240284 0.943062203887064 0.890654795014546 0.829366082823592 0.789836660252114 0.781874282452809 0.72945433804243 0.744873574749267 0.699296639803289 0.641952505765587 0.557606775813621 0.514788973974106 0.501616513708509 0.519253990133528 0.499246425082766 0.391777447873923 0 0 0 0 0 0 0 0 0 0 0 0
0 0 0 0 0 0 0 0 0 0 0 0 0 0 0.600682359454864 0.624881598411055 0.629294338080564 0.64105550750091 0.642442535864478 0.646238372674552 0.640832055749961 0.636882985880978 0.649184698329616 0.676156194573979 0.720647349276737 0.779426496501116 0.846373475333208 0.892673111416549 0.921613069105012 0.951252432879205 0.951637886186042 0.931985810385486 0.910422801420909 0.865705107324455 0.821255235437453 0.770138880368464 0.753675028854135 0.729539105670583 0.69881261779485 0.668356148486544 0.638713974068715 0.599350789024635 0.572121002674771 0.542030867010269 0.530680323181735 0.546380963034978 0.566111339050461 0.566327431883632 0.602124621624253 0.629710439844777 0.637310385776751 0.639918388065753 0.619585455680783 0.595355114561278 0.562489791685491 0.532908450833684 0.53162386870804 0.53261664695802 0.547826160541994 0.559738238112166 0.55749935535229 0.547875975704656 0.56340797170717 0.603274584278642 0.669509974245822 0.747246549424524 0.80829784852866 0.859939884672539 0.902284553451993 0.919337571010223 0.954272341868164 0.981585105723971 0.975763693938792 0.947746891688938 0.89837063004831 0.844158706363943 0.807770772837267 0.795859954513402 0.776049249716815 0.734073732662484 0.692581101215774 0.641126579874486 0.572766085037431 0.534382573431618 0.546003352320918 0.565607521051991 0.508237727408248 0.441786090541608 0.182179796106912 0 0 0 0 0 0 0 0 0 0 0
0 0 0 0 0 0 0 0 0 0 0 0 0 0.134107459028848 0.555915532731977 0.602970898614163 0.630189106121793 0.653594360923421 0.665181409293046 0.652712817118932 0.638432685519393 0.629219462885176 0.643876188646539 0.646756698661124 0.686458716613682 0.76211602883271 0.839403829434454 0.896782208660572 0.928678214116833 0.9397732741417 0.92881760134811 0.921075521302979 0.893899268446385 0.861396415945042 0.831026263068489 0.800226478708898 0.788251998035287 0.743402832573884 0.71456969701645 0.661182571861117 0.620361890348699 0.573813753315082 0.521717359444384 0.497165900189904 0.503465806450354 0.524513008567221 0.538305648947884 0.563336797454805 0.60343293217392 0.61850431192903 0.642833687494644 0.650470407246766 0.645568142828898 0.628328379972797 0.575769578316269 0.553576465233737 0.544813444962718 0.549631045213369 0.562484587425175 0.546563200556962 0.542661582676061 0.528380848699887 0.552287438479736 0.581939910160067 0.621178630827942 0.712917745562017 0.784882833051875 0.828146803065524 0.878938932975152 0.917268660915188 0.945511527816236 0.972483899467153 0.972381629311644 0.949108103521544 0.903429261670089 0.869774826260965 0.83491111039047 0.821989311474619 0.76978656694194 0.74467185812039 0.718986308430787 0.666467175467256 0.621929707549723 0.592655116358839 0.586593165817306 0.580535694086905 0.516243698898314 0.486154068808494 0.25100623738869 0 0 0 0 0 0 0 0 0 0 0
0 0 0 0 0 0 0 0 0 0 0 0 0 0.41976918414527 0.551308122734345 0.59952893824732 0.626665284744197 0.654370546035968 0.667011143474331 0.65279273343612 0.636117201689818 0.633756502930709 0.645601920411203 0.645612269802984 0.67403053449053 0.744115582510599 0.831333126325101 0.885535057387765 0.919622931338746 0.921297270243714 0.903641393245699 0.878886135748456 0.868366157002472 0.850220603619063 0.835656455454712 0.821518031378638 0.801731628950676 0.764346872749773 0.713787081012466 0.657946647585929 0.59135973910442 0.533750365172769 0.474893700027067 0.452705589808115 0.459253372955758 0.495033080128502 0.535253171282474 0.569521399502086 0.606431626818346 0.626061699913449 0.644911627479732 0.663153019530453 0.667293926351685 0.646508197878231 0.609520646852233 0.581665861493575 0.571036746428806 0.579481395640313 0.581092762734187 0.564077205230796 0.545987609367417 0.542417997946908 0.557835465192575 0.581294210198993 0.60332908495307 0.671437441146241 0.755464648503544 0.818230380047261 0.869031569901878 0.907324735391692 0.94049863407898 0.972856389172003 0.976520673389187 0.964814096186445 0.926214687825745 0.895518684101546 0.863980358133023 0.833578029081544 0.797032958817127 0.766982725546063 0.737554564883028 0.703453409436793 0.649121636413394 0.615616583327259 0.593395080517067 0.581089073387254 0.525346249198302 0.522208580263923 0.311431278623438 0 0 0 0 0 0 0 0 0 0 0
0 0 0 0 0 0 0 0 0 0 0 0 0.0359703569288761 0.411388786200266 0.554886342284616 0.57793745459229 0.609988243733366 0.646021130042545 0.663527504331905 0.655170892519921 0.643680013854177 0.65378310996511 0.67386297948166 0.664370857581733 0.684964761960959 0.743571332343156 0.820655888250603 0.879380848231211 0.910001574439592 0.896974734297144 0.868961028950024 0.845468770442712 0.830883914157669 0.830984367898541 0.838469569935412 0.824342275931285 0.810246358998007 0.769089231156375 0.711505484304364 0.638369030093535 0.560614833310316 0.474068365194514 0.418838134716729 0.41559428152943 0.443788303838141 0.483849807824681 0.53387828645012 0.566196680618848 0.618729559173041 0.641747739452347 0.665767982186589 0.688012011827459 0.693103210681817 0.685409798418123 0.656402233298952 0.62899753721869 0.617086796502898 0.616257869636252 0.621268841026469 0.597696795827248 0.586273247090949 0.591714441453587 0.595730476351429 0.605381873736322 0.62617237420098 0.66846457513102 0.75993743822211 0.816515007563148 0.872374894198596 0.905058942410676 0.940212097375368 0.968931195771868 0.97992626915691 0.983064573591085 0.954274941060365 0.917838717448274 0.887347654694782 0.849911448743914 0.82450322831684 0.803142666696379 0.77249793954203 0.746883574801375 0.687537572234311 0.626922409370596 0.60243093630444 0.561217173802145 0.559386201964212 0.527748554666068 0.32375798867557 0 0 0 0 0 0 0 0 0 0 0
0 0 0 0 0 0 0 0 0 0 0 0 0.0568544922630049 0.418845151255108 0.521564160190545 0.560387768922455 0.599595298305815 0.64016938967858 0.674935870654006 0.676385855293954 0.679570171210223 0.696882684766892 0.71473111282642 0.715755328896089 0.723859413368838 0.766174111288581 0.813484269060322 0.856189368634158 0.881388262407627 0.871297630192638 0.8352148764416 0.812088990949781 0.81902522616815 0.825693982867886 0.829033593889002 0.819325776389307 0.799475002673781 0.751665317125045 0.690814294884655 0.60146581157959 0.494998467323507 0.427435563975484 0.392312154104076 0.409027741381487 0.444201547645012 0.495986895364406 0.542445487054123 0.587335313687992 0.631893415180547 0.657985118542694 0.692041894292273 0.722705174218482 0.731711055440402 0.733562150341569 0.723894958253785 0.699987308085947 0.689639687899976 0.681731952425844 0.678273690746556 0.65628583141186 0.64357236332246 0.643260247198599 0.650078324223652 0.666838150558558 0.680302560057762 0.69562687427137 0.761394401450788 0.83595419368297 0.872818619785238 0.906891556903835 0.946618077077451 0.959539040262638 0.977049830256355 0.986143476243779 0.974172134013307 0.94125922432506 0.904993343483321 0.879544304545493 0.850913251603337 0.822664806739886 0.78212086482001 0.755074870921996 0.699585416541977 0.63568674059219 0.590806465126611 0.558879105660685 0.552532521803036 0.538814718285312 0.319037345337679 0 0 0 0 0 0 0 0 0 0 0
0 0 0 0 0 0 0 0 0 0 0 0 0.0657214398940898 0.442497267448397 0.518291204731001 0.552963963989272 0.596457761849525 0.644503144546114 0.692052409800555 0.712740721985349 0.717594890017774 0.73467002790019 0.752888380813794 0.758956534318896 0.761534549194611 0.783730727660694 0.810242295411902 0.848233633436807 0.863669523767924 0.846006973453672 0.816596519889208 0.801045996793034 0.812472508882718 0.816629208142059 0.82410800172135 0.807172183532847 0.771254148152997 0.719413222267427 0.649713687725197 0.539853152672256 0.444747204915822 0.390864413866478 0.393239192959288 0.424733704374982 0.468336137640626 0.514729691617653 0.565392869659249 0.605729264016379 0.655257829660525 0.684142983851699 0.718089693173308 0.770592997425834 0.792300906617168 0.800350124858466 0.794378488309709 0.776665801243977 0.762715803476737 0.745675305045433 0.733165030796083 0.71963309259208 0.708547001091287 0.69527638340467 0.712464250725779 0.72614559897597 0.736028996622215 0.768992728289418 0.827381394442424 0.87367590222879 0.893261903320252 0.918067338532997 0.939983379020017 0.94576493741459 0.964194465819495 0.967678495425723 0.970372969032224 0.945189839711673 0.913261673341563 0.887521198269823 0.864662965550923 0.827925439520488 0.782197004019784 0.747083741782452 0.704140691880926 0.641230855462211 0.594254375737364 0.56290240872784 0.528615092336723 0.488428800039596 0 0 0 0 0 0 0 0 0 0 0 0
0 0 0 0 0 0 0 0 0 0 0 0 0.0403128564192987 0.535784233943105 0.536275265044963 0.57639356326467 0.613739867119026 0.66888725602071 0.722274803403554 0.74704334077024 0.745634933696623 0.764864589991831 0.773445885194313 0.779521071867056 0.782136285178931 0.798678562570098 0.821309950202165 0.846595085151427 0.856854262640917 0.842936064562116 0.806602168439737 0.798966692949391 0.798529514429047 0.811690820883244 0.815379898299364 0.782437216193445 0.736115192345177 0.664647699044332 0.577098473799095 0.499124468083403 0.409320114888331 0.37830026667514 0.412843911616776 0.451762439670348 0.493116478177926 0.546138604098569 0.610608485592845 0.646968686102881 0.691334383781124 0.738764045313276 0.772562884941577 0.815429256438967 0.851263566850477 0.862858800129693 0.859774641090314 0.843332049524722 0.829384834430482 0.815659814331272 0.800366667779166 0.785015714684485 0.767323298613279 0.768880422915097 0.776158855270433 0.786236178280068 0.802865114376136 0.837121786127694 0.867490898769321 0.896946544579114 0.914672125287494 0.923399943994684 0.933255026668533 0.93115720849901 0.932296253080161 0.937705954066092 0.942612997841529 0.932000620052412 0.905129519450574 0.891881717639588 0.865578025799357 0.827143874333024 0.784131072396572 0.740475479253144 0.69865617727518 0.655356016638693 0.609938302140283 0.589909821522971 0.534899498083028 0.504352661333969 0 0 0 0 0 0 0 0 0 0 0 0
0 0 0 0 0 0 0 0 0 0 0 0 0 0.533994589977858 0.561317632641688 0.59823963881709 0.642018793815376 0.696499584865215 0.748372204087634 0.769196428019996 0.774664632904787 0.790753465976283 0.792420382099829 0.791456815696195 0.795385204415183 0.802413242449602 0.830772103365978 0.855441479255007 0.864019636798873 0.856103896232416 0.820156890972533 0.791014623937357 0.790692263231915 0.801498629735723 0.801172221868208 0.757885691283583 0.704321677400703 0.613448021082906 0.548311335937114 0.468148197476072 0.394230768235365 0.394075257600002 0.445651020337304 0.492069617688685 0.539173827764396 0.601344363639413 0.655850690083074 0.701304932012009 0.742785567588074 0.783391206293497 0.832789289390086 0.873816458692943 0.903914233057278 0.923434479963028 0.917192779284851 0.897326434665006 0.88073965949414 0.871770230002851 0.857529135133414 0.845436349195403 0.831715928814067 0.826114574404718 0.826738223011196 0.829888204377689 0.840784935648468 0.858917302874328 0.878340272250054 0.897776709622027 0.908111956653242 0.911674027622652 0.91044362086523 0.900631970678004 0.899477602487487 0.90850132403129 0.91101474089092 0.905456352164072 0.88622524477109 0.890561962587377 0.862567428742921 0.826745187172858 0.77948873574119 0.735818305773831 0.693502613661478 0.654401185774807 0.614116173459983 0.604715824041712 0.52320764845688 0.474362961451464 0 0 0 0 0 0 0 0 0 0 0 0
0 0 0 0 0 0 0 0 0 0 0 0 0 0.231104513081239 0.571410052957176 0.600413891996576 0.664648564498073 0.718255376556936 0.769273891213218 0.778985970104998 0.789460205093454 0.801978941124873 0.797857331551181 0.793783468716145 0.795617823458283 0.808751795746321 0.835088690227228 0.859787769150971 0.869329082598046 0.864659611052554 0.834654246526908 0.80094644212685 0.787224372939282 0.797111708837213 0.771299044998593 0.718585419905673 0.648864525617301 0.59379077276682 0.530804934592637 0.451627041589398 0.405848132570281 0.425449516087752 0.479105846656344 0.555729550958114 0.598663955688469 0.665146258002715 0.724000329762994 0.756720421863051 0.785931046933789 0.827886673201834 0.87369699731277 0.905339641196858 0.931096246245062 0.944911896811187 0.942171877928497 0.934273351396084 0.931988419494112 0.930980115398199 0.916773814265948 0.907663216320192 0.893962968290203 0.875971144446325 0.859544178359597 0.852870507760283 0.844314896389437 0.856488188045352 0.860565454829889 0.882263317644431 0.889130112015581 0.890648807005837 0.88222234480685 0.877284370434048 0.869725824451876 0.881890942263028 0.89071423657817 0.889143832834829 0.879315883886677 0.885557833596238 0.86254594521394 0.827025759650881 0.774118216967023 0.719204398433213 0.681419323605465 0.644533709715995 0.612289278684771 0.595333940806697 0.525947743866926 0.414206030525036 0 0 0 0 0 0 0 0 0 0 0 0
0 0 0 0 0 0 0 0 0 0 0 0 0 0.163041098135611 0.544006185816143 0.610979559816379 0.666711479350489 0.72988712891784 0.782268515068193 0.804503307443016 0.808168506019254 0.810988803745775 0.80190077980249 0.791786063813981 0.791993217787934 0.807157669737241 0.832361788603816 0.858219082425131 0.867485440387684 0.869873218120373 0.847230965601051 0.809088157371824 0.803090737483675 0.788761879167431 0.744135407456651 0.693517007123816 0.641739646604097 0.5987301141319 0.537591363837013 0.467680305513236 0.443015582851917 0.464293167871038 0.536133234650369 0.620494310929383 0.673202059821911 0.737618290447256 0.771660525541149 0.803330176053887 0.828797424443912 0.858092389722013 0.883239014770744 0.909890478575165 0.931792462146997 0.945727042581332 0.945010284515099 0.948527401835975 0.960932580110978 0.968139854894153 0.963045897119349 0.947560287395564 0.92842932050056 0.901104569697872 0.873316719997231 0.847326081180025 0.847780505594185 0.841093083212448 0.841750001611255 0.856870737130567 0.874399691029042 0.868858515512416 0.865853845954553 0.847236688583718 0.84314129597798 0.855806639548282 0.861617757714114 0.867091955387525 0.871760217459511 0.887844193328116 0.858283935811369 0.819693845898078 0.764290271721702 0.716044324436564 0.675286838101524 0.644366493668974 0.621786416945272 0.621988318776821 0.593769704179041 0.372044968449669 0 0 0 0 0 0 0 0 0 0 0 0
0 0 0 0 0 0 0 0 0 0 0 0 0 0 0.507296224824971 0.604322442617475 0.658104559362258 0.721164241877701 0.767672022945849 0.804604734780958 0.824929948233726 0.82943863414477 0.799768272145606 0.79695129243351 0.789665111264244 0.806820946093071 0.824357184675136 0.846239587171042 0.856986662254903 0.864187627008261 0.844137478430719 0.819812718632947 0.801914752523398 0.759822774860666 0.727543767780575 0.679716138973005 0.658519509952173 0.623024286312835 0.55900635004193 0.508540653931277 0.489114061464401 0.527170147165111 0.59709618664899 0.683463023478975 0.750784974117737 0.801870202439759 0.823204870854169 0.832215806788035 0.858456523438919 0.874844063554375 0.890936148626855 0.900860350340777 0.922794017066673 0.930338159351324 0.941187588269723 0.955124984622481 0.968713234994453 0.97674619785209 0.974301332078834 0.953121327443892 0.929875412442082 0.909549328554799 0.868321749384666 0.838978254594712 0.82419784676312 0.825873489495372 0.824753857268273 0.836423893355735 0.849307971193373 0.850337053887483 0.841649620666523 0.833122115241527 0.834105773523979 0.831318007313149 0.838283340520182 0.846984812404169 0.8625446249699 0.876390048186579 0.859390200891963 0.817837232843085 0.766801930695874 0.71017512759629 0.670645986929007 0.648308338448984 0.610443043417205 0.584566731714129 0.599066328296241 0.318887238987543 0 0 0 0 0 0 0 0 0 0 0 0
0 0 0 0 0 0 0 0 0 0 0 0 0 0 0.371409837155205 0.567372979225198 0.618627074815173 0.691147685944695 0.746085425684069 0.79448487918612 0.828853611891688 0.839912189075741 0.814842542555482 0.798742906590037 0.795475108154973 0.80724633546087 0.820527411504963 0.83215828188475 0.840666274009889 0.837623564445675 0.820053483117886 0.803085118094395 0.781304566190081 0.74728587656922 0.716528242548868 0.698826134808485 0.673835895373022 0.654025103992199 0.628906114133472 0.576920306054979 0.561420597642718 0.628976013248217 0.695757053732617 0.768438263673926 0.823399470971146 0.854958710515073 0.873778872573016 0.868249750459186 0.867648794550993 0.872695425129227 0.885169128288416 0.88957604170354 0.905763174137904 0.906067291669772 0.925123737427841 0.937956738929409 0.946699547759764 0.956587135971266 0.955961115179114 0.930693414235917 0.910085905091497 0.888971491931671 0.846467900313856 0.8106762153043 0.791252534842415 0.796202763934696 0.805394353551236 0.813887030816111 0.817772769641189 0.820428108044703 0.810861314597805 0.81013593655246 0.799618624428332 0.799117723781687 0.802745618337233 0.820076833735269 0.846184584055657 0.862093617016848 0.833129991820586 0.793484324933186 0.749029480126919 0.69522457798645 0.668436191033292 0.645121058297287 0.619783332392585 0.621888185488012 0.514916242445585 0.0502804473888579 0 0 0 0 0 0 0 0 0 0 0 0
0 0 0 0 0 0 0 0 0 0 0 0 0 0 0.00546195499686042 0.528912403743865 0.588044837559548 0.652100524433793 0.721854315540164 0.779834096720037 0.815300803364371 0.828989286631884 0.82196145699523 0.810983646721295 0.801275832139908 0.799321218511674 0.812559256155723 0.815759685245989 0.820081331027079 0.81785648229878 0.804282718447515 0.791839430816681 0.774089097845733 0.746427541201562 0.735193557364011 0.730250760444137 0.72635563243943 0.702574400809488 0.698943604662435 0.693991866630206 0.694245833852468 0.742706525916207 0.786897440253719 0.840308548142157 0.886378354146135 0.89350401693393 0.896816319372478 0.881435732662426 0.862923881503475 0.871822255294116 0.867368325138006 0.868988830148821 0.883921031346966 0.881929392360803 0.88572362396606 0.899079519123083 0.905098387136261 0.914304939165866 0.914761882931393 0.901316521528992 0.87753117700882 0.844374504413064 0.810776774763612 0.770768405626544 0.764172319367354 0.767346034458858 0.775828326398191 0.786031649313334 0.791962749591757 0.793525412656043 0.791662757359842 0.785442549204275 0.775965929961013 0.779866634091265 0.779838113298821 0.794695066980775 0.825896541764147 0.831362619401739 0.814173376445501 0.763284872353931 0.714361564185195 0.672342105828127 0.65991753465349 0.654170284980573 0.585079721713342 0.593815758055927 0.516218142350033 0.000555893590888388 0 0 0 0 0 0 0 0 0 0 0 0
0 0 0 0 0 0 0 0 0 0 0 0 0 0 0 0.48591947814043 0.568302912529704 0.630736589639247 0.69650697572282 0.744716777214991 0.79232637127586 0.811082350225442 0.820384649476702 0.818169435336639 0.817336484802849 0.803284703372976 0.804555645712273 0.798996987891219 0.796972804032103 0.796949057821683 0.780166184971653 0.766262516303226 0.756338925105181 0.749769745055731 0.747292324510563 0.752640043801112 0.753198664697199 0.749645478037206 0.75204272768538 0.762451452691562 0.777428238463237 0.802786698856745 0.83287045769347 0.878305116696518 0.906778638901685 0.909214938223857 0.896205317270888 0.884782899033293 0.86059704071769 0.85778091222294 0.851741958627503 0.841283748668495 0.842307895834071 0.842579665076332 0.851225809710418 0.860330851267416 0.850767502930534 0.8578514244371 0.866943255624053 0.857767178542759 0.8227816991036 0.800113727827554 0.761994291883965 0.733782931796942 0.728326093700367 0.734339000323299 0.747418617962933 0.756156360575494 0.766383487959512 0.773505326318371 0.765620596923693 0.771392486103322 0.773262670616955 0.776496891084899 0.776768017868546 0.78723899398453 0.801328736335332 0.798691081309856 0.780251736848895 0.739643136319833 0.705256059430842 0.658669668593148 0.667348830039366 0.649168089444964 0.565908328548569 0.549371162217436 0.250062336303287 0 0 0 0 0 0 0 0 0 0 0 0 0
0 0 0 0 0 0 0 0 0 0 0 0 0 0 0 0 0.553977233885525 0.642426802508645 0.673121602790991 0.721770269249364 0.751839250727234 0.775645128004708 0.81529454464729 0.829025126290693 0.829199271552455 0.807148843842018 0.794914126573237 0.787120126760242 0.780945203569238 0.779536606951145 0.760556284714039 0.752908777113629 0.747980670990207 0.754253649595355 0.766684796207195 0.774585214306865 0.781598738644652 0.790350365011206 0.785333600654237 0.796140931949247 0.812774567796387 0.824866386256314 0.848783747664189 0.877568832613591 0.904368752803322 0.909917867264926 0.891623330344966 0.872002940060775 0.846367496338506 0.839571403391223 0.827574946239088 0.811730063813282 0.814241538907844 0.814894642032905 0.823228069256677 0.827730333693467 0.822610759487573 0.827651061299142 0.839633608086098 0.821844946320015 0.782891900664518 0.756332657425037 0.726183095494377 0.705131426354596 0.697758386936564 0.700468258037297 0.728839140524351 0.737479405812676 0.746480636319833 0.75800743791587 0.746683051223425 0.757771941048372 0.772673731808097 0.777366820340453 0.782618720745599 0.780535652154966 0.78378831502596 0.771243264253803 0.748402178334329 0.710902498878089 0.681122330551533 0.673874979988121 0.666201888874553 0.621772094905068 0.555139955975321 0.0724845958082153 0 0 0 0 0 0 0 0 0 0 0 0 0 0
0 0 0 0 0 0 0 0 0 0 0 0 0 0 0 0 0.248082876562321 0.611459870600036 0.655930613469699 0.698115459985324 0.72307203636861 0.751037748206107 0.809235387994957 0.827374970816919 0.829896744903135 0.814852783946575 0.802011817022752 0.792104813997376 0.778032709357822 0.780901933618548 0.763251580340251 0.753557850472938 0.759743800567511 0.765465186374654 0.779444888093582 0.793392002667028 0.798142415713149 0.807628938966344 0.811996712172963 0.816854243471781 0.82293478149048 0.833023435134788 0.85289266541407 0.866469850027492 0.887660105361548 0.89569969194165 0.86162094794012 0.831147987083525 0.813253774966162 0.810177900119981 0.804714025019026 0.791774005522108 0.794799761199433 0.793035035831584 0.810331158766848 0.817795400424766 0.80956970827195 0.807453185425716 0.812040919075214 0.79057162410119 0.752901331217169 0.719840930499554 0.699389578731964 0.688326902723781 0.674705488109081 0.68130883420476 0.70666413231379 0.726647825907042 0.737556582049608 0.749828102337627 0.745319862956834 0.758172165702786 0.7732942633253 0.776551033603597 0.770504731894671 0.762078689164993 0.75329827404127 0.731949111926096 0.712479104833952 0.695465438106018 0.686591182332804 0.69481284233719 0.676021474715836 0.618216796210921 0.476707476532146 0 0 0 0 0 0 0 0 0 0 0 0 0 0 0
0 0 0 0 0 0 0 0 0 0 0 0 0 0 0 0 0 0.414755034401683 0.650621388587177 0.677537575225395 0.677260299717956 0.73083002187261 0.784563202846487 0.813266638763468 0.81568896320766 0.810464638885499 0.807510004779621 0.79923461437404 0.801704499303332 0.783825434948715 0.773767752440783 0.768591601818125 0.781390621725091 0.78259799271928 0.796353237394889 0.806309418908529 0.817601021342337 0.818766849226609 0.817458344362743 0.821325039205759 0.827372091462774 0.836223908434874 0.846556242099463 0.86075788516951 0.869706852635717 0.857376963251383 0.824446733833941 0.785724406707235 0.772776266996925 0.77369584563923 0.79529376602959 0.780329124984106 0.771758452693833 0.780681054457347 0.787691033602433 0.796525530417416 0.788963465440362 0.783252304990356 0.780641424077879 0.757626950448671 0.713092091521868 0.686523165934329 0.682522462603155 0.669324352362662 0.655631106473095 0.666500496017769 0.696277157289034 0.727526523454348 0.738798015313243 0.75245259959829 0.760299875451559 0.763658028275771 0.76795599064028 0.769457765248152 0.757853820449558 0.739945782923988 0.718295702562079 0.692361397875111 0.689146728487833 0.684544386584155 0.697245242513004 0.716675565865035 0.621515824667583 0.640501834087503 0 0 0 0 0 0 0 0 0 0 0 0 0 0 0 0
0 0 0 0 0 0 0 0 0 0 0 0 0 0 0 0 0 0.108563857624578 0.589279171816764 0.634233117493034 0.647135393866505 0.696185057846251 0.752227832007688 0.785069180576347 0.793698591575023 0.798141629101758 0.806901318526532 0.810842463986768 0.816669536187836 0.814970791090885 0.802339866603773 0.797066725817837 0.808404521502851 0.806116392533953 0.816907076942263 0.816853528941873 0.830713193548656 0.832908681831234 0.828165785346839 0.829582818437047 0.825165115939359 0.827783875456974 0.835272241066455 0.839862597321572 0.836273895230439 0.812603753175643 0.774546465209866 0.7387031743638 0.7340492149169 0.744062771123194 0.767190123347932 0.755240959010186 0.739294166140546 0.746002490331303 0.755306801306971 0.76761503508112 0.755195017202152 0.755928724865871 0.746931325068199 0.719647611519832 0.683824375828479 0.665601888673692 0.660645798185065 0.647423152485368 0.64583851427581 0.666277479934558 0.702099405226977 0.72513861314314 0.740078930397726 0.759248762069715 0.771240813739575 0.769253478003205 0.762242763571108 0.75569687668112 0.731002361071359 0.705611334494698 0.67573398009251 0.67260700504272 0.677699771326908 0.674266272956095 0.710113632938147 0.674210798073281 0.648079317212551 0.617751272220769 0 0 0 0 0 0 0 0 0 0 0 0 0 0 0 0
0 0 0 0 0 0 0 0 0 0 0 0 0 0 0 0 0 0 0.218292496441849 0.614294477457795 0.615408565637451 0.651700434787152 0.696846807622743 0.747711266315453 0.76146987216879 0.775428364119325 0.801458887703679 0.817976014265622 0.832796588983973 0.840379195129753 0.834344966586609 0.831302015411228 0.828163176236757 0.831118639853883 0.835065007686867 0.834877783674393 0.836427367888993 0.838063018338095 0.835541832448885 0.835388984771118 0.821376321705377 0.822844779648962 0.820704952930674 0.812406827906513 0.800287123015725 0.758633990569309 0.73461193563269 0.704125137975569 0.705947462453237 0.734513277138897 0.752369941919992 0.735673101677697 0.713805375201851 0.718817991897787 0.725459332296638 0.731037460347398 0.732725344957117 0.732217416078483 0.714842782954205 0.682752619273945 0.654235512482266 0.646360068417659 0.639432840575434 0.639637077711357 0.647255065178556 0.664785192727396 0.704385153224712 0.729643649058561 0.748288574666594 0.767144860130223 0.771497722488316 0.760137799462076 0.745494134964865 0.719264094416539 0.691056942110607 0.668343413451395 0.657405006562045 0.664609320636505 0.66832766909041 0.667469986645065 0.659657364646687 0.698915523479266 0.539100331490689 0.289838053422563 0 0 0 0 0 0 0 0 0 0 0 0 0 0 0 0
0 0 0 0 0 0 0 0 0 0 0 0 0 0 0 0 0 0 0 0.54224880962722 0.578313193999865 0.626991327204605 0.671053470238031 0.705602137563891 0.712304414685497 0.741753672960742 0.779789411146848 0.813666581414712 0.83915966370873 0.851029722848644 0.860682968448272 0.85693734148711 0.852594717342721 0.841516354894327 0.845717738860825 0.845726552283738 0.845437426848714 0.8426415653793 0.839756972036 0.837774027784214 0.818263567129936 0.819284501175707 0.803743247122388 0.78870551848714 0.762725774185657 0.730361982362008 0.7081003672265 0.687057660360812 0.70574505252023 0.732759978475549 0.73350426132222 0.712703347081063 0.694169479440206 0.714429309172285 0.713391000038251 0.719059225055729 0.71868567856529 0.714390129229669 0.696218639229466 0.662230053822626 0.64251693438444 0.64629879242303 0.642956507624746 0.644330808434513 0.650678434133976 0.675907074415488 0.710072897449984 0.731424989067625 0.748712500999939 0.759393544137744 0.749941374904751 0.742896763268826 0.708954516538088 0.683208899026132 0.665244178675444 0.653651731793891 0.647585025437749 0.654612249089546 0.662933137078448 0.665990030555923 0.661608945778738 0.562741099799267 0.332399038263921 0 0 0 0 0 0 0 0 0 0 0 0 0 0 0 0 0
0 0 0 0 0 0 0 0 0 0 0 0 0 0 0 0 0 0 0 0.0441802588042948 0.554813028446648 0.614238531383936 0.645480844422128 0.679024221287691 0.668332871646318 0.684194167686303 0.739472421508137 0.778766862326246 0.815958543213782 0.836285422823981 0.844965712543421 0.856344857021242 0.854651584105669 0.850478832710819 0.854210534162166 0.849201481206562 0.842710840235193 0.840466466733209 0.837252477658132 0.828348334028875 0.814218943845523 0.809190304908906 0.790978323309588 0.763791442158289 0.722141873591934 0.707025812413309 0.705120307491572 0.684314336598268 0.716865534391264 0.729016623185089 0.718331553895576 0.707646520484514 0.698357337933615 0.711070162101608 0.716469784536583 0.728863749987774 0.715678529077236 0.705422161139745 0.681583728187939 0.653662646370981 0.645322810811893 0.651880094492633 0.656165956729394 0.657816441375222 0.66559354068235 0.683947503530789 0.717914310723573 0.729988571221389 0.740414694215456 0.735966382851864 0.723105581163083 0.695641728797276 0.669820916713495 0.645380937614404 0.658456198509692 0.666444407744436 0.655535653937972 0.661814038144863 0.642465667917322 0.618982731272059 0.568844490478833 0.450635114058978 0 0 0 0 0 0 0 0 0 0 0 0 0 0 0 0 0 0
0 0 0 0 0 0 0 0 0 0 0 0 0 0 0 0 0 0 0 0 0.155903987679525 0.545692519795588 0.600630555097715 0.646053016313764 0.650534398330454 0.651609118781282 0.680280049045624 0.731182333954236 0.762696357980601 0.786262803048466 0.806253516524872 0.823185402148387 0.832597615979531 0.839167088217848 0.846189220616989 0.847581581138455 0.828861075573089 0.825272922793415 0.826133179215614 0.818239822648667 0.799560712085806 0.787646526312397 0.78093208994438 0.738478232975944 0.720422608592792 0.698735482786844 0.714076329362843 0.700816236860773 0.721280703606848 0.722669598888522 0.713360605101069 0.710972746166639 0.708243743656865 0.719894644427228 0.724295856704057 0.724458428525002 0.720668900388204 0.703420615360704 0.682547618736277 0.662653438190497 0.659028363967951 0.670747704157557 0.680600992512946 0.68053722233572 0.686862661665536 0.697903940044881 0.719628828414138 0.729611886302367 0.721885249819982 0.713968082378437 0.706158852090131 0.67014290618977 0.633976355896886 0.624413191717617 0.656299329550371 0.679761093558891 0.68513868350857 0.688491399141991 0.595939564785217 0.522348741776921 0.298139422041372 0 0 0 0 0 0 0 0 0 0 0 0 0 0 0 0 0 0 0
0 0 0 0 0 0 0 0 0 0 0 0 0 0 0 0 0 0 0 0 0 0.230193151606374 0.600956203836877 0.627259108474778 0.640834526756387 0.629076323165259 0.636175573666596 0.681009517687072 0.710388672116251 0.732086874128437 0.755869001539236 0.787783438317708 0.794286730866436 0.806188303325072 0.815510746379201 0.813175332627446 0.793377778210388 0.783003532229881 0.799274726543614 0.794305719931907 0.765653194340747 0.765742053765802 0.762542784754677 0.753496952124843 0.714135107958187 0.7022745420425 0.717222420205451 0.70261977293176 0.71404694766951 0.711199700994955 0.715943346141092 0.714842852453603 0.726223933977712 0.730348942713714 0.71785363568354 0.71446416156528 0.713037561472231 0.701845538689983 0.697210142967696 0.68948358403953 0.690098633872298 0.697166243345093 0.694940828537799 0.693170527424295 0.697595595462356 0.708079271011586 0.72149945642327 0.724288321817394 0.707527236990139 0.694146504559722 0.687065977461754 0.66063685925016 0.627259150627956 0.631772135786126 0.667992532791886 0.697068132068273 0.667379926895873 0.667456384306214 0.520379015773154 0.209966311563627 0 0 0 0 0 0 0 0 0 0 0 0 0 0 0 0 0 0 0 0
0 0 0 0 0 0 0 0 0 0 0 0 0 0 0 0 0 0 0 0 0 0 0.386916578256242 0.578883090624223 0.612030294180594 0.6135847498796 0.606638098785879 0.64735289914333 0.671936351404875 0.683328556496232 0.701370711267516 0.73412520809065 0.756359499737658 0.772231721632066 0.774698955568825 0.76631054783091 0.734709708998543 0.728094631074331 0.741305226615575 0.756226198172886 0.747203219039385 0.754387477002859 0.760048597813362 0.752624703150573 0.710585566035039 0.694173102433109 0.695359035517076 0.691370086275085 0.684939509571701 0.700563974898359 0.718211771274451 0.726717497467986 0.738036117126594 0.737735384804467 0.713952201632762 0.714108535225914 0.71313871682677 0.71209710681846 0.71082289933051 0.712807663605155 0.718099268907784 0.712725425567919 0.71391535359298 0.7037041284002 0.695568859776417 0.701030310371746 0.718278316938798 0.70740710381253 0.697093578342352 0.68785523712294 0.679180584012981 0.665117174285377 0.654123360129175 0.672718917915518 0.684643762687727 0.657056091171264 0.633303201383985 0.436271183103355 0.256743986906935 0 0 0 0 0 0 0 0 0 0 0 0 0 0 0 0 0 0 0 0 0
0 0 0 0 0 0 0 0 0 0 0 0 0 0 0 0 0 0 0 0 0 0 0 0.13218186625206 0.558936921761631 0.583179944044753 0.600339183179681 0.624438051014413 0.646284321639355 0.660321476465366 0.676073586652471 0.709592964427847 0.729439574444016 0.723260445636272 0.714359756008774 0.689430230219431 0.667941538744826 0.667257459195503 0.684022924946122 0.693633240814476 0.721861734570723 0.732465665473513 0.758018239294627 0.739805683705588 0.705555493031633 0.675671904824963 0.665661045344948 0.663814086322418 0.675341148251914 0.688666057739242 0.725454831785228 0.736431943649086 0.747281005029504 0.740192100907031 0.719908595360528 0.722914523016296 0.716303869465491 0.722945876228339 0.720946660576403 0.722951673402985 0.732383591555811 0.725868151497946 0.709635093190529 0.698331444267622 0.686540200184583 0.705368359169409 0.713887045158758 0.698775165647825 0.690478053116468 0.689916018491274 0.683311800904376 0.627777853447429 0.633927033884629 0.64881153068069 0.663142452729813 0.534886213586502 0.470120923116302 0.0101395020845329 0 0 0 0 0 0 0 0 0 0 0 0 0 0 0 0 0 0 0 0 0 0
0 0 0 0 0 0 0 0 0 0 0 0 0 0 0 0 0 0 0 0 0 0 0 0 0 0.511098127796917 0.556025066927502 0.606229263237678 0.626816482035041 0.646587755831551 0.67315946776581 0.686110590733678 0.704380520005242 0.693985826636313 0.670176531113269 0.640646639931374 0.623111494528601 0.625512695426212 0.623763928407745 0.650168234210512 0.696839231134542 0.716621927829382 0.742285904403038 0.72829977352037 0.692322022410219 0.645368256947116 0.635116000010596 0.645257939755699 0.66051823358173 0.683587228018051 0.73263581311021 0.7442359350722 0.747751943287536 0.740413459829351 0.731445118610812 0.729539689870743 0.734932739635451 0.732091272283647 0.723613250520434 0.723690591914682 0.72015975109641 0.726062286199363 0.70527886857326 0.691534013965261 0.688151612328109 0.709258127189677 0.7146985241672 0.654303229161039 0.656385533724056 0.679805891232954 0.684552795577597 0.636811077066447 0.681013783627643 0.510776254824451 0.571530736457818 0 0 0 0 0 0 0 0 0 0 0 0 0 0 0 0 0 0 0 0 0 0 0 0 0
0 0 0 0 0 0 0 0 0 0 0 0 0 0 0 0 0 0 0 0 0 0 0 0 0 0 0.471799981385413 0.53471618669935 0.59554009103986 0.636447244222012 0.656597276205504 0.667834665679497 0.68494775142687 0.667022231694392 0.641504859814085 0.602127443670395 0.587433977398351 0.592817228241327 0.599910114672478 0.617201561647068 0.656756822489085 0.694148287382522 0.717287209730958 0.710083009886791 0.675157906305047 0.621917745572206 0.618421075165253 0.644196178946403 0.657628328088044 0.673219410924737 0.727381917307171 0.734596934319524 0.743022957703949 0.737280648317646 0.734337878164698 0.734946971714623 0.742005217495317 0.728991811001867 0.714022763437782 0.710644560195104 0.720995139985052 0.718108698544915 0.696425582190094 0.675163495473464 0.67598537749778 0.68902873053947 0.713042597105283 0.708990657498745 0.713473565749815 0.657737412931075 0.653441384269534 0.668404618916116 0.611564741569914 0.641628945738116 0 0 0 0 0 0 0 0 0 0 0 0 0 0 0 0 0 0 0 0 0 0 0 0 0 0
0 0 0 0 0 0 0 0 0 0 0 0 0 0 0 0 0 0 0 0 0 0 0 0 0 0 0.0229900790485964 0.483196420485521 0.562343043832027 0.587515460938686 0.636113915623955 0.653303235868053 0.670745818035383 0.66368667300825 0.637689798635577 0.603757423381094 0.588644052349819 0.588506816585515 0.590104395514905 0.60166464948165 0.651057472158322 0.681154992854002 0.702273439544999 0.687924112956601 0.659869888972714 0.612469541529576 0.624372583044132 0.658657925152515 0.660480388147204 0.672171479946959 0.701197563033708 0.724872183751175 0.730960435114352 0.723238437313985 0.724259525942755 0.734472985329629 0.733570579588506 0.724016315802098 0.708108506734203 0.704635165162848 0.664683375586456 0.705626893147946 0.689709932328438 0.615930381646873 0.630008569056456 0.671255483890997 0.656647203324944 0.625869439975365 0.611177875366032 0.590148393547806 0.573929860696128 0.597193192476524 0.501238396111988 0.00568893942090158 0 0 0 0 0 0 0 0 0 0 0 0 0 0 0 0 0 0 0 0 0 0 0 0 0 0
0 0 0 0 0 0 0 0 0 0 0 0 0 0 0 0 0 0 0 0 0 0 0 0 0 0 0 0.0227719797796312 0.0654199333426365 0.523101785253512 0.584524320040034 0.634709743894521 0.658370329200582 0.656851206096711 0.637443051854827 0.619629476489586 0.589371076780875 0.597286057304917 0.597187969505558 0.600778463024498 0.644231958461865 0.676941062131987 0.682443802191866 0.671659389269872 0.649313741612739 0.620744384780772 0.647338163613073 0.671348917457613 0.671288037869654 0.67544478065909 0.690966782738672 0.723662663704712 0.721337423632025 0.708658316866604 0.711399725424324 0.721958012286936 0.721449242577513 0.707546521302513 0.682963488692218 0.684981853701154 0.690807354741906 0.69943406458226 0.665236069328928 0.576261154536247 0.596611433458093 0.637754054918512 0.654934956098458 0.576220389696164 0.63733988413691 0.637965304150582 0.623731299017389 0.0626543873356328 0 0 0 0 0 0 0 0 0 0 0 0 0 0 0 0 0 0 0 0 0 0 0 0 0 0 0 0
0 0 0 0 0 0 0 0 0 0 0 0 0 0 0 0 0 0 0 0 0 0 0 0 0 0 0 0 0 0.00546158265859553 0.524618430716717 0.526232863905888 0.582084666573184 0.616756275684022 0.637282141073721 0.608352418096991 0.601558690321255 0.612969178176202 0.617308688158359 0.628962265385495 0.646794874883326 0.675699548684016 0.679069135803242 0.662620100112668 0.65748428290955 0.637876849999197 0.665190599538672 0.678349645244354 0.681003973609063 0.67270714635433 0.687602071682904 0.721344547208997 0.718752008130741 0.717623269794076 0.712253341573393 0.722448114103431 0.729423007530603 0.70956510668956 0.691782522702545 0.666296049769423 0.551722905478605 0.603129497587278 0.588081992616986 0.594187948468995 0.573632610243055 0.597032670089476 0.595920095229414 0.0886104719963742 0.12326050944314 0.119481474024167 0 0 0 0 0 0 0 0 0 0 0 0 0 0 0 0 0 0 0 0 0 0 0 0 0 0 0 0 0 0
0 0 0 0 0 0 0 0 0 0 0 0 0 0 0 0 0 0 0 0 0 0 0 0 0 0 0 0 0 0 0.0465613724778209 0.366228732767861 0.575490959270723 0.542117229520724 0.554396760033214 0.57521481104821 0.606545502514606 0.63925038482368 0.652053351366101 0.654131419397233 0.652722280512374 0.665065022924656 0.667377399256802 0.670120896524043 0.666222788552699 0.657184084371446 0.659118368701578 0.678572018211058 0.681676297430294 0.68230770696641 0.659704959109336 0.685615077454079 0.697555166393631 0.731222775038239 0.736857075773485 0.733070312281673 0.717917914390144 0.697969266162099 0.57401197135831 0.544673318696477 0.513862887416678 0.502438885847024 0.647801927428245 0.703465981282483 0.153717056795444 0.0816220654337873 0 0 0 0 0 0 0 0 0 0 0 0 0 0 0 0 0 0 0 0 0 0 0 0 0 0 0 0 0 0 0 0 0 0
0 0 0 0 0 0 0 0 0 0 0 0 0 0 0 0 0 0 0 0 0 0 0 0 0 0 0 0 0 0 0 0 0.173271013390274 0.174727540828949 0.333611753037571 0.495342558989705 0.50939890826749 0.548778189000462 0.602988271949985 0.627427045042608 0.631308434415472 0.614429195433955 0.624350240382712 0.64247788106292 0.6421958599484 0.637774702127346 0.626120020180137 0.680301697384055 0.692864207614872 0.640187880595408 0.639194753090175 0.641134909169734 0.661622630399322 0.674056037822263 0.727496911376238 0.719507600524579 0.709164887608314 0.591449719036067 0.501614187518572 0.452912852656793 0.516045240061188 0.420050667470188 0.217401221420375 0.011161792663977 0 0 0 0 0 0 0 0 0 0 0 0 0 0 0 0 0 0 0 0 0 0 0 0 0 0 0 0 0 0 0 0 0 0 0 0
0 0 0 0 0 0 0 0 0 0 0 0 0 0 0 0 0 0 0 0 0 0 0 0 0 0 0 0 0 0 0 0 0 0 0 0.148257289119998 0.427337472152353 0.498569373030396 0.529663527153481 0.577129887754156 0.61749182609265 0.641626484050638 0.61315042050127 0.661813623093042 0.656449205371631 0.611173947762896 0.618080422398389 0.584511525876034 0.567466860569439 0.561376466713995 0.586166553580893 0.626804080515203 0.688010073773956 0.645213909602488 0.594761641705939 0.514297357671422 0.479888798018322 0.191081559153621 0.329640597859001 0.229107830581862 0.19843422276183 0 0 0 0 0 0 0 0 0 0 0 0 0 0 0 0 0 0 0 0 0 0 0 0 0 0 0 0 0 0 0 0 0 0 0 0 0 0 0
0 0 0 0 0 0 0 0 0 0 0 0 0 0 0 0 0 0 0 0 0 0 0 0 0 0 0 0 0 0 0 0 0 0 0 0 0 0.195729513891956 0.327313554432747 0.469920458526751 0.558493579294258 0.552699384216612 0.585145604230378 0.61135277386131 0.59157213746579 0.542244515852831 0.595006209002501 0.597321376881921 0.558795025374142 0.484248048274113 0.5904550057455 0.61249444774345 0.632939216780249 0.39229374693759 0.490689327515846 0.285607215548065 0.010557233692524 0 0 0 0 0 0 0 0 0 0 0 0 0 0 0 0 0 0 0 0 0 0 0 0 0 0 0 0 0 0 0 0 0 0 0 0 0 0 0 0 0 0 0
0 0 0 0 0 0 0 0 0 0 0 0 0 0 0 0 0 0 0 0 0 0 0 0 0 0 0 0 0 0 0 0 0 0 0 0 0 0 0 0 0.0565461967953851 0.189499561927742 0.175509300873512 0.23661117195075 0.272526221258803 0.0790339967406888 0 0 0 0 0 0 0 0 0 0 0 0 0 0 0 0 0 0 0 0 0 0 0 0 0 0 0 0 0 0 0 0 0 0 0 0 0 0 0 0 0 0 0 0 0 0 0 0 0 0 0 0 0 0
0 0 0 0 0 0 0 0 0 0 0 0 0 0 0 0 0 0 0 0 0 0 0 0 0 0 0 0 0 0 0 0 0 0 0 0 0 0 0 0 0 0 0 0 0 0 0 0 0 0 0 0 0 0 0 0 0 0 0 0 0 0 0 0 0 0 0 0 0 0 0 0 0 0 0 0 0 0 0 0 0 0 0 0 0 0 0 0 0 0 0 0 0 0 0 0 0 0 0 0
0 0 0 0 0 0 0 0 0 0 0 0 0 0 0 0 0 0 0 0 0 0 0 0 0 0 0 0 0 0 0 0 0 0 0 0 0 0 0 0 0 0 0 0 0 0 0 0 0 0 0 0 0 0 0 0 0 0 0 0 0 0 0 0 0 0 0 0 0 0 0 0 0 0 0 0 0 0 0 0 0 0 0 0 0 0 0 0 0 0 0 0 0 0 0 0 0 0 0 0
0 0 0 0 0 0 0 0 0 0 0 0 0 0 0 0 0 0 0 0 0 0 0 0 0 0 0 0 0 0 0 0 0 0 0 0 0 0 0 0 0 0 0 0 0 0 0 0 0 0 0 0 0 0 0 0 0 0 0 0 0 0 0 0 0 0 0 0 0 0 0 0 0 0 0 0 0 0 0 0 0 0 0 0 0 0 0 0 0 0 0 0 0 0 0 0 0 0 0 0
0 0 0 0 0 0 0 0 0 0 0 0 0 0 0 0 0 0 0 0 0 0 0 0 0 0 0 0 0 0 0 0 0 0 0 0 0 0 0 0 0 0 0 0 0 0 0 0 0 0 0 0 0 0 0 0 0 0 0 0 0 0 0 0 0 0 0 0 0 0 0 0 0 0 0 0 0 0 0 0 0 0 0 0 0 0 0 0 0 0 0 0 0 0 0 0 0 0 0 0
0 0 0 0 0 0 0 0 0 0 0 0 0 0 0 0 0 0 0 0 0 0 0 0 0 0 0 0 0 0 0 0 0 0 0 0 0 0 0 0 0 0 0 0 0 0 0 0 0 0 0 0 0 0 0 0 0 0 0 0 0 0 0 0 0 0 0 0 0 0 0 0 0 0 0 0 0 0 0 0 0 0 0 0 0 0 0 0 0 0 0 0 0 0 0 0 0 0 0 0
0 0 0 0 0 0 0 0 0 0 0 0 0 0 0 0 0 0 0 0 0 0 0 0 0 0 0 0 0 0 0 0 0 0 0 0 0 0 0 0 0 0 0 0 0 0 0 0 0 0 0 0 0 0 0 0 0 0 0 0 0 0 0 0 0 0 0 0 0 0 0 0 0 0 0 0 0 0 0 0 0 0 0 0 0 0 0 0 0 0 0 0 0 0 0 0 0 0 0 0
0 0 0 0 0 0 0 0 0 0 0 0 0 0 0 0 0 0 0 0 0 0 0 0 0 0 0 0 0 0 0 0 0 0 0 0 0 0 0 0 0 0 0 0 0 0 0 0 0 0 0 0 0 0 0 0 0 0 0 0 0 0 0 0 0 0 0 0 0 0 0 0 0 0 0 0 0 0 0 0 0 0 0 0 0 0 0 0 0 0 0 0 0 0 0 0 0 0 0 0
0 0 0 0 0 0 0 0 0 0 0 0 0 0 0 0 0 0 0 0 0 0 0 0 0 0 0 0 0 0 0 0 0 0 0 0 0 0 0 0 0 0 0 0 0 0 0 0 0 0 0 0 0 0 0 0 0 0 0 0 0 0 0 0 0 0 0 0 0 0 0 0 0 0 0 0 0 0 0 0 0 0 0 0 0 0 0 0 0 0 0 0 0 0 0 0 0 0 0 0
0 0 0 0 0 0 0 0 0 0 0 0 0 0 0 0 0 0 0 0 0 0 0 0 0 0 0 0 0 0 0 0 0 0 0 0 0 0 0 0 0 0 0 0 0 0 0 0 0 0 0 0 0 0 0 0 0 0 0 0 0 0 0 0 0 0 0 0 0 0 0 0 0 0 0 0 0 0 0 0 0 0 0 0 0 0 0 0 0 0 0 0 0 0 0 0 0 0 0 0
0 0 0 0 0 0 0 0 0 0 0 0 0 0 0 0 0 0 0 0 0 0 0 0 0 0 0 0 0 0 0 0 0 0 0 0 0 0 0 0 0 0 0 0 0 0 0 0 0 0 0 0 0 0 0 0 0 0 0 0 0 0 0 0 0 0 0 0 0 0 0 0 0 0 0 0 0 0 0 0 0 0 0 0 0 0 0 0 0 0 0 0 0 0 0 0 0 0 0 0
0 0 0 0 0 0 0 0 0 0 0 0 0 0 0 0 0 0 0 0 0 0 0 0 0 0 0 0 0 0 0 0 0 0 0 0 0 0 0 0 0 0 0 0 0 0 0 0 0 0 0 0 0 0 0 0 0 0 0 0 0 0 0 0 0 0 0 0 0 0 0 0 0 0 0 0 0 0 0 0 0 0 0 0 0 0 0 0 0 0 0 0 0 0 0 0 0 0 0 0
0 0 0 0 0 0 0 0 0 0 0 0 0 0 0 0 0 0 0 0 0 0 0 0 0 0 0 0 0 0 0 0 0 0 0 0 0 0 0 0 0 0 0 0 0 0 0 0 0 0 0 0 0 0 0 0 0 0 0 0 0 0 0 0 0 0 0 0 0 0 0 0 0 0 0 0 0 0 0 0 0 0 0 0 0 0 0 0 0 0 0 0 0 0 0 0 0 0 0 0
0 0 0 0 0 0 0 0 0 0 0 0 0 0 0 0 0 0 0 0 0 0 0 0 0 0 0 0 0 0 0 0 0 0 0 0 0 0 0 0 0 0 0 0 0 0 0 0 0 0 0 0 0 0 0 0 0 0 0 0 0 0 0 0 0 0 0 0 0 0 0 0 0 0 0 0 0 0 0 0 0 0 0 0 0 0 0 0 0 0 0 0 0 0 0 0 0 0 0 0
