1 1 1 1 1 1 1 1 1 1 1 1 1 1 1 1 1 1 1 1 1 1 1 1 1 1 1 1 1 1 1 1 1 1 1 1 1 1 1 1 1 1 1 1 1 1 1 1 1 1 1 1 1 1 1 1 1 1 1 1 1 1 1 1 1 1 1 1 1 1 1 1 1 1 1 1 1 1 1 1 1 1 1 1 1 1 1 1 1 1 1 1 1 1 1 1 1 1 1 1
1 1 1 1 1 1 1 1 1 1 1 1 1 1 1 1 1 1 1 1 1 1 1 1 1 1 1 1 1 1 1 1 1 1 1 1 1 1 1 1 1 1 1 1 1 1 1 1 1 1 1 1 1 1 1 1 1 1 1 1 1 1 1 1 1 1 1 1 1 1 1 1 1 1 1 1 1 1 1 1 1 1 1 1 1 1 1 1 1 1 1 1 1 1 1 1 1 1 1 1
1 1 1 1 1 1 1 1 1 1 1 1 1 1 1 1 1 1 1 1 1 1 1 1 1 1 1 1 1 1 1 1 1 1 1 1 1 1 1 1 1 1 1 1 1 1 1 1 1 1 1 1 1 1 1 1 1 1 1 1 1 1 1 1 1 1 1 1 1 1 1 1 1 1 1 1 1 1 1 1 1 1 1 1 1 1 1 1 1 1 1 1 1 1 1 1 1 1 1 1
1 1 1 1 1 1 1 1 1 1 1 1 1 1 1 1 1 1 1 1 1 1 1 1 1 1 1 1 1 1 1 1 1 1 1 1 1 1 1 1 1 1 1 1 1 1 1 1 1 1 1 1 1 1 1 1 1 1 1 1 1 1 1 1 1 1 1 1 1 1 1 1 1 1 1 1 1 1 1 1 1 1 1 1 1 1 1 1 1 1 1 1 1 1 1 1 1 1 1 1
1 1 1 1 1 1 1 1 1 1 1 1 1 1 1 1 1 1 1 1 1 1 1 1 1 1 1 1 1 1 1 1 1 1 1 1 1 1 1 1 1 1 1 1 1 1 1 1 1 1 1 1 1 1 1 1 1 1 1 1 1 1 1 1 1 1 1 1 1 1 1 1 1 1 1 1 1 1 1 1 1 1 1 1 1 1 1 1 1 1 1 1 1 1 1 1 1 1 1 1
1 1 1 1 1 1 1 1 1 1 1 1 1 1 1 1 1 1 1 1 1 1 1 1 1 1 1 1 1 1 1 1 1 1 1 1 1 1 1 1 1 1 1 1 1 1 1 1 1 1 1 1 1 1 1 1 1 1 1 1 1 1 1 1 1 1 1 1 1 1 1 1 1 1 1 1 1 1 1 1 1 1 1 1 1 1 1 1 1 1 1 1 1 1 1 1 1 1 1 1
1 1 1 1 1 1 1 1 1 1 1 1 1 1 1 1 1 1 1 1 1 1 1 1 1 1 1 1 1 1 1 1 1 1 1 1 1 1 1 1 1 1 1 1 1 1 1 1 1 1 1 1 1 1 1 1 1 1 1 1 1 1 1 1 1 1 1 1 1 1 1 1 1 1 1 1 1 1 1 1 1 1 1 1 1 1 1 1 1 1 1 1 1 1 1 1 1 1 1 1
1 1 1 1 1 1 1 1 1 1 1 1 1 1 1 1 1 1 1 1 1 1 1 1 1 1 1 1 1 1 1 1 1 1 1 1 1 1 1 1 1 1 1 1 1 1 1 1 1 1 1 1 1 1 1 1 1 1 1 1 1 1 1 1 1 1 1 1 1 1 1 1 1 1 1 1 1 1 1 1 1 1 1 1 1 1 1 1 1 1 1 1 1 1 1 1 1 1 1 1
1 1 1 1 1 1 1 1 1 1 1 1 1 1 1 1 1 1 1 1 1 1 1 1 1 1 1 1 1 1 1 1 1 1 1 1 1 1 1 1 1 1 1 1 1 1 1 1 1 1 1 1 1 1 1 1 1 1 1 1 1 1 1 1 1 1 1 1 1 1 1 1 1 1 1 1 1 1 1 1 1 1 1 1 1 1 1 1 1 1 1 1 1 1 1 1 1 1 1 1
1 1 1 1 1 1 1 1 1 1 1 1 1 1 1 1 1 1 1 1 1 1 1 1 1 1 1 1 1 1 1 1 1 1 1 1 1 1 1 1 1 1 1 1 1 1 1 1 1 1 1 1 1 1 1 1 1 1 1 1 1 1 1 1 1 1 1 1 1 1 1 1 1 1 1 1 1 1 1 1 1 1 1 1 1 1 1 1 1 1 1 1 1 1 1 1 1 1 1 1
1 1 1 1 1 1 1 1 1 1 1 1 1 1 1 1 1 1 1 1 1 1 1 1 1 1 1 1 1 1 1 1 1 1 1 1 1 1 1 1 1 1 1 1 1 1 1 1 1 1 1 1 1 1 1 1 1 1 1 1 1 1 1 1 1 1 1 1 1 1 1 1 1 1 1 1 1 1 1 1 1 1 1 1 1 1 1 1 1 1 1 1 1 1 1 1 1 1 1 1
1 1 1 1 1 1 1 1 1 1 1 1 1 1 1 1 1 1 1 1 1 1 1 1 1 1 1 1 1 1 1 1 1 1 1 1 1 1 1 1 1 1 1 1 1 1 1 1 1 1 1 1 1 1 1 1 1 1 1 1 1 1 1 1 1 1 1 1 1 1 1 1 1 1 1 1 1 1 1 1 1 1 1 1 1 1 1 1 1 1 1 1 1 1 1 1 1 1 1 1
1 1 1 1 1 1 1 1 1 1 1 1 1 1 1 1 1 1 1 1 1 1 1 1 1 1 1 1 1 1 1 1 1 1 1 1 1 1 1 1 1 1 1 1 1 1 1 1 1 1 1 1 1 1 1 1 1 1 1 1 1 1 1 1 1 1 1 1 1 1 1 1 1 1 1 1 1 1 1 1 1 1 1 1 1 1 1 1 1 1 1 1 1 1 1 1 1 1 1 1
1 1 1 1 1 1 1 1 1 1 1 1 1 1 1 1 1 1 1 1 1 1 1 1 1 1 1 1 1 1 1 1 1 1 1 1 1 1 1 1 1 1 1 1 1 0.801296531272328 0.811794301934188 1 1 1 1 1 1 1 1 1 1 1 1 1 1 1 1 1 1 1 1 1 1 1 1 1 1 1 1 1 1 1 1 1 1 1 1 1 1 1 1 1 1 1 1 1 1 1 1 1 1 1 1 1
1 1 1 1 1 1 1 1 1 1 1 1 1 1 1 1 1 1 1 1 1 1 1 1 1 1 1 1 1 1 1 1 1 1 1 1 1 0.844847597377512 0.869590569659018 1 1 0.905020727679893 0.863589699951493 0.649103994413179 0.610368144668552 0.648552631387858 0.647135549746172 1 1 1 0.835523545268322 0.841117317935575 0.843596233011424 1 1 1 1 1 1 1 1 1 1 1 1 1 1 1 1 1 1 1 1 1 1 1 1 1 1 1 1 1 1 1 1 1 1 1 1 1 1 1 1 1 1 1 1 1 1 1
1 1 1 1 1 1 1 1 1 1 1 1 1 1 1 1 1 1 1 1 1 1 1 1 1 1 1 1 1 1 1 1 1 1 0.800328676087456 0.801440067873905 0.843255477513607 0.683450821695376 0.72437515548483 0.756513702322654 0.78594470425232 0.778685729775846 0.674393739539687 0.63000388910336 0.627037016657559 0.621634449346411 0.603476568709798 0.813857422382325 0.805817372957573 0.866745673853433 0.628080877629977 0.665580568379715 0.909816093591419 1 1 1 1 1 1 1 1 1 1 1 1 1 1 1 1 1 1 1 1 1 1 1 1 1 1 1 1 1 1 1 1 1 1 1 1 1 1 1 1 1 1 1 1 1 1 1
1 1 1 1 1 1 1 1 1 1 1 1 1 1 1 1 1 1 1 1 1 1 1 1 1 1 1 1 1 1 1 1 1 1 0.518899217842973 0.522107450646047 0.623213990590049 0.67886758055595 0.686324716704073 0.725903080163419 0.741153732142909 0.649394104034976 0.581861808594972 0.516115823428258 0.576066411792656 0.60693511711427 0.582831078617881 0.547818227037519 0.531761638049211 0.582653104581189 0.615973596183738 0.631539314334594 0.6421386527895 0.59520930895493 0.495922824960311 0.370293702038422 0.303847880624165 1 1 1 1 1 1 1 1 1 1 1 1 1 1 1 1 1 1 1 1 1 1 1 1 1 1 1 1 1 1 1 1 1 1 1 1 1 1 1 1 1 1 1
1 1 1 1 1 1 1 1 1 1 1 1 1 1 1 1 1 1 1 1 1 1 1 1 1 1 1 1 1 1 1 1 1 0.875739054061208 0.517982033274765 0.499829551204729 0.57617568382075 0.654487042600224 0.66322260762128 0.655886478517445 0.6598904352569 0.457743866437274 0.420412339760895 0.460608444859434 0.544390925920393 0.613611462757604 0.611406941058815 0.557757291604426 0.558526981791665 0.588943641858233 0.604371871371891 0.615834707314299 0.607515748560582 0.551951042208679 0.466490432373085 0.370421113758412 0.340859898952496 1 1 1 1 0.880833926693834 1 1 1 1 1 1 1 1 1 1 1 1 1 1 1 1 1 1 1 1 1 1 1 1 1 1 1 1 1 1 1 1 1 1 1 1 1 1
1 1 1 1 1 1 1 1 1 1 1 1 1 1 1 1 1 1 1 1 1 1 1 1 1 1 1 1 1 1 0.904675167412981 0.901584789820711 0.498216235920136 0.549548294993635 0.508225003029043 0.461318744406125 0.449425539377146 0.599960108986683 0.603383222312938 0.549982644739506 0.548429132058293 0.414259606954554 0.379551675164585 0.45214669266094 0.541620587877105 0.643450212842147 0.637239747210272 0.578285635862543 0.569540751540351 0.583076899158175 0.603339869566239 0.589449721897274 0.573775540253701 0.519620332265284 0.456646974255623 0.422312564989573 0.457161440264754 0.540961516836916 0.63180854853025 0.640869841826117 0.604448167729736 0.552603390474364 1 1 0.874214342586642 0.872788896338957 0.483743604482746 0.427010478155199 0.920681737598142 1 1 1 1 1 1 1 1 1 1 1 1 1 1 1 1 1 1 1 1 1 1 1 1 1 1 1 1 1 1 1
1 1 1 1 1 1 1 1 1 1 1 1 1 1 1 1 1 1 1 1 1 1 1 1 1 1 1 0.768699554794197 0.520616792864695 0.533837843806769 0.530863256545015 0.497946658305418 0.492829860047834 0.557023134778519 0.525659227943587 0.423129313805419 0.413648217932626 0.564556819091851 0.584007468147329 0.523491945901394 0.49570910324063 0.422439571800019 0.409882278394505 0.469844963238101 0.529667169957224 0.639161482023667 0.654700354812984 0.616368099986276 0.589060496114215 0.617406619902442 0.617676976606244 0.575244694018926 0.530151496865977 0.501843279527102 0.496734570104869 0.477752455184685 0.510270124909388 0.567432008095844 0.614180929880971 0.618479386466795 0.556515895991735 0.486016435748808 0.381137279576817 0.392172106502012 0.390423500685892 0.383106114636394 0.398686698314981 0.400234922004214 0.626876318722977 1 1 1 1 1 1 1 1 1 1 1 1 1 1 1 1 1 1 1 1 1 1 1 1 1 1 1 1 1 1 1
1 1 1 1 1 1 1 1 1 1 1 1 1 1 1 1 1 1 1 1 1 1 1 1 1 1 0.54499028846501 0.739911512443763 0.504288572429089 0.519569022919898 0.481779994373449 0.463394099748154 0.511432315551501 0.548991790560495 0.529436205602734 0.444451344334984 0.412709788313325 0.55272647877341 0.58624810775961 0.567117836835561 0.492591293435649 0.461865234628177 0.447065164776705 0.541226407037214 0.575137894663832 0.639495320827276 0.648257948449057 0.640379972259878 0.677670632703313 0.687356105203699 0.648382008344806 0.582119075514512 0.518975853378441 0.496834739659967 0.509351950745269 0.519296077088318 0.526248829357818 0.546131637027687 0.562840105646178 0.544166098525281 0.476551740024488 0.394000142038264 0.381351047390858 0.42329036632607 0.434548572223696 0.45273095623987 0.438141078306159 0.434848223155001 0.438338243728636 0.962203538689358 0.959825915978879 1 1 1 1 1 1 1 1 1 1 1 1 1 1 1 1 1 1 1 1 1 1 1 1 1 1 1 1 1
1 1 1 1 1 1 1 1 1 1 1 1 1 1 1 1 1 1 1 1 1 1 1 1 1 1 0.455498603014645 0.457674178836262 0.473972768106105 0.480929183876196 0.460323157148832 0.44699568629248 0.469729311771577 0.531823246203478 0.552174086507501 0.487829436197045 0.438585000607625 0.554864297571122 0.590877258608084 0.57532205863185 0.494544993894196 0.477706175376099 0.474549433056746 0.580222909674971 0.604689868014114 0.651994965181824 0.640087543928905 0.640152124873755 0.653569944018719 0.660579011621411 0.642319292740732 0.602017102838504 0.522305429187662 0.505102088348889 0.523492890254863 0.539618731125534 0.549103509561403 0.567437287039855 0.57418074783107 0.539975795030461 0.461765065681868 0.366700552512508 0.410970484558338 0.438665946188789 0.531027665067809 0.493138218737733 0.475603313296006 0.462826840010143 0.450545775963697 0.420352953582222 0.381937168905877 0.506305502587504 1 1 1 1 1 1 1 1 1 1 1 1 1 1 1 1 1 1 1 1 1 1 1 1 1 1 1 1
1 1 1 1 1 1 1 1 1 1 1 1 1 1 1 1 1 1 1 1 1 1 1 0.831759111383777 0.475536733864741 0.507695330582192 0.468357126279096 0.471575320788116 0.490531810301662 0.48592406510451 0.458463416212933 0.442823491432787 0.468192561503839 0.55787733786113 0.560789672633052 0.524823392924051 0.508275599135914 0.564782004233036 0.575057705320369 0.568578398741993 0.537357796240937 0.486142735468944 0.517735522528871 0.588614871481434 0.642801913299761 0.653087603227352 0.640471141206522 0.619998283455781 0.627018727577819 0.628651374874378 0.596801942488015 0.576947019909112 0.505529288785341 0.499394813780238 0.520736445446933 0.534341973289856 0.554924043372163 0.572689047560956 0.582140911935706 0.495607046617596 0.413275648993237 0.377519608904889 0.451208044251623 0.540705267049571 0.558321062142791 0.519789527236388 0.489456642722703 0.483440686849015 0.459041851067447 0.421516049072521 0.35422706107648 0.499325129485768 1 1 1 1 1 1 1 1 1 1 1 1 1 1 1 1 1 1 1 1 1 1 1 1 1 1 1 1
1 1 1 1 1 1 1 1 1 1 1 1 1 1 1 1 1 1 1 1 1 1 1 0.491172246284701 0.44811155504163 0.47818055804518 0.482594937421214 0.494437435872719 0.523256512079658 0.517227236389482 0.495678151408173 0.481762307147463 0.483878149161028 0.562050104107797 0.569120547932896 0.552365264115963 0.555060021045885 0.565585785820925 0.556080170006083 0.54821107476389 0.535576205434684 0.489540551084086 0.553854731759559 0.622367674902344 0.653111524448424 0.631745851755258 0.611547926359345 0.58719192864648 0.594712365124593 0.584549625282987 0.535261537127355 0.548029283420978 0.495251801172001 0.464768742152496 0.468386817197143 0.491624763078516 0.540166286004378 0.569526999873859 0.550256923801308 0.461026935351091 0.386604770971144 0.413450584229287 0.494582083334371 0.563603274758693 0.57336642640753 0.544981394465648 0.540610603637466 0.512292699115239 0.482786694444393 0.441634951389563 0.339265170823121 0.308393780905058 0.455843498262657 0.512450105633989 0.590881228262466 0.663974731050533 0.896924896007607 1 1 1 1 1 1 1 1 1 1 1 1 1 1 1 1 1 1 1 1 1 1 1
1 1 1 1 1 1 1 1 1 1 1 1 1 1 1 1 1 1 1 1 1 1 0.448967955991323 0.464419946539463 0.479338794006966 0.474868416574447 0.48074865609292 0.500368183861984 0.524088854749913 0.527641495768209 0.511871565468359 0.507947897259266 0.53811001375725 0.561993356937567 0.573457394559476 0.569248905187631 0.560934441611719 0.552080039767602 0.539987900943651 0.542759066341024 0.531311110945136 0.497404925912665 0.556095366641553 0.637437749273652 0.642119423790935 0.608962946258706 0.564277342608273 0.537176465569323 0.554682738333827 0.529995572625562 0.469707597753031 0.515151075608547 0.484903164758784 0.439829303046221 0.439052075734792 0.450572070208603 0.525492238201462 0.545740772129027 0.561379274788984 0.504185504306636 0.469326285384695 0.432261530919503 0.492531699208652 0.541206632038065 0.566256756788999 0.577640356337101 0.56673922278384 0.531867640002218 0.50786778392715 0.465287347012575 0.331460214090979 0.347980840238929 0.420970381449632 0.476329191544758 0.5820181969766 0.624237375111618 0.701109511583133 1 1 1 1 1 1 1 1 1 1 1 1 1 1 1 1 1 1 1 1 1 1 1
1 1 1 1 1 1 1 1 1 1 1 1 1 1 1 1 1 1 1 1 0.740078843165898 0.584104778362215 0.441470924246121 0.474392906364808 0.495641564807311 0.479280000546939 0.450135233030927 0.458401954645681 0.510925665206917 0.528987254730494 0.529027384365241 0.527214461855218 0.547949213547074 0.565652118128429 0.579961030805161 0.579200537306349 0.556108218131147 0.54202384985054 0.531721207077836 0.548512459740697 0.533335827366533 0.520367333673375 0.551683692735266 0.613428010744389 0.617086232571072 0.574303941957309 0.516760691274841 0.487100017590753 0.533178092986282 0.460867707267463 0.387239616398659 0.488525371555708 0.480641233648354 0.434941892294073 0.428906152244635 0.436752479482512 0.461421206241478 0.516130467682185 0.540116990999904 0.552908202980744 0.5418352262078 0.532220727791409 0.527576809972564 0.533576997663021 0.575887755767423 0.618660993233875 0.588906065916906 0.564515015683856 0.542830971497897 0.476848273133565 0.399294883659589 0.417168964879879 0.423510834949515 0.422793249215924 0.546323838216731 0.612350880782464 0.662230074912801 0.642316583178665 1 1 1 1 1 1 1 1 1 1 1 1 1 1 1 1 1 1 1 1 1 1
1 1 1 1 1 1 1 1 1 1 1 1 1 1 1 1 1 1 1 0.671292854342028 0.536360752179873 0.382851189542581 0.388981045344438 0.466167944424942 0.49984723182932 0.489463860661475 0.454313554713855 0.428121469271602 0.502087500902489 0.543315919188034 0.550988985045448 0.558362926335227 0.567401614183048 0.580320825087749 0.586258538374657 0.568947608783105 0.55109259245428 0.546681741731957 0.540209766510308 0.560775935040718 0.532895462327417 0.513515161242605 0.541689494377235 0.597120510688373 0.608968111889793 0.557370510964565 0.492805575855072 0.464559947201289 0.506689206067049 0.37658676981907 0.292190382907358 0.441139400895725 0.468280262092366 0.444236508932358 0.437228325043921 0.42662246260584 0.462529479268196 0.473597638689719 0.521265656425026 0.549138220555678 0.614514980782433 0.598450486165312 0.571673105814591 0.556976329792724 0.598344282753708 0.630647861740623 0.623608047576309 0.620787513337645 0.608384470688458 0.574970228499811 0.550038397011704 0.492978389845475 0.481101765890651 0.448673566074842 0.549030413143847 0.614777616954519 0.652277845101373 0.662005519082557 0.698266468951583 0.763887965839861 0.962056376620745 1 1 1 1 1 1 1 1 1 1 1 1 1 1 1 1 1 1 1
1 1 1 1 1 1 1 1 1 1 1 1 1 1 1 1 1 1 1 0.501719449558548 0.433271490801667 0.36542416434587 0.370678329571926 0.43207429419405 0.483267839670102 0.494135029504125 0.461505527835143 0.455385824352402 0.503093459569743 0.558696576872654 0.569188404719166 0.582281640741377 0.605975690061668 0.615859316240972 0.589505166074551 0.568578998611827 0.555233512254347 0.568322779140847 0.561853529718284 0.580397547387927 0.53723738371768 0.542466238195809 0.543863037218175 0.601452684738436 0.622065819265918 0.554283011227791 0.487353481449393 0.463585423113757 0.497770281933376 0.335427483436735 0.228067631660679 0.386921661806453 0.456718694907333 0.460247992014115 0.461244355295141 0.455383694566177 0.45945947358135 0.481513515114562 0.522564046322628 0.559884078934374 0.628666818015089 0.612054714062478 0.58042502613198 0.571117930114788 0.604520804177497 0.64198453632637 0.659728300277344 0.685871455611085 0.674919021125294 0.668502282836539 0.610134533277877 0.581208302511263 0.531849296085906 0.55872798779057 0.596118081800346 0.632384915759406 0.649437408739702 0.638226041377507 0.640543417884093 0.642054392596199 0.74966396202031 1 1 1 1 1 1 1 1 1 1 1 1 1 1 1 1 1 1 1
1 1 1 1 1 1 1 1 1 1 1 1 1 1 1 1 1 1 1 0.511897650737167 0.488956086912739 0.449082520712768 0.447823491286911 0.482013009390138 0.522833665905672 0.54408487005405 0.514110984140262 0.507931462556878 0.532194547711994 0.576066419939693 0.605561749999326 0.624664107064278 0.638892016479654 0.637389508710729 0.616558973286122 0.58134573127818 0.57353156481172 0.60495606256888 0.628149886589824 0.608715055008253 0.597988069011457 0.572524696287856 0.571446585560406 0.62056859755718 0.660922480562257 0.633991065152643 0.527320843509673 0.500408633795999 0.526501897093861 0.367827766195837 0.30085109994333 0.402470889736295 0.472891702851803 0.510447864773556 0.500940507834641 0.489804712942147 0.475948919084144 0.494871632886612 0.53274514917415 0.567102628960474 0.622136358334713 0.615987451120372 0.592055810534597 0.579528944974683 0.609680207734268 0.663762683340097 0.688891378920536 0.724237645906258 0.741165600727458 0.721912221547171 0.688451019190026 0.636847505468875 0.61568005211977 0.619491371884754 0.680092156368024 0.686412391981417 0.668576339096399 0.628944426031597 0.626930858424858 0.618199769729185 0.57130696232695 0.516958673502916 0.455575114667954 0.693619883135728 1 1 1 1 1 1 1 1 1 1 1 1 1 1 1 1
1 1 1 1 1 1 1 1 1 1 1 1 1 1 1 1 1 0.871336286786535 0.781710209420987 0.522331832402266 0.518262419988396 0.509078069056063 0.518322764287385 0.573139149579803 0.617219692141334 0.60319158938976 0.5842559158509 0.584887638261037 0.582007351947996 0.613588777623421 0.639550765729396 0.652659132648023 0.660541841614654 0.665806008401393 0.643077642248845 0.621080704498638 0.628847772671714 0.643727907662266 0.695407580574622 0.665994998388487 0.660380919284507 0.617441040695972 0.614312037578185 0.640033401047229 0.686109505958138 0.702267985669721 0.621852562578268 0.583655326064045 0.581454726994262 0.474151992294768 0.391380164185289 0.436626655198964 0.528068155389498 0.565590256381271 0.562140081989559 0.536320754117891 0.524301007582152 0.522329130847194 0.560639781886073 0.576498547252243 0.614564953601439 0.616602451022344 0.605311651485403 0.604266595784983 0.63373454137564 0.684720350076473 0.725010659373934 0.764496254599841 0.772489833615802 0.76556644984501 0.730740199135468 0.687324373897045 0.717307831629912 0.709180116862974 0.732963175474024 0.761358176231545 0.734096384799422 0.695672522989608 0.647376371573032 0.624933839097955 0.596033964390901 0.523023400503143 0.45464660558373 0.368382674060021 1 1 1 1 1 1 1 1 1 1 1 1 1 1 1 1
1 1 1 1 1 1 1 1 1 1 1 1 1 1 1 1 1 0.492387604119468 0.523824719664392 0.541438024999564 0.555139538265943 0.584856983521176 0.616379561808974 0.633433136155074 0.645682208624723 0.631588018509684 0.624666233462929 0.631329361831183 0.636363631648438 0.657157140585361 0.679841550183361 0.681890811969503 0.688966916313762 0.686973630850462 0.678479289080984 0.680480348149089 0.677902704431106 0.696426293486997 0.732963185300261 0.711334345648365 0.709801836601173 0.66032782542945 0.660443735627605 0.659066744884963 0.706511827701543 0.736236674057999 0.70643197417471 0.666496801662405 0.651243250915871 0.583020018240649 0.479915143214871 0.51715738685331 0.591140216915536 0.626974920819568 0.612256520948945 0.624480486325841 0.594558393001334 0.583337544779527 0.59828520655792 0.597440618825213 0.610361178743316 0.616065835215075 0.616862006494186 0.619414588963515 0.650674276209108 0.717023662999035 0.775013831124414 0.797081629704042 0.798398592416884 0.787345612230042 0.764816493347308 0.760412570752016 0.765529089297696 0.777683038388039 0.815705034924504 0.809526217457496 0.787291861946588 0.763641482545969 0.725949067677122 0.662078598378757 0.625162522341786 0.566249296940418 0.47800147107632 0.337939861058077 0.255033452319231 1 1 1 1 1 1 1 1 1 1 1 1 1 1 1
1 1 1 1 1 1 1 1 1 1 1 1 1 1 1 1 0.959732700272395 0.515629641133337 0.523836638820736 0.546179704859944 0.575073391716843 0.608344589807394 0.623555368658667 0.642861707168708 0.66257932384496 0.657147752721004 0.657735568947401 0.668060619574953 0.68489473841723 0.700202437332002 0.716765312331691 0.733282577261606 0.729125598521288 0.728403512401131 0.710839825547863 0.720392451956471 0.722809920148666 0.746045245437037 0.759824039631243 0.733569018831468 0.732051286128341 0.69084037424554 0.691872840769427 0.700430888319802 0.737290040711066 0.766498774647023 0.762623475779273 0.732509577358494 0.679649632024424 0.597749747282367 0.56255323856059 0.546488032738147 0.610922332863987 0.652009321724629 0.671625168775794 0.667452402529127 0.654233326362385 0.650412185083249 0.637271312430446 0.612976213099356 0.612201240911833 0.620134102326471 0.63316129327901 0.650156099455519 0.691433343265898 0.744855709663311 0.780791576365912 0.831973037580726 0.823655745253271 0.8019558440771 0.787651482239434 0.791076865202031 0.794331569538117 0.827184516256366 0.860196225978236 0.877142114404884 0.83548069194289 0.810292845931767 0.783841986357791 0.750753556362453 0.678607690263328 0.609273422420915 0.548536530305524 0.350813884537881 0.239595839964552 0.764607262810361 0.902903100207815 1 1 1 1 1 1 1 1 1 1 1 1 1
1 1 1 1 1 1 1 1 1 1 1 1 1 1 1 1 0.867712939916646 0.532952012559274 0.53111883371881 0.547312008247296 0.588383142420629 0.606527517923221 0.613423608965106 0.631697539670092 0.655706519901228 0.669927432444818 0.682849472628809 0.700729458678872 0.736510177169978 0.713357918796593 0.732916323824628 0.746180419721903 0.78283432311467 0.765339519077681 0.749758323171257 0.730867274306204 0.73789799732272 0.751243589962529 0.760344366415463 0.739493349694316 0.739038363907478 0.710406215080423 0.714333193499425 0.743191111025271 0.771935347777979 0.791781078047342 0.797263509791693 0.755939421646486 0.691895751020123 0.579565378732051 0.547338052403587 0.544144871761258 0.58940751867763 0.622687132624786 0.672508257909381 0.68939371471476 0.685192850313247 0.657547060126921 0.637329592516936 0.62119717554306 0.619373940094241 0.628029241521376 0.650881762267469 0.715344969112058 0.751672301516762 0.7895458178043 0.817496310344089 0.8409322170687 0.831837444792577 0.817841229605307 0.805629602693276 0.796868058875055 0.821371129826863 0.86074811867376 0.892243330270058 0.905810036672169 0.886517823947864 0.884817773361806 0.84479425114974 0.797921171661631 0.726948937062604 0.635058447520221 0.565066599270457 0.458965980788735 0.30809135078 0.21611650549687 0.675643275529446 1 1 1 1 1 1 1 1 1 1 1 1 1
1 1 1 1 1 1 1 1 1 1 1 1 1 1 0.936521788415528 0.928520240507061 0.815006672869201 0.523737039293692 0.516914093847225 0.540938690878161 0.580661057913541 0.588738621638073 0.582318819846934 0.588297548006444 0.6230385772281 0.674222050178796 0.696555065768618 0.724415503597093 0.748166864040725 0.78177105532485 0.77176313366519 0.783907797337928 0.799894685947097 0.772924705334788 0.740379704741946 0.719163010382097 0.718237328305381 0.725773097906143 0.728352837095674 0.729375068983345 0.734306849268175 0.729258961455219 0.736348215018338 0.763708141917517 0.80707197497139 0.81419621928737 0.811109614947934 0.752367313342738 0.683292991561833 0.596744303061004 0.540223467397537 0.555177606439746 0.583809813747043 0.618712548599545 0.65828907568334 0.696716403423887 0.679514879551967 0.664545478774499 0.642941618794559 0.632221359140729 0.633968456250244 0.647863599302771 0.684820907824973 0.735772066314675 0.775625912343641 0.819965605837672 0.865152926999646 0.871042265991895 0.859828170526414 0.842707853561947 0.825688616268524 0.815807346840376 0.839169914589282 0.874058925573506 0.901514514821979 0.90757985689431 0.906060355460805 0.911683750677385 0.902605473112678 0.841202746640614 0.76266165961688 0.620691860421693 0.566679300674594 0.507904427409448 0.369114392423871 0.246472961553818 0.682401208325637 1 1 1 1 1 1 1 1 1 1 1 1 1
1 1 1 1 1 1 1 1 1 1 1 1 1 1 0.590135539825278 0.577998338352001 0.529061471555573 0.505647832624983 0.495432242120546 0.51501673546329 0.547145402463618 0.560640556728532 0.543567585051537 0.538487530709258 0.59257724737884 0.67281783375076 0.706109891829187 0.742829842568595 0.777190568208035 0.818186292998927 0.82139802232659 0.812580546315418 0.791338062932624 0.745547536525644 0.699125183817275 0.64987117760172 0.672438119152753 0.688343778053659 0.689176295289382 0.704240303535018 0.711191752653369 0.727289830196458 0.767979579218192 0.776519976570559 0.792101062053061 0.810315551294148 0.777447828591013 0.741320846945874 0.681222410536382 0.617111098351786 0.62334772861314 0.626875675313236 0.638626031223211 0.660835016852425 0.683517854950173 0.711452854109406 0.69824879933969 0.682176397577938 0.657507836976121 0.64818151430865 0.652863927083878 0.663690682164113 0.694635127636824 0.726847355054062 0.78097725645041 0.847430096790376 0.882303480194207 0.889983001051451 0.878621586724824 0.862961768029653 0.832238966760972 0.835586112584139 0.856530252101451 0.883501946263945 0.903614289013038 0.909194782364289 0.924963736186733 0.924115440373597 0.904764586813621 0.851500005411043 0.722641455795472 0.625443122318986 0.536009728778232 0.487365449800457 0.340798249207884 0.295753807076715 0.252327328166506 0.260846023156827 1 1 1 1 1 1 1 1 1 1 1 1
1 1 1 1 1 1 1 1 1 1 1 1 1 1 0.583603451129138 0.581708129806531 0.553609114309085 0.494514665405361 0.482538487102397 0.506265576644231 0.530898113103226 0.540584696758032 0.503369899025239 0.501148131643148 0.592055836468185 0.682740355609664 0.715319230585701 0.755224806270908 0.802892279757444 0.843964868282526 0.843255897712948 0.808913396704391 0.747584156089393 0.686732715899976 0.649313318094497 0.613022940027643 0.622055767447237 0.60871872995982 0.642360020863053 0.67231325295451 0.694363278536698 0.722858392856106 0.728865428262611 0.733353499256691 0.766919568253989 0.790139101126783 0.741928061310997 0.738925450061867 0.700026517315909 0.661693790602923 0.708408467607081 0.722523635921775 0.741641716693856 0.729232014641482 0.739159028924043 0.755077720225958 0.732483934919971 0.716601100071701 0.687300125165871 0.671122667377455 0.673440779302258 0.679706963417458 0.699608206853926 0.717451291015526 0.78025724252511 0.837470725646701 0.874425253329665 0.885692389985568 0.878619115920339 0.863089695567421 0.855121677120237 0.857295362721691 0.8709351991072 0.895266460774721 0.909343058117794 0.918444657929744 0.925308805975576 0.933360550517697 0.904865546722056 0.834202140977216 0.729100788388869 0.57319838297852 0.497035430358305 0.42846354817081 0.340787810965121 0.308929416863553 0.222685862916296 0.908553385666277 1 1 1 1 1 1 1 1 1 1 1 1
1 1 1 1 1 1 1 1 1 1 1 1 1 1 0.69586801045186 0.581399305484238 0.566325082694433 0.536003601254792 0.478056923130925 0.49919379681272 0.522088818405285 0.508118658947171 0.502416088503246 0.476787458319537 0.622668520435876 0.692830585226174 0.735443399141889 0.764491791610806 0.791338950203672 0.807659464582394 0.806779738193682 0.767975799445654 0.69019908267322 0.6470044814732 0.564533117219664 0.566448604804062 0.52639304176537 0.55940566351838 0.605344066283452 0.621488177188235 0.652194686975364 0.671020364266036 0.680653154022279 0.688777788099346 0.679516631068926 0.690282992053793 0.725145456854133 0.742516536533217 0.728843275596867 0.747023495903738 0.765507453088992 0.791824375272822 0.820167554580868 0.805599798257429 0.80349773093679 0.8050693264142 0.774903296947472 0.755577786333269 0.723002392820888 0.696390315450205 0.689123600053029 0.688836987075115 0.674728567360888 0.705196443891696 0.761760740035175 0.815270414159667 0.874425253329665 0.885692389985568 0.878456866425837 0.871490270547493 0.873925120186622 0.878065868825005 0.883512752271575 0.90755845528344 0.923807117172517 0.928171013965964 0.930145908592607 0.929062921939484 0.880702735371174 0.776952020453457 0.651038124138486 0.561531076497811 0.475021937326193 0.423786570249734 0.373349051940621 0.29545819816747 0.254072340351663 0.91069810317131 1 1 1 1 1 1 1 1 1 1 1 1
1 1 1 1 1 1 1 1 1 1 1 1 1 1 0.692904275144274 0.56814189602462 0.566732517234426 0.550452640962539 0.532932090538721 0.52044124648937 0.520226798566972 0.501841394899517 0.483835216021086 0.474642458024931 0.622783113775684 0.704096183193001 0.741293400216836 0.712134523124877 0.709780189432934 0.726227953337798 0.671552665561844 0.695007873696785 0.659888744062764 0.616818756594911 0.555171840527778 0.483074313935995 0.47455606160415 0.478765856573978 0.506327233468064 0.461688549687926 0.495621171780926 0.504343986280924 0.543844481735648 0.553679464075652 0.586385417386324 0.648531120935014 0.701651844226945 0.730381905219892 0.739269072475095 0.763106687223444 0.792910279483171 0.837759617555556 0.875469040067187 0.865042369259445 0.849669009319027 0.838895479488969 0.821606692261044 0.784915135703207 0.746603964955216 0.711728700426131 0.692182464993805 0.685803826615082 0.671881003625723 0.693558531084725 0.760684224017242 0.813978332538728 0.849288565424427 0.864465479113192 0.863816038326939 0.866715162477044 0.87867687220799 0.885583289972373 0.890998326972343 0.901564150672904 0.922896163571648 0.934091833417047 0.919547817997143 0.892995521891683 0.850780566520276 0.771634714670361 0.633138510978155 0.569999372277492 0.504657244092795 0.519439533157675 0.434754433424744 0.354681567351267 0.30202999857469 0.915062890605226 1 1 1 1 1 1 1 1 1 1 1 1
1 1 1 1 1 1 1 1 1 1 1 1 1 1 0.664409783944164 0.539561689160424 0.547604348979793 0.55679429934083 0.553065189803266 0.541949065844914 0.548699857107224 0.52686521940127 0.48985541506423 0.554377585319431 0.653300557167588 0.715007722646599 0.735745706850036 0.647644266056366 0.560136364431699 0.527039522699306 0.56800457299413 0.61835486680872 0.655098971630781 0.62220592503528 0.554099708966788 0.463474148486184 0.439715801409345 0.398937640226154 0.373395080688729 0.388254940633866 0.388706776488152 0.412187194724708 0.472333818054793 0.485397682201093 0.547525012427376 0.572189914935755 0.630797773974876 0.670206444979091 0.719778761248175 0.737420417991354 0.778698159499712 0.847582387898433 0.898744225627199 0.916126700066016 0.885310078580847 0.85706969200648 0.844672452282975 0.80616578082067 0.7665661085149 0.715959870532525 0.686565751553318 0.674193472401682 0.663095014418038 0.691997864265258 0.73306392224078 0.785451707353355 0.815453453461864 0.83210169535129 0.843029726365372 0.854354128636356 0.869698990020288 0.876711178559188 0.882023670001104 0.897321283343333 0.916898647425915 0.921456184211673 0.898990254870639 0.855195296518426 0.792244474312158 0.677917468701789 0.580718205641012 0.575380994237764 0.560274127625206 0.569957534056248 0.445945117472932 0.406989971316673 0.35095879465751 0.920220026836985 1 1 1 1 1 1 1 1 1 1 1 1
1 1 1 1 1 1 1 1 1 1 1 1 1 0.405236670965418 0.431397047320915 0.466620803853327 0.534368363854055 0.506833808644142 0.547682345079485 0.576701750077645 0.590977594105731 0.552756449036401 0.522663743640047 0.601270454416376 0.678055838960404 0.746857816401708 0.720015930169612 0.604730307588956 0.403392540104739 0.363155711981774 0.504457118632578 0.593452286621547 0.650282026775807 0.643667894313469 0.590732168486012 0.529984905509155 0.447913296054837 0.390853468495566 0.346906426063132 0.325861711683097 0.329580665804427 0.348415237695472 0.357017583404106 0.409409463145674 0.475348851586793 0.518851656689497 0.541105159093229 0.604598807127546 0.678795637665705 0.692809966547746 0.740669059593882 0.80867488140181 0.868542240317643 0.894791982846384 0.907500325912593 0.87830792334664 0.848977594831872 0.823019487341193 0.770128995122463 0.733996029619478 0.696306595422431 0.659955572132305 0.652012837670882 0.66489260571542 0.708511185882833 0.751667073824005 0.777010585987065 0.805271396559007 0.816431983770138 0.827716955732817 0.853278644906208 0.85690931532422 0.859621609494515 0.877240414115839 0.914509740834759 0.909359678446325 0.863057298633725 0.797827469431302 0.735287016877993 0.657823001287965 0.612921175853796 0.612482508831943 0.60295440522456 0.591064343050856 0.503057933146943 0.465190220299869 0.401132155696862 0.924272472546833 1 1 1 1 1 1 1 1 1 1 1 1
1 1 1 1 1 1 1 1 1 1 1 1 1 0.3631267214716 0.362714582953406 0.427709190265972 0.442406203138006 0.490226018484632 0.546429107994516 0.614895577284531 0.624257830239871 0.614010615776979 0.615559192481998 0.636331614523815 0.695795929825733 0.724982824572085 0.711339654007548 0.604538510406319 0.394250833998271 0.305642446403442 0.418318010669052 0.557921216168856 0.639349866611884 0.652805021531103 0.61759827351803 0.540732021976797 0.467117829587771 0.396630267059944 0.347905819683967 0.306558429836106 0.304751449062594 0.296407558787166 0.317873023630401 0.386988823028596 0.427994627126476 0.474629993544871 0.524833879287237 0.534390306315099 0.649124148260561 0.675155143284113 0.713393733386943 0.779951272191631 0.842518185410219 0.865386569546934 0.880541539488349 0.86788073159016 0.817171964609625 0.81369373575079 0.774982168583263 0.727100358162307 0.691336040827196 0.659004099759305 0.642773341383638 0.63467522768005 0.653852193639258 0.70535603986532 0.73861629834747 0.765631832437276 0.794486724233009 0.812821744805606 0.833005894087432 0.835081561135634 0.833179614062561 0.874188605360856 0.922585593808636 0.893419050046431 0.83338248924171 0.772168261945426 0.717394009365707 0.636013268868657 0.625608500306742 0.631234179733046 0.623227226574916 0.604179466448576 0.585062402029387 0.519906862888495 0.46840568143071 0.595316631561013 1 1 1 1 1 1 1 1 1 1 1 1
1 1 1 1 1 1 1 1 1 1 1 1 1 0.308275470310813 0.329247091103295 0.358876316606142 0.418355641981184 0.519297450835881 0.562042596852617 0.629971399831826 0.644714930756541 0.655807326093505 0.627902997085169 0.666523971176943 0.687970656940845 0.69507180967329 0.641692691541335 0.542182433873499 0.386793662411898 0.350102172129292 0.4008821839152 0.472612147209836 0.555531066059541 0.618491459239453 0.60956387512723 0.56443580601152 0.495941116438908 0.453934082656493 0.393775244532992 0.347772439941829 0.317347598544524 0.297230694595897 0.321125856430825 0.389723535110137 0.426832068761639 0.450750580243294 0.478588414553183 0.534185856899704 0.557704268365233 0.624400818115245 0.691553055800109 0.734111979616615 0.784481143584113 0.809412157126841 0.827162290988244 0.833749512897188 0.785730777916626 0.766005478509457 0.740924878381843 0.700092390648172 0.650814329977734 0.627178085124514 0.61274582451721 0.591384835987688 0.605380835547543 0.617771717317298 0.649002690142995 0.722208019387794 0.776103712777002 0.806331077832093 0.825058475314543 0.826068939277592 0.812635405748626 0.887864162464906 0.918758852689749 0.892073673590312 0.817749677379677 0.732238770321819 0.669254243763335 0.628559515392778 0.62780090616237 0.634551536679223 0.626665621283717 0.606214106616924 0.578196062407313 0.553756654528969 0.508218146706932 0.484710489866813 1 1 1 1 1 1 1 1 1 1 1 1
1 1 1 1 1 1 1 1 1 1 1 1 1 0.281837292043741 0.28869269326916 0.342653539136067 0.452324132624553 0.547783773558591 0.587649633116228 0.635181895077266 0.628956312704823 0.611989721040688 0.635076775869895 0.666538224864544 0.617634875698495 0.622789512674678 0.607733284427772 0.546840327246098 0.446703400904206 0.37409392737602 0.381342792454114 0.433138576723044 0.518415573961401 0.561709277108484 0.59232262226857 0.593640517466375 0.550989077284738 0.499411821027535 0.458709004556195 0.427778020807919 0.378172883761481 0.353167964908587 0.364360669196281 0.41542281026245 0.442176662897998 0.444761102824033 0.457953614509448 0.502367327197757 0.527777772065905 0.601200501046005 0.661655073885831 0.688252540869261 0.727909821236663 0.753005520327369 0.759252268514715 0.748213690019759 0.686280663356296 0.713297558434339 0.696275591783741 0.678089782186903 0.625396452633908 0.600954021511185 0.57864640127892 0.543886496119868 0.486458386996411 0.540493897755324 0.599262086880529 0.657527286154741 0.736938615611108 0.800699033237317 0.831373589063671 0.829778641003202 0.812727016830536 0.876301989823297 0.92423946503727 0.891883795635854 0.785462153688047 0.696065893500815 0.640525937342324 0.621934131174995 0.62634690554069 0.635022649877469 0.628146304442901 0.609400060132212 0.564924847572741 0.534245430456333 0.486369396678664 0.464174114274594 0.413237024975109 0.677166837079525 1 1 1 1 1 1 1 1 1 1
1 1 1 1 1 1 1 1 1 1 1 1 1 0.274447394497753 0.283426936341754 0.362387411659824 0.500119975596753 0.578591313669035 0.639554917402559 0.640157118375835 0.616024730494259 0.590420151881616 0.573480945360729 0.550181871731848 0.558304749390508 0.573325824003465 0.56693477795869 0.53727395804547 0.481493709687533 0.422452733584998 0.418003541631527 0.476615888061244 0.495114450948847 0.520073460670364 0.558125606289694 0.580950781806924 0.57187360555095 0.577558136103207 0.547167136687024 0.509975696377793 0.455446910456402 0.396964768283907 0.398361932103688 0.433175085852496 0.447620702535983 0.447717172078592 0.458262429346532 0.490157373313383 0.526183046217389 0.563096558086362 0.61809394115648 0.639007457255222 0.676721689442581 0.698025741524281 0.692811080395369 0.667165956147287 0.597498479403492 0.594475077199106 0.595846341621293 0.595273001848131 0.558976395818344 0.536057853893897 0.511849419627038 0.512066476500849 0.412396983358312 0.433030319049009 0.522101849137469 0.626974857217441 0.708326589223266 0.777813319129247 0.822233230947526 0.821138827651906 0.785376398689192 0.85190707518085 0.928368779362009 0.866746618466239 0.763915022365645 0.681069663395249 0.637510363061939 0.622252699375353 0.631575943453574 0.641650979698357 0.642227649785146 0.628202274308278 0.561636325146203 0.522567229715992 0.471690133452171 0.444406951218298 0.382736995783613 0.660536471136105 1 1 1 1 1 1 1 1 1 1
1 1 1 1 1 1 1 1 1 1 1 1 1 0.304325681057526 0.313817944964361 0.420932991575318 0.481451880797195 0.616956598220665 0.65197919072007 0.647464130420068 0.626244383796155 0.591315126013122 0.527424396691372 0.489743805692381 0.504408015273431 0.529845152961751 0.541498023597335 0.535962461856878 0.519516328980225 0.491417298100271 0.488208170693427 0.503694965813306 0.504427589686648 0.526482782528552 0.563957825044077 0.577762647603612 0.58946156469476 0.612370053012404 0.591938447247658 0.584773802051046 0.550320622918571 0.502471168056863 0.457119484042441 0.450029018129446 0.434623820073593 0.449727809873187 0.467225289906398 0.490313978960132 0.513459743498138 0.543417410805053 0.584392421406704 0.628264648224358 0.645155118128533 0.661233695293614 0.644438754874477 0.586448395151747 0.538701679500681 0.531763104307071 0.530451686347148 0.534656299040416 0.51488024361598 0.496559857626674 0.474167033886279 0.447378466905837 0.363417393299881 0.385700412600799 0.47817256515049 0.573372246358613 0.686428684100937 0.756732557548189 0.801665230458055 0.801110734424442 0.752764593536904 0.806028432101664 0.865663095301632 0.795590736283621 0.716393112173766 0.657049134450926 0.635153207341737 0.631001320745792 0.639975665707435 0.651977940785941 0.657546395423116 0.639196114196689 0.625819913479325 0.554818106214226 0.476148256130856 0.429312831256208 0.349865969802618 0.336149267459114 1 1 1 1 1 1 1 1 1 1
1 1 1 1 1 1 1 1 1 1 1 1 1 0.726166631552589 0.319266272263467 0.401283223001475 0.501021213623475 0.600013177997362 0.647578923649493 0.649326772751382 0.639135353933316 0.6140691213638 0.567864898296765 0.50137002168463 0.500195000303682 0.513900313771783 0.524587656561073 0.537383220163044 0.530662968897433 0.540057201456679 0.543405130991593 0.550544410348259 0.549080213243859 0.552326998674431 0.575037313860372 0.592376676166918 0.608460231568273 0.642485342595151 0.6502086416837 0.657494580139352 0.635107387491276 0.588243611123041 0.487839643675607 0.47093703659984 0.439412747267041 0.466649575100197 0.488816882434123 0.501597624192843 0.514076596201995 0.53524163882696 0.570559181589891 0.609458510304141 0.641683438696316 0.656345236733724 0.628153817240089 0.548639897394276 0.535037163656918 0.518124518153927 0.513187229720141 0.514525091680422 0.504117237258776 0.485251983193375 0.461648735146278 0.416588634380542 0.34887492109576 0.361344543101002 0.462791044361037 0.565608019431882 0.671772321661974 0.716454770576954 0.739199368403014 0.737952003514935 0.716512735259141 0.76943855929632 0.814545509512284 0.705506872416494 0.623352147727729 0.598061054429363 0.612367496997927 0.629226307177338 0.642181352348203 0.648379043261686 0.641154396604235 0.641300920082224 0.621594124973755 0.557865357797161 0.470222674589585 0.362720976622244 0.280577668996748 0.284064004148129 1 1 1 1 1 1 1 1 1 1
1 1 1 1 1 1 1 1 1 1 1 1 1 0.730132353624603 0.337661816255754 0.404663861138004 0.478493839417716 0.559049057849589 0.631484236320136 0.640606921427088 0.617662963817042 0.598667594207391 0.552455350614076 0.518923501699895 0.490154175701929 0.48835851631814 0.483719839716419 0.505822328324313 0.542214569036146 0.564141745731695 0.587854498164058 0.590829069653003 0.581065612043579 0.583989500379564 0.588983744359963 0.586496807108459 0.595870414804116 0.629448564351554 0.65283155905965 0.657283297175428 0.66884491230583 0.665063104696075 0.575943787877303 0.531177654230162 0.521457140571097 0.493063109107379 0.51228387656421 0.52103285987937 0.528834486375686 0.545049006313066 0.576568936457314 0.609056353480205 0.634797255614311 0.644783804909705 0.594038299306909 0.554860143034892 0.563541846548519 0.554158470855263 0.540723224503548 0.535624489886316 0.515321408446964 0.496145750086514 0.466362994719506 0.393747552906595 0.395362171898613 0.384179802158878 0.517717723219213 0.596247720437576 0.664194487737977 0.701189546754007 0.722771740049386 0.724363605771904 0.702143726436742 0.731875156301737 0.728045764602841 0.604728408004173 0.548142445275979 0.543902436952075 0.581030477101264 0.601268823267574 0.619540759085729 0.596029527153919 0.602701156990741 0.602408110034763 0.576312058453427 0.518411188040508 0.448588891212538 0.295763347541439 0.253041983990055 1 1 1 1 1 1 1 1 1 1 1
1 1 1 1 1 1 1 1 1 1 1 1 1 0.737204567672558 0.373135642885359 0.414363383733058 0.482883360937045 0.559999512091951 0.61194079405847 0.622375609698664 0.582072169422733 0.548480773563673 0.516601934452492 0.496848493616395 0.480636247552906 0.473858858571486 0.466681562919865 0.483523145157141 0.51009519189455 0.551218019068294 0.589994989617747 0.613255757678054 0.614781535224089 0.631990531543127 0.590588962166837 0.574991881477173 0.569476411501682 0.6215102896245 0.649167873771474 0.665794865685018 0.680391181988646 0.669449638397603 0.637563372191963 0.571780806393003 0.557813593100753 0.579841528262995 0.575101191234748 0.566905282456716 0.556578488141556 0.57346520073557 0.598752161305261 0.622740846013821 0.638770151954231 0.642359320046726 0.582954546043945 0.578934273278093 0.600645730292703 0.592728740474074 0.5750654887942 0.56333984525739 0.531566571314049 0.507804039166773 0.468483220365325 0.42868479854996 0.444615478787725 0.453068601800565 0.55647482207743 0.613595320213945 0.662903626259958 0.694701571811455 0.710276435306122 0.717262074367573 0.711823942469757 0.725272841999975 0.696685354624446 0.525515221304795 0.382808186488926 0.414965837829828 0.441595848390376 0.497585705582402 0.516766773948735 0.518348122221475 0.517655449559793 0.509590225443796 0.462610226568277 0.41307258251238 0.344192315510786 0.278739585848891 0.246543934403374 1 1 1 1 1 1 1 1 1 1 1
1 1 1 1 1 1 1 1 1 1 1 1 1 1 1 1 0.508918924133673 0.565891641525349 0.59750784338431 0.572321842576531 0.522932257492681 0.481213615168939 0.453900640824157 0.454730215975962 0.444053763558858 0.418930519535098 0.431423223403964 0.457010653913617 0.498284965178452 0.55553416014022 0.609442844611747 0.643701602981035 0.642178142266583 0.654917192755442 0.621360791401833 0.577021097907803 0.561117733872732 0.609856204994851 0.631060104151366 0.658197922138654 0.68517306374253 0.662817306554621 0.639742953357767 0.5976813695707 0.56822794976415 0.580875347821288 0.598458320781477 0.612998012099679 0.620311902072592 0.62467349612158 0.634915729268586 0.634556291137155 0.647613551565517 0.644650271942202 0.598681283770719 0.604344646918343 0.611167750068257 0.606695357021488 0.591450598381246 0.580447852086845 0.534397055220286 0.495545982690056 0.451324314253681 0.465793461737791 0.493381275357862 0.50671946393224 0.58727477836896 0.625955744649019 0.659263835937688 0.679693750186722 0.697985922605043 0.708112519740647 0.707693688635943 0.671060717535193 0.609821303052862 0.406206965990719 0.317866647646973 0.274939165053079 0.354610992289893 0.395044001528577 0.405514269801436 0.402759149650083 0.368694066472117 0.314641022600811 0.300037562516157 0.24650283059153 0.229594512914305 0.233420397576434 0.363443497012652 1 1 1 1 1 1 1 1 1 1 1
1 1 1 1 1 1 1 1 1 1 1 1 1 1 1 1 0.88019514492104 0.584196670791145 0.587236463684729 0.494751081119435 0.444799336395779 0.377971148268885 0.361918589509339 0.399768803873787 0.407690018203304 0.368078630873543 0.373856483703126 0.406317304145391 0.453688562557469 0.527705853065683 0.625143010594493 0.672205278595205 0.666852775835353 0.679105885596775 0.64384915448203 0.598203497341496 0.57129373570022 0.611726802833047 0.621882083500345 0.646894645211912 0.672414982695035 0.665796024235665 0.604013519750191 0.58106601672815 0.560875189951865 0.570906989179884 0.597325460985094 0.613017369999848 0.617466753658296 0.636619283147898 0.649832631362961 0.666336726328443 0.669456756415555 0.622049634709847 0.590415049966764 0.578812212863309 0.578954833559267 0.589380164414801 0.592246967014965 0.54344778552051 0.511793834351589 0.46848474166204 0.431133349422532 0.47717573937698 0.519058912265685 0.550129899909056 0.617328004551449 0.632700774366577 0.646542688578422 0.667930202962487 0.687969361384347 0.703186781376375 0.68895211656593 0.656764716565847 0.590783002756586 0.365897958798374 0.210793156499455 0.177836535509099 0.279301518717619 0.312216339609754 0.309980335296402 0.288953876980055 0.222367346583115 0.192138875360956 0.14289718806639 0.166553728777702 0.196483683860144 0.241762274835833 0.391270672117824 1 1 1 1 1 1 1 1 1 1 1
1 1 1 1 1 1 1 1 1 1 1 1 1 1 1 1 0.888447485728226 0.60024208486134 0.500251365048141 0.426290155910659 0.35470366719872 0.291047981884455 0.304742167356085 0.323820170714589 0.348872328365158 0.351627136456344 0.359217648686728 0.380007580744487 0.439419641690131 0.525459499100001 0.62915988632997 0.697798967334882 0.709715890536605 0.687756735786682 0.684085666993223 0.637425659553395 0.600405880341334 0.613017839624718 0.604637828101387 0.623717947122036 0.649493215070465 0.653830198335935 0.575485241668108 0.533805760548902 0.522351726951368 0.555404874664005 0.58593950675793 0.600560653061699 0.606708313935009 0.631537310818363 0.650369945469703 0.666582174225115 0.666943903255838 0.621457611955561 0.566836589626015 0.540019630956219 0.530624339712685 0.54505541878181 0.539965280193491 0.497309512087542 0.46060708677446 0.407490785930234 0.36704003148584 0.438191680456852 0.49563246983042 0.569589573992055 0.632604972941931 0.633366253430495 0.638046470500854 0.660368573345582 0.686309492689218 0.742263816067373 0.729417634949058 0.674295101985393 0.553939258004246 0.429403389888266 0.274837124962708 0.217150905696863 0.278781593616158 0.291080791634198 0.310698384793872 0.266122366936832 0.234386041225277 0.186942096093178 0.146620056812647 0.187954392452268 0.229732592999404 0.269941663851576 0.41490955414663 1 1 1 1 1 1 1 1 1 1 1
1 1 1 1 1 1 1 1 1 1 1 1 1 1 1 1 0.869360806331798 0.521243379932879 0.461254027938825 0.404592300130871 0.331319172877631 0.304262596084594 0.288837750666286 0.303495894012744 0.325158325724419 0.342602556644662 0.371827754391516 0.406897006873594 0.475139834686859 0.562664226004792 0.668268643812329 0.716521470288199 0.742148191163327 0.728354478167964 0.713359902592923 0.672573913839076 0.64874931716343 0.606832198946308 0.587589670568738 0.60170927477446 0.624396731155461 0.626764718858376 0.575343712629699 0.496906410243643 0.481471549816141 0.534522042149758 0.567441865712145 0.582659111901152 0.594412940321211 0.624705394435357 0.646649686649638 0.662194859952398 0.659829128253835 0.636270536323725 0.548773982863914 0.514648512739823 0.487123661360032 0.499235529680058 0.467340221715843 0.447282927566035 0.408092011438164 0.342327688550673 0.293142004605312 0.371888246626713 0.442109156100415 0.556297347137834 0.635216952102114 0.625481481174601 0.631112663495715 0.660278524191837 0.709918685953113 0.766712277105994 0.753309316697403 0.709920868033771 0.616344696046934 0.484961142796768 0.353202525739605 0.346542500622796 0.430711602884563 0.497844185788021 0.401709576771098 0.390021952814381 0.344865267746667 0.287120798551206 0.280021655583688 0.257533292503492 0.278323638264875 0.287423058916938 0.397688900679589 1 1 1 1 1 1 1 1 1 1 1
1 1 1 1 1 1 1 1 1 1 1 1 1 1 1 1 0.626602768761965 0.500907837680218 0.449877077643504 0.432853427092592 0.377798315494137 0.364471253939831 0.343473288611379 0.343213461713413 0.354000459335718 0.353698176391555 0.415421478160988 0.446135732848977 0.502997226726887 0.611681639294283 0.731966323316329 0.781096731195659 0.783564369027235 0.770593136437231 0.741988958930325 0.705510687484647 0.650512848381454 0.60189844629797 0.581568933863955 0.589719392608388 0.601196986299181 0.58102738491633 0.499899104498927 0.454443525876742 0.463754389383027 0.50821080594539 0.546026818649943 0.573682903063981 0.597482505207724 0.630293510142834 0.653304696524889 0.661105809352025 0.653851065268826 0.631875209024723 0.547595589650963 0.534398855030774 0.493387340031253 0.49477609354681 0.454513626959646 0.434669063552644 0.397571515500816 0.330287799164689 0.28230713410715 0.299706960824099 0.429295009606709 0.501335129791905 0.601599350261172 0.60472145484734 0.627479017652268 0.666720411733579 0.727442655662215 0.785666081656779 0.782550435059286 0.729743072580956 0.670821814152022 0.573081672753798 0.451782294929112 0.461165366739063 0.523617480335598 0.577902049173611 0.580789335185199 0.508551171067493 0.454372409980105 0.482023136210053 0.441131172135698 0.370825520450812 0.304261324679398 0.288913191659825 0.293264269778744 0.316238767644176 1 1 1 1 1 1 1 1 1 1
1 1 1 1 1 1 1 1 1 1 1 1 1 1 0.641408673050371 0.525745693584351 0.523100584281154 0.496086496790252 0.494317362944616 0.497481540540475 0.453160757105959 0.431247702673068 0.400936492998761 0.415236852500537 0.395658425672468 0.426748779246346 0.464509023689348 0.506297527262167 0.574122448861038 0.670202278993181 0.740337067233243 0.770084900863153 0.785263594957597 0.774717327776076 0.743414379946572 0.696939410994265 0.643867281679123 0.605022775914709 0.586704328720474 0.586978263399781 0.567721480534559 0.535770229651261 0.436018285338818 0.411498379255753 0.436881440169707 0.467799585850966 0.497481981787515 0.553666875989626 0.587600126116337 0.628774861862148 0.652165250277801 0.657684929307113 0.64986321639982 0.631426143310773 0.582365870745388 0.551764668383834 0.542548909969784 0.536929892589301 0.469290804271117 0.457644954236553 0.437058735708518 0.393003651508251 0.302277531564289 0.259094105523564 0.367267641271667 0.505211761113814 0.582601513346773 0.59734025661597 0.629614966420412 0.680002547715728 0.748213351966358 0.799753656843438 0.796319577736606 0.734206761279399 0.69596709696714 0.589698680747983 0.539709848269835 0.541345505107465 0.589655844943283 0.61987752655392 0.597974677142384 0.570671403140952 0.541514492318108 0.489394537500643 0.431635545321902 0.374990462485871 0.378908165777715 0.356900935144453 0.349008527415123 0.647266223440253 1 1 1 1 1 1 1 1 1 1
1 1 1 1 1 1 1 1 1 1 1 1 1 1 0.378833401519221 0.33739972097728 0.425223475323491 0.518074715083224 0.526719416574914 0.530315089997851 0.50689193843252 0.493298450924522 0.464014810357912 0.432641758051446 0.467773213136857 0.482527406356924 0.514614743058305 0.579973888507147 0.643233684841081 0.679034906258636 0.702294556762816 0.717395850424865 0.736345540629997 0.73342783123598 0.708233546778436 0.666274889241534 0.643273862766763 0.605072377371212 0.588201262133289 0.572335272146558 0.542381512755228 0.46043905722835 0.377971790894779 0.371089887921384 0.361928342241132 0.419480621539033 0.484474281556613 0.551287267519643 0.583044617338492 0.624742803448659 0.647729693274113 0.653238534397482 0.647161262729243 0.632928410716827 0.603096220687784 0.563444227682436 0.557660941554717 0.55374642529472 0.480923442554456 0.473957597986433 0.453070699569829 0.415427190800827 0.354261769690051 0.240569387364616 0.274337605898512 0.451464897550526 0.564079036019732 0.602540329842049 0.665990168524757 0.739460409155003 0.801611438505808 0.812811021105999 0.807475859699753 0.73594562698755 0.685246220490688 0.644973054818782 0.616353740579105 0.615282968288252 0.614779753554146 0.601802101720248 0.594388103595194 0.576097343487682 0.544881186820592 0.51013869415487 0.473006065186876 0.425515070500979 0.399583503287809 0.386955964922436 0.378153240434292 0.890024974961772 1 1 1 1 1 1 1 1 1 1
1 1 1 1 1 1 1 1 1 1 1 1 1 1 0.355213367746947 0.338053038099138 0.433536554093109 0.533039341448161 0.561600505118876 0.555288840762632 0.522514975091307 0.484548225474761 0.49827202946175 0.498098357979838 0.522736663193122 0.53209563233765 0.578677476201265 0.625259436046371 0.661824648620624 0.676665095573572 0.653611368372308 0.641616580867983 0.647689845018801 0.66194276420725 0.676503923958102 0.65004604921749 0.616579124467532 0.595816883658188 0.580864183875677 0.554918415669364 0.49987082185772 0.397318547009375 0.321693646416061 0.292673049296224 0.348135412483579 0.42843697640085 0.503600672693944 0.575216597330625 0.597191502071368 0.628436677645911 0.64413582436861 0.648372335375655 0.644651375029979 0.629081828671719 0.617870963385093 0.577534990584292 0.580371104225225 0.582852248864835 0.551201222377098 0.505650262517936 0.477090287194264 0.438931243431022 0.378887676915051 0.253712187012708 0.235562650992808 0.463147002263899 0.559027206201489 0.631466473387521 0.718282739968941 0.790886718993128 0.825401822996413 0.828007083200813 0.813086267666998 0.739930850218174 0.695952274105997 0.663671606222993 0.632344512805384 0.607034566666075 0.590394819174424 0.571617671894048 0.558880549768475 0.558710481190731 0.552545643387951 0.527747162965269 0.491069650830425 0.438084485787641 0.413805826068816 0.408533484878851 0.406160425385539 1 1 1 1 1 1 1 1 1 1 1
1 1 1 1 1 1 1 1 1 1 1 1 0.962886481298821 0.873101665330565 0.4190803222356 0.365525239147235 0.396197620788412 0.552502624388383 0.593538359758104 0.601521093696188 0.568084946718924 0.532713250860373 0.539393378985007 0.530971304912299 0.548904926677707 0.574246191228524 0.615344510865551 0.643890353799499 0.66185285084696 0.658451172187824 0.62454651245751 0.598857712011234 0.591690434826402 0.599074507753261 0.617909969576788 0.623286325851597 0.614878191750463 0.586507005427277 0.546892698153103 0.488388042062568 0.437369407784723 0.334432100361068 0.299664849169471 0.287633385229686 0.402433587192044 0.500261824990187 0.567709470002515 0.626850177101773 0.648459363345446 0.69899155682625 0.695508062927697 0.652365904818232 0.647087813620072 0.648190483836995 0.644904110176828 0.629469269052993 0.626872203067675 0.636113927284864 0.618369571084641 0.579195094806975 0.535181720025543 0.49411624450934 0.432005296167155 0.264149357422733 0.246496424639897 0.482977957590907 0.61091829211008 0.711938825776909 0.78584650744455 0.832604014006006 0.851619063145487 0.845864053410277 0.817284671658208 0.745817956589092 0.700231926934086 0.665077698269285 0.619200347395977 0.56330033776943 0.536503807880657 0.522520261393974 0.527227271127524 0.543223870663541 0.545700576214511 0.510501070592991 0.452411294679423 0.415971205625556 0.408460981095659 0.410619887452376 0.508399549953688 1 1 1 1 1 1 1 1 1 1 1
1 1 1 1 1 1 1 1 1 1 1 1 1 0.762558775755166 0.436565595303448 0.404323297112409 0.476280858824236 0.559649959574722 0.619274619313076 0.634412964997021 0.599622796137721 0.562595690448338 0.536880993997879 0.564056845181041 0.580110877501346 0.605662928547362 0.627362680754518 0.655488316244136 0.659918079048793 0.646571274584264 0.615381570449682 0.585241840430786 0.538019229340888 0.553272935561879 0.585031393101541 0.603971091783586 0.59081170638681 0.548910436913019 0.490190832848634 0.415583156644554 0.357233875609854 0.322013845784023 0.277385022009318 0.347841888286037 0.474643256260784 0.544626371160688 0.60500815196419 0.656432950023227 0.686682968779694 0.737407659568333 0.755858519217516 0.75290553083566 0.696508903312114 0.716251343113512 0.745299755975306 0.72395220496705 0.750716700650041 0.748008413219159 0.663997668032277 0.619067380442008 0.5751989503017 0.525790360586319 0.488425850016151 0.375845142698534 0.351538058827987 0.5504173679887 0.696081640090444 0.833503790142083 0.867586209472025 0.885709374891079 0.891284944991747 0.879097448881785 0.801318269069382 0.751183751883297 0.699422543600327 0.651653193648802 0.595874230602298 0.51781386047605 0.499890915546958 0.504868615345029 0.517168917287206 0.521788898671038 0.52496575339979 0.511425907011695 0.433453436851401 0.378499410834254 0.389754493256774 0.409077880011874 0.502202343608009 1 1 1 1 1 1 1 1 1 1 1
1 1 1 1 1 1 1 1 1 1 1 1 1 1 0.409468853137881 0.421242617096376 0.511089969114912 0.609612169084819 0.653983781345151 0.655142708128458 0.619181260771517 0.583374403319998 0.557917127999272 0.56580920890963 0.590445242310743 0.615725179374851 0.645155929071843 0.660936447965085 0.660309645270782 0.637031073337802 0.587321590128607 0.498544263076597 0.462501167478284 0.490617536069472 0.53359298863782 0.577696854351677 0.556258926303536 0.509078156366675 0.450117883719599 0.393291711998579 0.363576178197285 0.313221099743252 0.323942254148675 0.436926806751614 0.524551193837184 0.621488177188235 0.666942755649165 0.724437832416736 0.750780445410419 0.77964844786825 0.82061900056774 0.825078593503243 0.842003435837399 0.864184256050411 0.877221219055265 0.829935670177867 0.829269479679114 0.789736896483903 0.696668343839808 0.640230401287012 0.599802371792638 0.574757489597001 0.539619544143533 0.478526386744183 0.476704478097945 0.669013539027925 0.746179115051046 0.854322498526454 0.886379554871739 0.906064911979326 0.903548524026121 0.859654732651674 0.815448941853835 0.759309912657749 0.704019430790411 0.64293563127878 0.579064575959117 0.515481012308289 0.502453161052875 0.505854417296645 0.523826225040477 0.518005221053758 0.513915883161093 0.492290219300129 0.435759625772614 0.377149351145508 0.389400162963428 0.422471458465076 1 1 1 1 1 1 1 1 1 1 1 1
1 1 1 1 1 1 1 1 1 1 1 1 1 1 0.402163071906942 0.414274718184881 0.54125789041617 0.620803366079935 0.67465763491716 0.691660836795986 0.674046017389197 0.630534538975486 0.58112548458855 0.570510240318265 0.589475961040437 0.621043988719978 0.654981049857531 0.674504929197154 0.661495820335419 0.628064473009254 0.52926755377174 0.468570934781641 0.439947093644787 0.468802451435984 0.531768981156447 0.54463530554124 0.536507724897634 0.462143826086555 0.388696971702461 0.338154313502644 0.329477771776745 0.302081673396303 0.37183115152433 0.486880127070434 0.617506541488347 0.693404312545695 0.764709318180805 0.78157849635602 0.82439498674301 0.885379370494298 0.886578655112372 0.90240399748631 0.930536974774814 0.945938588432707 0.904116558596217 0.893475770284631 0.875515114769615 0.807766295979732 0.724978811590457 0.679768570775564 0.64675253440661 0.620661420484558 0.599465815017996 0.586778177474024 0.617614456611449 0.767066649218549 0.807619728498929 0.876423772683851 0.903803295598925 0.923329316739156 0.924125685372875 0.887080384165656 0.852933680138025 0.776182745906435 0.722318952122499 0.649787075172811 0.592198157684361 0.529929769313989 0.520531140924624 0.523093906664808 0.537689222363716 0.537843648728041 0.511472758891901 0.486908361486837 0.444411517474882 0.424238269432064 0.420594844861644 0.433615137624886 1 1 1 1 1 1 1 1 1 1 1 1
1 1 1 1 1 1 1 1 1 1 1 1 1 1 0.384038598081298 0.388941845276476 0.530936182703375 0.625805238290518 0.696117027990278 0.693906173884918 0.689462965175963 0.654194561909337 0.617281183791549 0.6003279216677 0.612912193641333 0.64721353484743 0.671790345107857 0.680481477654116 0.660396383484588 0.589559791340422 0.541567033534879 0.474807458789194 0.441772770708541 0.468682268728408 0.495367346505314 0.48559185609597 0.471230458368136 0.411586450317261 0.360338239421715 0.315926013426285 0.293543693253418 0.311969647224359 0.399963784816751 0.556603168794051 0.670845236331754 0.744473643590338 0.811174544090109 0.823116206698169 0.878654049206962 0.923201509101445 0.958501599936432 0.991955320991435 0.998175618733926 0.98087005840659 0.93022795935439 0.904333846597949 0.874809965483171 0.791554586605374 0.746067585213623 0.72337377494915 0.696514179761314 0.669467264186919 0.663489231803543 0.69270266881651 0.720595012159224 0.777058354329168 0.872023478268898 0.924072899524566 0.935627996050418 0.940666223663922 0.9388737021795 0.911256920118738 0.882047504524893 0.811827140859219 0.753519810357004 0.696481930632216 0.634662901330062 0.556992668529166 0.547319822222917 0.547030003502072 0.54116918471437 0.537193245909391 0.520908001074791 0.490974617215048 0.474383041487103 0.461720421030771 0.495959785596134 0.467435323089203 1 1 1 1 1 1 1 1 1 1 1 1
1 1 1 1 1 1 1 1 1 1 1 1 1 1 0.403967210831803 0.363094875025 0.487640985360178 0.625840948472242 0.699291734529681 0.699804603118587 0.690108952710413 0.661795440937394 0.627527573109898 0.611061682210222 0.619865543305306 0.646248826764459 0.671434038229014 0.675663218491364 0.655255892737589 0.619859094831664 0.562840766002217 0.488243947515397 0.459784779496552 0.481358810231278 0.48933168238683 0.46911768194461 0.463882377737005 0.426801305559082 0.371354884249059 0.29378225101058 0.261969851107748 0.310791884197606 0.439574427739064 0.579853965888825 0.693942987391712 0.820045315816907 0.866453190184074 0.870013383287649 0.902908720096498 0.933585137019596 0.954188062774429 0.969928211159161 0.964128499685892 0.939886162438869 0.903957296508467 0.849918127801346 0.828929881293926 0.800463653401533 0.786853500847717 0.76011735658959 0.729088399096764 0.720124330810981 0.722108548820706 0.776674653519479 0.80454989855299 0.856164756670846 0.92488334145314 0.960597543072578 0.973530001219916 0.973052200786555 0.954278860473975 0.931133355905929 0.909696133032255 0.862455258858447 0.811174119357577 0.760846049090416 0.712333589349718 0.655610244118833 0.586417822474836 0.560789454688471 0.538731527490693 0.522063868138128 0.517962131988116 0.514411083349205 0.496643665797529 0.520720529485038 0.546334829545785 0.570574329204395 1 1 1 1 1 1 1 1 1 1 1 1
1 1 1 1 1 1 1 1 1 1 1 1 1 1 1 0.336274461597957 0.463623629772921 0.614994207765439 0.696693477329065 0.70078727226549 0.692457185979514 0.6693834953249 0.650153727828857 0.614383812233351 0.616989875682676 0.635396088364242 0.652733937792116 0.663950722343799 0.659294955817205 0.637600337993755 0.603231444251654 0.546600526744895 0.518965331771509 0.515805468924403 0.495409151890745 0.45226217043531 0.433581828864276 0.413045704374027 0.332975518536914 0.277659907284309 0.291190838482707 0.345645915293199 0.466287372375625 0.610009701334013 0.746950803879001 0.836277029541885 0.876001190818514 0.869201967985919 0.888926282011384 0.919848240725007 0.92193833102239 0.916490559447668 0.894214410921651 0.88609804810328 0.837370056643106 0.81311716753762 0.826500138277893 0.83221399200343 0.818073435662606 0.803706736712511 0.790088110144722 0.785479720037577 0.788996317482309 0.8253419625339 0.85273079622963 0.899527772176123 0.961687632416902 0.987226877820019 0.991049281286903 0.985315676086576 0.959260382680699 0.933891189522353 0.921423086798787 0.910874762759533 0.858667304788544 0.815760993144404 0.775466680110639 0.738039117809861 0.646570088103143 0.57234349815244 0.531865589251845 0.491541850380207 0.480672177930246 0.50659153796864 0.536937182002338 0.550245115460486 0.599495157835969 0.626259721627047 1 1 1 1 1 1 1 1 1 1 1 1
1 1 1 1 1 1 1 1 1 1 1 1 1 1 1 0.328852657591156 0.452450021190983 0.565936200467883 0.640600142655483 0.692429135950924 0.690015309375262 0.677261104442289 0.65080705616375 0.616321460780945 0.61251945111975 0.612126273620572 0.63156259044339 0.650656980782589 0.660035468452153 0.65160278611024 0.608868843987214 0.57381315606792 0.538578236138393 0.461492832915699 0.430481885983652 0.43228292536168 0.410397348440349 0.447901886952532 0.36516820870312 0.34708136831357 0.394203264081187 0.462509188021421 0.508393018190442 0.679888868868158 0.781476420714589 0.849603313909335 0.881737968241313 0.863550825677479 0.869575917105048 0.890708222709722 0.877632695142732 0.851976990579261 0.832625848936018 0.818224191048389 0.79301938234906 0.79473787781089 0.820888240704779 0.834097664979894 0.841508025361597 0.83935419270399 0.833297962512064 0.828550072002015 0.824978516615339 0.826495527804541 0.855364553898711 0.924424507954247 0.976690951916222 0.997037658060035 0.986870052050268 0.975998482055202 0.96560687078268 0.955820262286089 0.936721504989934 0.911403840639966 0.893972168124757 0.853164644157971 0.808361153071657 0.760260759119702 0.682424281101477 0.595818351066202 0.555122955187122 0.486393609320656 0.465829178765983 0.487313351388039 0.53841526147333 0.568814218690224 0.640934479373617 0.959890027840226 1 1 1 1 1 1 1 1 1 1 1 1
1 1 1 1 1 1 1 1 1 1 1 1 1 1 1 0.335467231976754 0.394554692148596 0.532839817942838 0.640600142655483 0.689934319241488 0.678220050684864 0.67763636952376 0.661045302562249 0.619286740023971 0.610645129756376 0.60218253266491 0.639375364107582 0.621156233551621 0.614679285415271 0.619862758515086 0.567376597440323 0.554287462350913 0.522775084833955 0.422692258139205 0.371238141953564 0.426347406039497 0.45136992920675 0.453866735704472 0.514835349496729 0.581690677742437 0.605738796405824 0.628871067367113 0.64913901290331 0.72598234319541 0.80731112079212 0.860694605751365 0.883788444988842 0.858683218675752 0.855652282858582 0.861651613515258 0.833577765184427 0.807612317795794 0.781282109931858 0.76532115528457 0.775039704878875 0.790596334308021 0.81475935431926 0.834076589977934 0.84968307339579 0.853199379020225 0.833297962512064 0.828550072002015 0.824119605502402 0.826495527804541 0.870256767779654 0.92843532546861 0.971244692188015 0.980084767136604 0.962477105887775 0.971733611341401 0.964682304724229 0.954736552085849 0.944225046286269 0.931067877225828 0.893972168124757 0.853164644157971 0.788143631027069 0.736579368411831 0.68508275601405 0.61646413635108 0.570189523960976 0.539661467245411 0.503122422201309 0.516454289508888 0.547936773233227 0.615795871746165 0.648071311044296 1 1 1 1 1 1 1 1 1 1 1 1 1
1 1 1 1 1 1 1 1 1 1 1 1 1 1 1 0.33774294522305 0.41087567500333 0.527641448793404 0.608823663061276 0.667480590510143 0.661751314595641 0.676607028108794 0.671002523072336 0.622833025830995 0.611677396948218 0.590682544066613 0.605330100824346 0.588292715544168 0.574158589282291 0.564846242833771 0.522817140543348 0.522893408387213 0.51375725777406 0.495061912971183 0.469728160495303 0.49750769660798 0.515014187564731 0.594420947381476 0.62975112167049 0.643941330883751 0.648659213215902 0.650563649223632 0.6760428933254 0.74836722282803 0.821589802881906 0.862248551816555 0.875197238166192 0.850795252711408 0.843706451559739 0.838015510560261 0.810386631838117 0.793796216922226 0.75149141188472 0.739945003230288 0.770364889220009 0.788726236534244 0.810540170089848 0.823174551080507 0.846745744142536 0.852080749016235 0.84887544258262 0.833411719422328 0.823788009304557 0.857886566328575 0.908772378612134 0.948907511280074 0.96878384333291 0.979826601284978 0.962202180226406 0.941964899302988 0.954018156416468 0.94017971769318 0.926482841093078 0.910683580345577 0.88462339679075 0.817361507933914 0.768065793022423 0.72676211886961 0.665562806925315 0.596881312301556 0.567477382473386 0.563303831218294 0.574327133338479 0.573574167824861 0.590136174225686 0.624483719044891 0.987549141049729 1 1 1 1 1 1 1 1 1 1 1 1 1
1 1 1 1 1 1 1 1 1 1 1 1 1 1 1 0.897381473897635 1 0.508410211381567 0.536553953998275 0.585405650078299 0.62619324408237 0.671524326971513 0.642316594356042 0.628145252322405 0.611932220388199 0.581267325841431 0.579057128850412 0.550425088599512 0.528424995635377 0.510263184126766 0.487320085739296 0.511483832350035 0.534009559431901 0.542783979846023 0.576826917900379 0.620164157713873 0.594667763761192 0.644836029084467 0.685900851171493 0.66726907426192 0.650346397089349 0.666719778655785 0.665445661455883 0.740565898389296 0.813241885276444 0.840461411961484 0.839009380490141 0.819005885939099 0.81575162045768 0.801956387507666 0.824392272807243 0.78862337823397 0.74379914907747 0.72848006802095 0.761854358160284 0.792734567706012 0.781162337837272 0.792526725276058 0.838935017221977 0.845585817694601 0.844992515047705 0.816971417451106 0.827136573693715 0.876814260683186 0.93022157610502 0.949769954052424 0.942968391530381 0.946168094466312 0.932885325406369 0.919156602359666 0.936670374651141 0.917022371765667 0.892750192738429 0.868032111591609 0.785229826887851 0.735172949498589 0.711751328422134 0.666465106667961 0.604277974648724 0.565406140482456 0.546219048780872 0.558206544331965 0.559489015296979 0.589307218680472 0.606203310888072 0.958380548038706 1 1 1 1 1 1 1 1 1 1 1 1 1 1
1 1 1 1 1 1 1 1 1 1 1 1 1 1 1 1 1 0.509491456075555 0.513188212065021 0.543501024441577 0.597614716191107 0.644697498306018 0.646833049827345 0.635740797083623 0.603408876715922 0.571721655482547 0.559713724595716 0.529304954933647 0.507897800032946 0.48092862816478 0.479531096907544 0.525134444273802 0.557688603577922 0.613296355355722 0.639870852719987 0.635355141030485 0.653118441395484 0.683570127742633 0.700713492159446 0.703557232376 0.64314996548758 0.643744519765959 0.672265100493174 0.714690745069921 0.784482259247088 0.786184809182731 0.75927408436798 0.752234530043958 0.752909799193112 0.765650222703394 0.770625993846426 0.781773139348017 0.733950654332963 0.707559469770409 0.741861521276746 0.78268254886303 0.759147082742307 0.764111245129413 0.825861476982177 0.829733083760148 0.804780216779903 0.808663628702383 0.847100593692453 0.912408963172022 0.941471975438195 0.932943727847529 0.916004846157804 0.927215413099242 0.919729942132828 0.903866988492126 0.887098040906709 0.872083987404366 0.80177747236439 0.77702987253745 0.725321224033217 0.65608306840876 0.628608779389757 0.59450853152819 0.52893885311091 0.558256508701808 0.545275403298421 0.553551528218389 0.57213492259939 0.578046005025359 0.578721587906097 1 1 1 1 1 1 1 1 1 1 1 1 1 1 1
1 1 1 1 1 1 1 1 1 1 1 1 1 1 1 1 1 1 1 0.530735711137377 0.575239152187426 0.624181654067351 0.646341730253232 0.641350577976699 0.599832559971682 0.569110192841645 0.540891902734936 0.534567927744458 0.522335322536818 0.487589752281585 0.496448296330511 0.545874488072261 0.619638751252852 0.642360919946851 0.646432934754826 0.654446724298621 0.668468701698692 0.683422824960311 0.69780088745777 0.699499014323951 0.660006019726591 0.651260558175885 0.672065097527668 0.702713939656482 0.745027343248833 0.70768077941429 0.682308934703424 0.67014305952858 0.679892354923356 0.700017634771412 0.707466604573875 0.699140854706759 0.685100758578209 0.679331832792566 0.695309180241344 0.739769415274344 0.73991687844035 0.736087056735326 0.75213062209855 0.783875905497174 0.776792689942529 0.812782244608874 0.893896913421908 0.939351502612861 0.92195344082702 0.891985774285665 0.888322603051782 0.912770025709522 0.906795486046277 0.873690550048039 0.83963868396686 0.83023052827731 0.770841019056986 0.69911491039219 0.631447740895286 0.557393912108266 0.53743107137463 0.507519535279431 0.502607369724174 0.561522614918992 0.549317022295262 0.554188174911266 0.561594597743072 0.565364831301229 0.565380799735849 1 1 1 1 1 1 1 1 1 1 1 1 1 1 1
1 1 1 1 1 1 1 1 1 1 1 1 1 1 1 1 1 1 1 0.538850161680364 0.583252700620166 0.61564034883581 0.631984618166292 0.619314976063816 0.59451340745127 0.576456832395782 0.558852291277923 0.569817243843314 0.554041560593104 0.547360994196012 0.542354986299027 0.584035344420876 0.638180642523845 0.645346248675312 0.652481408729121 0.656622328529188 0.66341928502549 0.671160891217621 0.674077863835798 0.674268994382577 0.655524278821916 0.66141652400859 0.682629975294108 0.696629971676372 0.702280511543662 0.651137750317478 0.591771155702099 0.611715951986242 0.635028229772993 0.666334211609316 0.682479991979778 0.673495227147373 0.631039895584111 0.615213613344511 0.676446334639971 0.736206163695611 0.720277365761781 0.690915067394135 0.66981836546064 0.706742244404776 0.741256950656836 0.805520295168583 0.913996336932501 0.91667469674299 0.878543669258366 0.855418273511806 0.865006076758443 0.899805702962072 0.894455152941782 0.842974348749244 0.783278321987648 0.759534151346139 0.74294903055319 0.668533039322944 0.572994839319635 0.482225896493032 0.481649384004661 0.489383904524508 0.489452663330258 0.557841991038804 0.549455116658098 0.555549534542658 0.560729138917727 0.87321944518096 1 1 1 1 1 1 1 1 1 1 1 1 1 1 1 1
1 1 1 1 1 1 1 1 1 1 1 1 1 1 1 1 1 1 1 0.773280518320108 0.592692869134548 0.60113717125546 0.573052171209298 0.560487996223655 0.577335339961596 0.586029829280225 0.592342506354766 0.588798875432728 0.588507982148459 0.579572326243142 0.58840542922786 0.612335347128343 0.648416935961049 0.665987154782444 0.664362622935583 0.654870359028748 0.654398607864226 0.659777836283953 0.639931211675343 0.636826879475878 0.636437370954464 0.647819828572756 0.680922414963245 0.686882884329557 0.66076425699154 0.598210803405194 0.537355091840951 0.594572440752902 0.636829260994908 0.684464399103715 0.708078243303844 0.689979765561398 0.636127668864486 0.613016917741406 0.671375930778533 0.735398210053353 0.719935350419315 0.661811997458923 0.600859202909894 0.64529188113485 0.701795931532164 0.825171868373968 0.894209301032219 0.877385692522247 0.840591210681568 0.83295367120157 0.862933041094209 0.881214667612309 0.851970075815809 0.820475962158175 0.77250952435802 0.724788195196518 0.665813037908008 0.595053938678007 0.503462478674811 0.450719259387544 0.47091462822243 0.476379293474134 0.473598345618593 0.53164871803011 0.541720892494332 0.561231600562468 0.560995819570378 0.872533456663108 1 1 1 1 1 1 1 1 1 1 1 1 1 1 1 1
1 1 1 1 1 1 1 1 1 1 1 1 1 1 1 1 1 1 1 1 0.579685715859883 0.562590650969895 0.524500177035641 0.470440221626372 0.514368239690517 0.56945596336642 0.597765134769598 0.606993500232313 0.614887270840439 0.608990423568632 0.619625722302305 0.639521425189689 0.670476867083513 0.679278838468028 0.67192686608896 0.657122004568098 0.641734749571785 0.639780425979678 0.629060112085747 0.622679854888347 0.614282818022558 0.635049243735067 0.653756425085436 0.670828852009251 0.618049853764385 0.557451745015408 0.524095460709161 0.593491805277807 0.677908802921896 0.72919686755706 0.755957369506333 0.725650339378608 0.644812743412661 0.632292490576771 0.686748430482371 0.742150437790093 0.736942171357638 0.690065245666808 0.608044661397065 0.627507706513314 0.661369074718352 0.802692344784621 0.842052438746679 0.843069743562454 0.81894934293623 0.828891347911745 0.87010717651894 0.877615988492956 0.829357552400371 0.754819240813908 0.745616194731114 0.678565044240626 0.589640555796219 0.524084192880079 0.482451414978079 0.456250091026896 0.452173424441142 0.469686582690077 0.467954228357487 0.504809850780207 0.535151620151664 0.556477993713802 0.745248310478586 1 1 1 1 1 1 1 1 1 1 1 1 1 1 1 1 1
1 1 1 1 1 1 1 1 1 1 1 1 1 1 1 1 1 1 1 1 0.517717373114472 0.495821007760056 0.463568574742106 0.439806442659332 0.478952090165537 0.528153962132345 0.575535589285818 0.608246241406127 0.629025431494715 0.62685226765372 0.626781166474395 0.642957246508509 0.660317294342494 0.678206154069063 0.67694667877869 0.659811464471814 0.648972655741053 0.626349109681755 0.611681776826586 0.606554708486756 0.601860674888704 0.629957192462911 0.664696453668659 0.656940844862369 0.58996309809857 0.536254481486166 0.53505050255145 0.651282544773304 0.71942012003517 0.761505718343284 0.783586614483359 0.712845962595415 0.659408677357944 0.637529151946762 0.704370266082767 0.764018147599048 0.789074725618744 0.733218949351495 0.664391629654249 0.633501694915606 0.708766009322814 0.788069912396598 0.823795879824477 0.827216997641496 0.82105382037157 0.840999193750669 0.873950706705845 0.873498956121198 0.827795944256478 0.759508187130135 0.696359435911516 0.626099955875294 0.50004272503586 0.458294571695376 0.483995698317885 0.470881497764317 0.469555933394972 0.471909518773221 0.465017417691718 0.483963075218661 0.693336901354235 0.739200047072062 0.850632151770523 1 1 1 1 1 1 1 1 1 1 1 1 1 1 1 1 1
1 1 1 1 1 1 1 1 1 1 1 1 1 1 1 1 1 1 1 1 0.855582374559496 0.524352974817295 0.450324092767869 0.473246338332914 0.511604280993595 0.533292335443342 0.569629200364771 0.600000337960041 0.614451386385001 0.62416211915099 0.624286033455574 0.62796961510172 0.640186035115324 0.662304564447716 0.663492890773534 0.651420346590998 0.631396784990997 0.616565431792172 0.608281235866194 0.603491756957048 0.606194650661857 0.641514494853117 0.670460629026449 0.656118758405076 0.586642851415424 0.531727546942907 0.570882283351063 0.691985090416937 0.725625705426022 0.765086882369547 0.747861245291497 0.723944737130924 0.672134815655755 0.683697565396211 0.743020666839696 0.787149012998744 0.804835327937487 0.757377398960665 0.682950890375298 0.621810805608252 0.695936468711956 0.770328596200335 0.822201411295509 0.827015199572448 0.837083066217373 0.860302812508039 0.871968387751856 0.863278041561272 0.809646670522732 0.752496527233172 0.699347526993754 0.520358664899448 0.443360105756654 0.421163291565733 0.45798673486578 0.484453752595433 0.479746424932946 0.46475840680708 0.462905766942828 0.463368846781559 1 1 1 1 1 1 1 1 1 1 1 1 1 1 1 1 1 1 1 1
1 1 1 1 1 1 1 1 1 1 1 1 1 1 1 1 1 1 1 1 1 0.70305511181566 0.59632856850976 0.47813067599892 0.520615771929339 0.543398852062675 0.562582886098227 0.586632817764518 0.598833949077117 0.597231784025749 0.588024228268275 0.586912031608273 0.616608305719248 0.64183650314398 0.636680763906004 0.624129264122498 0.607117604829788 0.594166235909762 0.593016606835284 0.601113270860356 0.623944651614916 0.665252949219545 0.701804135412803 0.670464525781514 0.596966376914572 0.539833736246641 0.613488267000141 0.685611438179044 0.692875752406013 0.667571853934146 0.660954327008857 0.722940686356277 0.703895392034426 0.72618975005 0.758670113668474 0.767902476679738 0.76161799684191 0.712970673883258 0.666020361938495 0.608499017935203 0.6907049618644 0.75572785666127 0.792115226201057 0.818275806669455 0.830700140497809 0.842549560124846 0.841297377078162 0.826791117548865 0.792120805034601 0.748292849186432 0.710581671716455 0.576582020510255 0.44076846422223 0.425392420961295 0.462540370409962 0.475631753842943 0.466499707375761 0.467564531027879 1 1 1 1 1 1 1 1 1 1 1 1 1 1 1 1 1 1 1 1 1 1
1 1 1 1 1 1 1 1 1 1 1 1 1 1 1 1 1 1 1 1 1 1 0.987417810811205 0.499833083965024 0.532776995620751 0.537042772114401 0.558769193967474 0.583696752384697 0.583850892003928 0.562505076991378 0.524668941896884 0.547509991302653 0.581943042202351 0.599826131840347 0.596419269779133 0.573024772156569 0.536153445100875 0.521086860093892 0.537045301207219 0.588367830780068 0.664999707469122 0.696754489207893 0.710747497538384 0.674068118137195 0.583720466563669 0.550953647927471 0.598786331844849 0.644235574804502 0.582180950990912 0.610116609861735 0.629123402698421 0.733093587941006 0.741245143416894 0.746225418070192 0.736035435869192 0.726148970127929 0.712159045148095 0.665410776370725 0.63829826022966 0.627712299406287 0.706507808342846 0.75978062379331 0.773336810249535 0.800223070443769 0.813187099014856 0.819223437107106 0.82033402328219 0.798432843624196 0.774916814525724 0.735547740936781 0.696723743642121 0.635910646999721 0.478604505469549 0.43961063792167 0.458381438473651 0.458084729683315 0.828187693362133 1 1 1 1 1 1 1 1 1 1 1 1 1 1 1 1 1 1 1 1 1 1 1
1 1 1 1 1 1 1 1 1 1 1 1 1 1 1 1 1 1 1 1 1 1 0.990094130329042 0.604640267240966 0.608803589167151 0.609266610307797 0.551248732267649 0.537497767435722 0.590810041858886 0.54501846569396 0.520329859166092 0.530253078368815 0.558715678711055 0.585361798850426 0.580778871781019 0.531043940610578 0.466469618563205 0.457925706661758 0.518251367360121 0.589994916479841 0.636282258012649 0.655684128894136 0.700856513358183 0.644319191655495 0.572687640145112 0.514716222227201 0.556630688618204 0.55587054492071 0.521723892760255 0.545732377548338 0.586367561162812 0.672838137220685 0.741781955464923 0.732546698094026 0.706439246804826 0.669789281170721 0.655698574109067 0.657364159604432 0.659865948135106 0.670717894312173 0.719121460285615 0.764582850514751 0.771756642084737 0.795402408023157 0.805120411655779 0.804239890291066 0.796680615825215 0.793066059774017 0.77492209938778 0.719524550911939 0.656337768880742 0.567515685173705 0.484043147241163 0.435968033169682 0.43647194483656 0.521753972133639 0.849663915538247 1 1 1 1 1 1 1 1 1 1 1 1 1 1 1 1 1 1 1 1 1 1 1
1 1 1 1 1 1 1 1 1 1 1 1 1 1 1 1 1 1 1 1 1 1 1 1 1 1 0.529167924218787 0.562636982510803 0.583162415425382 0.566285403601326 0.56302206772676 0.590080941841542 0.599738184151403 0.592699987042282 0.548393007278884 0.486148319093717 0.397527518980014 0.388272161736016 0.451715998660219 0.525004802900578 0.556551390387851 0.5745466750261 0.659077173483672 0.650576844846757 0.536745862036629 0.486532168593636 0.499639257489465 0.507639215652103 0.459802031670383 0.441336495493572 0.585933646268758 0.612842705148689 0.718438157189547 0.709959576913732 0.67065690133504 0.636331913177614 0.649614606128958 0.692775721762886 0.706907112363133 0.716324772500189 0.760162950688164 0.774950511886246 0.778730043585026 0.78268064585631 0.793637793538397 0.794146732418427 0.785014760153726 0.782576012903724 0.753931229031397 0.68670192130546 0.60715761828206 0.531086029642039 0.444453152829982 0.992027863770313 1 1 1 1 1 1 1 1 1 1 1 1 1 1 1 1 1 1 1 1 1 1 1 1 1 1
1 1 1 1 1 1 1 1 1 1 1 1 1 1 1 1 1 1 1 1 1 1 1 1 1 1 1 0.80191121126404 0.598849619989952 0.60084732294828 0.601890009413114 0.558467868742951 0.57248458789531 0.533840098732283 0.465425581597027 0.381962217143648 0.311725548483077 0.35766181392173 0.42559264434739 0.477536731728463 0.481127100650487 0.483751825478257 0.595811497537138 0.58328946035496 0.509970416600017 0.446302658410656 0.458852793710726 0.476090786374346 0.428062559244633 0.407269865082062 0.546441043150586 0.615090661491152 0.653329459892564 0.682299461004077 0.615485783051217 0.611700246890355 0.669987474122169 0.693624742064529 0.703466266054966 0.731232378795743 0.77925261161609 0.796867494316395 0.798838281727826 0.778921308986465 0.786604663469937 0.787268510605748 0.777095429157061 0.774113774147024 0.750544534039806 0.689972063718723 0.599819680036832 0.48386467518751 0.447188952021617 0.896391987434034 1 1 1 1 1 1 1 1 1 1 1 1 1 1 1 1 1 1 1 1 1 1 1 1 1 1
1 1 1 1 1 1 1 1 1 1 1 1 1 1 1 1 1 1 1 1 1 1 1 1 1 1 1 1 1 0.594772204044073 0.558900124750934 0.561888899366059 0.533535430241604 0.504523180893626 0.45002229251262 0.35537652237231 0.323615670365626 0.344420769412225 0.408149780252387 0.421010078388939 0.430853235345474 0.458644084639245 0.542618037233476 0.556599208994432 0.457272585765748 0.414995084129469 0.44125662953288 0.432948992365981 0.38163344885191 0.387112204678668 0.53122126205445 0.613821184413177 0.638274833381881 0.623330069933552 0.582499575644802 0.598373775428921 0.673036113144304 0.691437859802606 0.672747451650196 0.664797654458637 0.738119608783002 0.799747227960029 0.779724858598406 0.759868824706888 0.749441208344952 0.758178718972536 0.762278716196345 0.761963358335647 0.745906945405284 0.683458412977977 0.574739592799094 0.96661900950964 0.964067281881406 0.993265479183213 1 1 1 1 1 1 1 1 1 1 1 1 1 1 1 1 1 1 1 1 1 1 1 1 1 1
1 1 1 1 1 1 1 1 1 1 1 1 1 1 1 1 1 1 1 1 1 1 1 1 1 1 1 1 1 1 0.585850212626898 0.574643441412341 0.533671865145237 0.487708806948085 0.457085267142673 0.411577276264968 0.393057808578841 0.388361915535366 0.383498402068883 0.390584885114981 0.431007063927618 0.4638377771756 0.50339035120614 0.536340548283259 0.449970211738284 0.411895013031888 0.414729025193755 0.398827943792292 0.417270030792506 0.418450353723773 0.532702664835703 0.605304388232873 0.622024949305021 0.587643327689666 0.583224854493119 0.630950343721188 0.68338507680699 0.701885724576162 0.653617903377258 0.628811079745732 0.650598001233506 0.743642590078763 0.744250516960152 0.701033197016019 0.703353167431241 0.731490170918426 0.738014937591338 0.967807425192232 0.965653913736381 1 1 1 1 1 1 1 1 1 1 1 1 1 1 1 1 1 1 1 1 1 1 1 1 1 1 1 1 1 1 1
1 1 1 1 1 1 1 1 1 1 1 1 1 1 1 1 1 1 1 1 1 1 1 1 1 1 1 1 1 0.995348712554232 0.915505479240792 0.913026041173935 0.903860130354671 0.895106303537308 0.471544606019777 0.469166726054585 0.472783997082783 0.455950996098759 0.410076784875334 0.413844300864429 0.444947360326361 0.46948701677815 0.496410949814564 0.538159826188682 0.497757221518903 0.477895813682157 0.4273079456988 0.388141045889174 0.445175054315308 0.452106414697088 0.492684569871467 0.57655877524946 0.612728589021918 0.590242000713329 0.586531637428361 0.642234699519959 0.695104458634786 0.709270111601567 0.65701139978307 0.622532992451873 0.64222796383961 0.946539627612346 0.94104634589645 0.932961268024887 0.933397463058387 0.93886388139668 0.705826767726749 1 1 1 1 1 1 1 1 1 1 1 1 1 1 1 1 1 1 1 1 1 1 1 1 1 1 1 1 1 1 1 1 1
1 1 1 1 1 1 1 1 1 1 1 1 1 1 1 1 1 1 1 1 1 1 1 1 1 1 1 1 1 1 1 1 1 1 0.480091769633386 0.482754059391082 0.491228439592582 0.503175695140762 0.489078436922718 0.462715443172481 0.4633059226066 0.449002946593768 0.471461898683072 0.521384027521035 0.56079979730048 0.513787697323489 0.428847891645941 0.324837545486216 0.373725006118381 0.361268471694343 0.444634048844928 0.540389421966765 0.580686570164153 0.602692769192982 0.604325683650885 0.6639485672626 0.678488264221358 0.677923603512569 0.667044201292416 0.63981765782767 0.659358816403477 1 1 1 1 1 1 1 1 1 1 1 1 1 1 1 1 1 1 1 1 1 1 1 1 1 1 1 1 1 1 1 1 1 1 1 1 1 1 1
1 1 1 1 1 1 1 1 1 1 1 1 1 1 1 1 1 1 1 1 1 1 1 1 1 1 1 1 1 1 1 1 1 1 1 1 1 0.938926629229717 0.672616905363303 0.568589074080644 0.507582191387963 0.429582905558792 0.45516118264308 0.544158376009646 0.623755673876256 0.592382388362644 0.492466728762051 0.496554700382512 0.326507302172363 0.325857595162265 0.371472775267665 0.483050391270422 0.556359391195526 0.600076052445963 0.597973818330856 0.652827656641986 0.655794834716424 0.676817108703385 0.743419716378866 1 1 1 1 1 1 1 1 1 1 1 1 1 1 1 1 1 1 1 1 1 1 1 1 1 1 1 1 1 1 1 1 1 1 1 1 1 1 1 1 1
1 1 1 1 1 1 1 1 1 1 1 1 1 1 1 1 1 1 1 1 1 1 1 1 1 1 1 1 1 1 1 1 1 1 1 1 1 1 0.672821822681577 0.625746333146197 0.593308677828639 0.503440142373326 0.549491834180792 0.603342870103168 0.62598578973949 0.600386243196064 0.99642476211638 1 1 1 0.736515721410713 0.773020423615057 0.810715901895521 0.80695189763847 0.841965827984793 0.859851258422195 0.855527825696569 0.867359695655857 0.88068454248171 1 1 1 1 1 1 1 1 1 1 1 1 1 1 1 1 1 1 1 1 1 1 1 1 1 1 1 1 1 1 1 1 1 1 1 1 1 1 1 1 1
1 1 1 1 1 1 1 1 1 1 1 1 1 1 1 1 1 1 1 1 1 1 1 1 1 1 1 1 1 1 1 1 1 1 1 1 1 1 1 1 0.806817940626974 0.780889508079253 0.791351440560274 1 1 1 1 1 1 1 1 1 1 1 1 1 1 1 1 1 1 1 1 1 1 1 1 1 1 1 1 1 1 1 1 1 1 1 1 1 1 1 1 1 1 1 1 1 1 1 1 1 1 1 1 1 1 1 1 1
1 1 1 1 1 1 1 1 1 1 1 1 1 1 1 1 1 1 1 1 1 1 1 1 1 1 1 1 1 1 1 1 1 1 1 1 1 1 1 1 1 1 1 1 1 1 1 1 1 1 1 1 1 1 1 1 1 1 1 1 1 1 1 1 1 1 1 1 1 1 1 1 1 1 1 1 1 1 1 1 1 1 1 1 1 1 1 1 1 1 1 1 1 1 1 1 1 1 1 1
1 1 1 1 1 1 1 1 1 1 1 1 1 1 1 1 1 1 1 1 1 1 1 1 1 1 1 1 1 1 1 1 1 1 1 1 1 1 1 1 1 1 1 1 1 1 1 1 1 1 1 1 1 1 1 1 1 1 1 1 1 1 1 1 1 1 1 1 1 1 1 1 1 1 1 1 1 1 1 1 1 1 1 1 1 1 1 1 1 1 1 1 1 1 1 1 1 1 1 1
1 1 1 1 1 1 1 1 1 1 1 1 1 1 1 1 1 1 1 1 1 1 1 1 1 1 1 1 1 1 1 1 1 1 1 1 1 1 1 1 1 1 1 1 1 1 1 1 1 1 1 1 1 1 1 1 1 1 1 1 1 1 1 1 1 1 1 1 1 1 1 1 1 1 1 1 1 1 1 1 1 1 1 1 1 1 1 1 1 1 1 1 1 1 1 1 1 1 1 1
1 1 1 1 1 1 1 1 1 1 1 1 1 1 1 1 1 1 1 1 1 1 1 1 1 1 1 1 1 1 1 1 1 1 1 1 1 1 1 1 1 1 1 1 1 1 1 1 1 1 1 1 1 1 1 1 1 1 1 1 1 1 1 1 1 1 1 1 1 1 1 1 1 1 1 1 1 1 1 1 1 1 1 1 1 1 1 1 1 1 1 1 1 1 1 1 1 1 1 1
1 1 1 1 1 1 1 1 1 1 1 1 1 1 1 1 1 1 1 1 1 1 1 1 1 1 1 1 1 1 1 1 1 1 1 1 1 1 1 1 1 1 1 1 1 1 1 1 1 1 1 1 1 1 1 1 1 1 1 1 1 1 1 1 1 1 1 1 1 1 1 1 1 1 1 1 1 1 1 1 1 1 1 1 1 1 1 1 1 1 1 1 1 1 1 1 1 1 1 1
1 1 1 1 1 1 1 1 1 1 1 1 1 1 1 1 1 1 1 1 1 1 1 1 1 1 1 1 1 1 1 1 1 1 1 1 1 1 1 1 1 1 1 1 1 1 1 1 1 1 1 1 1 1 1 1 1 1 1 1 1 1 1 1 1 1 1 1 1 1 1 1 1 1 1 1 1 1 1 1 1 1 1 1 1 1 1 1 1 1 1 1 1 1 1 1 1 1 1 1
1 1 1 1 1 1 1 1 1 1 1 1 1 1 1 1 1 1 1 1 1 1 1 1 1 1 1 1 1 1 1 1 1 1 1 1 1 1 1 1 1 1 1 1 1 1 1 1 1 1 1 1 1 1 1 1 1 1 1 1 1 1 1 1 1 1 1 1 1 1 1 1 1 1 1 1 1 1 1 1 1 1 1 1 1 1 1 1 1 1 1 1 1 1 1 1 1 1 1 1
1 1 1 1 1 1 1 1 1 1 1 1 1 1 1 1 1 1 1 1 1 1 1 1 1 1 1 1 1 1 1 1 1 1 1 1 1 1 1 1 1 1 1 1 1 1 1 1 1 1 1 1 1 1 1 1 1 1 1 1 1 1 1 1 1 1 1 1 1 1 1 1 1 1 1 1 1 1 1 1 1 1 1 1 1 1 1 1 1 1 1 1 1 1 1 1 1 1 1 1
1 1 1 1 1 1 1 1 1 1 1 1 1 1 1 1 1 1 1 1 1 1 1 1 1 1 1 1 1 1 1 1 1 1 1 1 1 1 1 1 1 1 1 1 1 1 1 1 1 1 1 1 1 1 1 1 1 1 1 1 1 1 1 1 1 1 1 1 1 1 1 1 1 1 1 1 1 1 1 1 1 1 1 1 1 1 1 1 1 1 1 1 1 1 1 1 1 1 1 1
1 1 1 1 1 1 1 1 1 1 1 1 1 1 1 1 1 1 1 1 1 1 1 1 1 1 1 1 1 1 1 1 1 1 1 1 1 1 1 1 1 1 1 1 1 1 1 1 1 1 1 1 1 1 1 1 1 1 1 1 1 1 1 1 1 1 1 1 1 1 1 1 1 1 1 1 1 1 1 1 1 1 1 1 1 1 1 1 1 1 1 1 1 1 1 1 1 1 1 1
1 1 1 1 1 1 1 1 1 1 1 1 1 1 1 1 1 1 1 1 1 1 1 1 1 1 1 1 1 1 1 1 1 1 1 1 1 1 1 1 1 1 1 1 1 1 1 1 1 1 1 1 1 1 1 1 1 1 1 1 1 1 1 1 1 1 1 1 1 1 1 1 1 1 1 1 1 1 1 1 1 1 1 1 1 1 1 1 1 1 1 1 1 1 1 1 1 1 1 1
1 1 1 1 1 1 1 1 1 1 1 1 1 1 1 1 1 1 1 1 1 1 1 1 1 1 1 1 1 1 1 1 1 1 1 1 1 1 1 1 1 1 1 1 1 1 1 1 1 1 1 1 1 1 1 1 1 1 1 1 1 1 1 1 1 1 1 1 1 1 1 1 1 1 1 1 1 1 1 1 1 1 1 1 1 1 1 1 1 1 1 1 1 1 1 1 1 1 1 1
1 1 1 1 1 1 1 1 1 1 1 1 1 1 1 1 1 1 1 1 1 1 1 1 1 1 1 1 1 1 1 1 1 1 1 1 1 1 1 1 1 1 1 1 1 1 1 1 1 1 1 1 1 1 1 1 1 1 1 1 1 1 1 1 1 1 1 1 1 1 1 1 1 1 1 1 1 1 1 1 1 1 1 1 1 1 1 1 1 1 1 1 1 1 1 1 1 1 1 1
1 1 1 1 1 1 1 1 1 1 1 1 1 1 1 1 1 1 1 1 1 1 1 1 1 1 1 1 1 1 1 1 1 1 1 1 1 1 1 1 1 1 1 1 1 1 1 1 1 1 1 1 1 1 1 1 1 1 1 1 1 1 1 1 1 1 1 1 1 1 1 1 1 1 1 1 1 1 1 1 1 1 1 1 1 1 1 1 1 1 1 1 1 1 1 1 1 1 1 1
