0 0 0 0 0 0 0 0 0 0 0 0 0 0 0 0 0 0 0 0 0 0 0 0 0 0 0 0 0 0 0 0 0 0 0 0 0 0 0 0 0 0 0 0 0 0 0 0 0 0 0 0 0 0 0 0 0 0 0 0 0 0 0 0 0 0 0 0 0 0 0 0 0 0 0 0 0 0 0 0 0 0 0 0 0 0 0 0 0 0 0 0 0 0 0 0 0 0 0 0
0 0 0 0 0 0 0 0 0 0 0 0 0 0 0 0 0 0 0 0 0 0 0 0 0 0 0 0 0 0 0 0 0 0 0 0 0 0 0 0 0 0 0 0 0 0 0 0 0 0 0 0 0 0 0 0 0 0 0 0 0 0 0 0 0 0 0 0 0 0 0 0 0 0 0 0 0 0 0 0 0 0 0 0 0 0 0 0 0 0 0 0 0 0 0 0 0 0 0 0
0 0 0 0 0 0 0 0 0 0 0 0 0 0 0 0 0 0 0 0 0 0 0 0 0 0 0 0 0 0 0 0 0 0 0 0 0 0 0 0 0 0 0 0 0 0 0 0 0 0 0 0 0 0 0 0 0 0 0 0 0 0 0 0 0 0 0 0 0 0 0 0 0 0 0 0 0 0 0 0 0 0 0 0 0 0 0 0 0 0 0 0 0 0 0 0 0 0 0 0
0 0 0 0 0 0 0 0 0 0 0 0 0 0 0 0 0 0 0 0 0 0 0 0 0 0 0 0 0 0 0 0 0 0 0 0 0 0 0 0 0 0 0 0 0 0 0 0 0 0 0 0 0 0 0 0 0 0 0 0 0 0 0 0 0 0 0 0 0 0 0 0 0 0 0 0 0 0 0 0 0 0 0 0 0 0 0 0 0 0 0 0 0 0 0 0 0 0 0 0
0 0 0 0 0 0 0 0 0 0 0 0 0 0 0 0 0 0 0 0 0 0 0 0 0 0 0 0 0 0 0 0 0 0 0 0 0 0 0 0 0 0 0 0 0 0 0 0 0 0 0 0 0 0 0 0 0 0 0 0 0 0 0 0 0 0 0 0 0 0 0 0 0 0 0 0 0 0 0 0 0 0 0 0 0 0 0 0 0 0 0 0 0 0 0 0 0 0 0 0
0 0 0 0 0 0 0 0 0 0 0 0 0 0 0 0 0 0 0 0 0 0 0 0 0 0 0 0 0 0 0 0 0 0 0 0 0 0 0 0 0 0 0 0 0 0 0 0 0 0 0 0 0 0 0 0 0 0 0 0 0 0 0 0 0 0 0 0 0 0 0 0 0 0 0 0 0 0 0 0 0 0 0 0 0 0 0 0 0 0 0 0 0 0 0 0 0 0 0 0
0 0 0 0 0 0 0 0 0 0 0 0 0 0 0 0 0 0 0 0 0 0 0 0 0 0 0 0 0 0 0 0 0 0 0 0 0 0 0 0 0 0 0 0 0 0 0 0 0 0 0 0 0 0 0 0 0 0 0 0 0 0 0 0 0 0 0 0 0 0 0 0 0 0 0 0 0 0 0 0 0 0 0 0 0 0 0 0 0 0 0 0 0 0 0 0 0 0 0 0
0 0 0 0 0 0 0 0 0 0 0 0 0 0 0 0 0 0 0 0 0 0 0 0 0 0 0 0 0 0 0 0 0 0 0 0 0 0 0 0 0 0 0 0 0 0 0 0 0 0 0 0 0 0 0 0 0 0 0 0 0 0 0 0 0 0 0 0 0 0 0 0 0 0 0 0 0 0 0 0 0 0 0 0 0 0 0 0 0 0 0 0 0 0 0 0 0 0 0 0
0 0 0 0 0 0 0 0 0 0 0 0 0 0 0 0 0 0 0 0 0 0 0 0 0 0 0 0 0 0 0 0 0 0 0 0 0 0 0 0 0 0 0 0 0 0 0 0 0 0 0 0 0 0 0 0 0 0 0 0 0 0 0 0 0 0 0 0 0 0 0 0 0 0 0 0 0 0 0 0 0 0 0 0 0 0 0 0 0 0 0 0 0 0 0 0 0 0 0 0
0 0 0 0 0 0 0 0 0 0 0 0 0 0 0 0 0 0 0 0 0 0 0 0 0 0 0 0 0 0 0 0 0 0 0 0 0 0 0 0 0 0 0 0 0 0 0 0 0 0 0 0 0 0 0 0 0 0 0 0 0 0 0 0 0 0 0 0 0 0 0 0 0 0 0 0 0 0 0 0 0 0 0 0 0 0 0 0 0 0 0 0 0 0 0 0 0 0 0 0
0 0 0 0 0 0 0 0 0 0 0 0 0 0 0 0 0 0 0 0 0 0 0 0 0 0 0 0 0 0 0 0 0 0 0 0 0 0 0 0 0 0 0 0 0 0 0 0 0 0 0 0 0 0 0 0 0 0 0 0 0 0 0 0 0 0 0 0 0 0 0 0 0 0 0 0 0 0 0 0 0 0 0 0 0 0 0 0 0 0 0 0 0 0 0 0 0 0 0 0
0 0 0 0 0 0 0 0 0 0 0 0 0 0 0 0 0 0 0 0 0 0 0 0 0 0 0 0 0 0 0 0 0 0 0 0 0 0 0 0 0 0 0 0 0 0 0 0 0 0 0 0 0 0 0 0 0 0 0 0 0 0 0 0 0 0 0 0 0 0 0 0 0 0 0 0 0 0 0 0 0 0 0 0 0 0 0 0 0 0 0 0 0 0 0 0 0 0 0 0
0 0 0 0 0 0 0 0 0 0 0 0 0 0 0 0 0 0 0 0 0 0 0 0 0 0 0 0 0 0 0 0 0 0 0 0 0 0 0 0 0 0 0 0 0 0 0 0 0 0 0 0 0 0 0 0 0 0 0 0 0 0 0 0 0 0 0 0 0 0 0 0 0 0 0 0 0 0 0 0 0 0 0 0 0 0 0 0 0 0 0 0 0 0 0 0 0 0 0 0
0 0 0 0 0 0 0 0 0 0 0 0 0 0 0 0 0 0 0 0 0 0 0 0 0 0 0 0 0 0 0 0 0 0 0 0 0 0 0 0 0 0 0 0 0 0 0 0 0 0 0 0 0 0 0 0 0 0 0 0 0 0 0 0 0 0 0 0 0 0 0 0 0 0 0 0 0 0 0 0 0 0 0 0 0 0 0 0 0 0 0 0 0 0 0 0 0 0 0 0
0 0 0 0 0 0 0 0 0 0 0 0 0 0 0 0 0 0 0 0 0 0 0 0 0 0 0 0 0 0 0 0 0 0 0 0 0 0 0 0 0 0 0 0 0 0 0 0 0 0 0 0 0 0 0 0 0 0 0 0 0 0 0 0 0 0 0 0 0 0 0 0 0 0 0 0 0 0 0 0 0 0 0 0 0 0 0 0 0 0 0 0 0 0 0 0 0 0 0 0
0 0 0 0 0 0 0 0 0 0 0 0 0 0 0 0 0 0 0 0 0 0 0 0 0 0 0 0 0 0 0 0 0 0 0 0 0 0 0 0 0 0 0 0 0 0 0 0 0 0 0 0 0 0 0 0 0 0 0 0 0 0 0 0 0 0 0 0 0 0 0 0 0 0 0 0 0 0 0 0 0 0 0 0 0 0 0 0 0 0 0 0 0 0 0 0 0 0 0 0
0 0 0 0 0 0 0 0 0 0 0 0 0 0 0 0 0 0 0 0 0 0 0 0 0 0 0 0 0 0 0 0 0 0 0 0 0 0 0 0 0 0 0 0 0 0 0 0 0 0 0 0 0 0 0 0 0 0 0 0 0 0 0 0 0 0 0 0 0 0 0 0 0 0 0 0 0 0 0 0 0 0 0 0 0 0 0 0 0 0 0 0 0 0 0 0 0 0 0 0
0 0 0 0 0 0 0 0 0 0 0 0 0 0 0 0 0 0 0 0 0 0 0 0 0 0 0 0 0 0 0 0 0 0 0 0 0 0 0 0 0 0 0 0 0 0 0 0 0 0 0 0 0 0 0 0 0 0 0 0 0 0 0 0 0 0 0 0 0 0 0 0 0 0 0 0 0 0 0 0 0 0 0 0 0 0 0 0 0 0 0 0 0 0 0 0 0 0 0 0
0 0 0 0 0 0 0 0 0 0 0 0 0 0 0 0 0 0 0 0 0 0 0 0 0 0 0 0 0 0 0 0 0 0 0 0 0 0 0 0 0 0 0 0 0 0 0 0 0 0 0 0 0 0 0 0 0 0 0 0 0 0 0 0 0 0 0 0 0 0 0 0 0 0 0 0 0 0 0 0 0 0 0 0 0 0 0 0 0 0 0 0 0 0 0 0 0 0 0 0
0 0 0 0 0 0 0 0 0 0 0 0 0 0 0 0 0 0 0 0 0 0 0 0 0 0 0 0 0 0 0 0 0 0 0 0 0 0 0 0 0 0 0 0 0 0 0 0 0 0 0 0 0 0 0 0 0 0 0 0 0 0 0 0 0 0 0 0 0 0 0 0 0 0 0 0 0 0 0 0 0 0 0 0 0 0 0 0 0 0 0 0 0 0 0 0 0 0 0 0
0 0 0 0 0 0 0 0 0 0 0 0 0 0 0 0 0 0 0 0 0 0 0 0 0 0 0 0 0 0 0 0 0 0 0 0 0 0 0 0 0 0 0 0 0 0 0 0 0 0 0 0 0 0 0 0 0 0 0 0 0 0 0 0 0 0 0 0 0 0 0 0 0 0 0 0 0 0 0 0 0 0 0 0 0 0 0 0 0 0 0 0 0 0 0 0 0 0 0 0
0 0 0 0 0 0 0 0 0 0 0 0 0 0 0 0 0 0 0 0 0 0 0 0 0 0 0 0 0 0 0 0 0 0 0 0 0 0 0 0 0 0 0 0 0 0 0 0 0 0 0 0 0 0 0 0 0 0 0 0 0 0 0 0 0 0 0 0 0 0 0 0 0 0 0 0 0 0 0 0 0 0 0 0 0 0 0 0 0 0 0 0 0 0 0 0 0 0 0 0
0 0 0 0 0 0 0 0 0 0 0 0 0 0 0 0 0 0 0 0 0 0 0 0 0 0 0 0 0 0 0 0 0 0 0 0 0 0 0 0 0 0 0 0 0 0 0 0 0 0 0 0 0 0 0 0 0 0 0 0 0 0 0 0 0 0 0 0 0 0 0 0 0 0 0 0 0 0 0 0 0 0 0 0 0 0 0 0 0 0 0 0 0 0 0 0 0 0 0 0
0 0 0 0 0 0 0 0 0 0 0 0 0 0 0 0 0 0 0 0 0 0 0 0 0 0 0 0 0 0 0 0 0 0 0 0 0 0 0 0 0 0 0 0 0 0 0 0 0 0 0 0 0 0 0 0 0 0 0 0 0 0 0 0 0 0 0 0 0 0 0 0 0 0 0 0 0 0 0 0 0 0 0 0 0 0 0 0 0 0 0 0 0 0 0 0 0 0 0 0
0 0 0 0 0 0 0 0 0 0 0 0 0 0 0 0 0 0 0 0 0 0 0 0 0 0 0 0 0 0 0 0 0 0 0 0 0 0 0 0 0 0 0 0 0 0 0 0 0 0 0 0 0 0 0 0 0 0 0 0 0 0 0 0 0 0 0 0 0 0 0 0 0 0 0 0 0 0 0 0 0 0 0 0 0 0 0 0 0 0 0 0 0 0 0 0 0 0 0 0
0 0 0 0 0 0 0 0 0 0 0 0 0 0 0 0 0 0 0 0 0 0 0 0 0 0 0 0 0 0 0 0 0 0 0 0 0 0 0 0 0 0 0 0 0 0 0 0 0 0 0 0 0 0 0 0 0 0 0 0 0 0 0 0 0 0 0 0 0 0 0 0 0 0 0 0 0 0 0 0 0 0 0 0 0 0 0 0 0 0 0 0 0 0 0 0 0 0 0 0
0 0 0 0 0 0 0 0 0 0 0 0 0 0 0 0 0 0 0 0 0 0 0 0 0 0 0 0 0 0 0 0 0 0 0 0 0 0 0 0 0 0 0 0 0 0 0 0 0 0 0 0 0 0 0 0 0 0 0 0 0 0 0 0 0 0 0 0 0 0 0 0 0 0 0 0 0 0 0 0 0 0 0 0 0 0 0 0 0 0 0 0 0 0 0 0 0 0 0 0
0 0 0 0 0 0 0 0 0 0 0 0 0 0 0 0 0 0 0 0 0 0 0 0 0 0 0 0 0 0 0 0 0 0 0 0 0 0 0 0 0 0 0 0 0 0 0 0 0 0 0 0 0 0 0 0 0 0 0 0 0 0 0 0 0 0 0 0 0 0 0 0 0 0 0 0 0 0 0 0 0 0 0 0 0 0 0 0 0 0 0 0 0 0 0 0 0 0 0 0
0 0 0 0 0 0 0 0 0 0 0 0 0 0 0 0 0 0 0 0 0 0 0 0 0 0 0 0 0 0 0 0 0 0 0 0 0 0 0 0 0 0 0 0 0 0 0 0 0 0 0 0 0 0 0 0 0 0 0 0 0 0 0 0 0 0 0 0 0 0 0 0 0 0 0 0 0 0 0 0 0 0 0 0 0 0 0 0 0 0 0 0 0 0 0 0 0 0 0 0
0 0 0 0 0 0 0 0 0 0 0 0 0 0 0 0 0 0 0 0 0 0 0 0 0 0 0 0 0 0 0 0 0 0 0 0 0 0 0 0 0 0 0 0 0 0 0 0 0 0 0 0 0 0 0 0 0 0 0 0 0 0 0 0 0 0 0 0 0 0 0 0 0 0 0 0 0 0 0 0 0 0 0 0 0 0 0 0 0 0 0 0 0 0 0 0 0 0 0 0
0 0 0 0 0 0 0 0 0 0 0 0 0 0 0 0 0 0 0 0 0 0 0 0 0 0 0 0 0 0 0 0 0 0 0 0 0 0 0 0 0 0 0 0 0 0 0 0 0 0 0 0 0 0 0 0 0 0 0 0 0 0 0 0 0 0 0 0 0 0 0 0 0 0 0 0 0 0 0 0 0 0 0 0 0 0 0 0 0 0 0 0 0 0 0 0 0 0 0 0
0 0 0 0 0 0 0 0 0 0 0 0 0 0 0 0 0 0 0 0 0 0 0 0 0 0 0 0 0 0 0 0 0 0 0 0 0 0 0 0 0 0 0 0 0 0 0 0 0 0 0 0 0 0 0 0 0 0 0 0 0 0 0 0 0 0 0 0 0 0 0 0 0 0 0 0 0 0 0 0 0 0 0 0 0 0 0 0 0 0 0 0 0 0 0 0 0 0 0 0
0 0 0 0 0 0 0 0 0 0 0 0 0 0 0 0 0 0 0 0 0 0 0 0 0 0 0 0 0 0 0 0 0 0 0 0 0 0 0 0 0 0 0 0 0 0 0 0 0 0 0 0 0 0 0 0 0 0 0 0 0 0 0 0 0 0 0 0 0 0 0 0 0 0 0 0 0 0 0 0 0 0 0 0 0 0 0 0 0 0 0 0 0 0 0 0 0 0 0 0
0 0 0 0 0 0 0 0 0 0 0 0 0 0 0 0 0 0 0 0 0 0 0 0 0 0 0 0 0 0 0 0 0 0 0 0 0 0 0 0 0 0 0 0 0 0 0 0 0 0 0 0 0 0 0 0 0 0 0 0 0 0 0 0 0 0 0 0 0 0 0 0 0 0 0 0 0 0 0 0 0 0 0 0 0 0 0 0 0 0 0 0 0 0 0 0 0 0 0 0
0 0 0 0 0 0 0 0 0 0 0 0 0 0 0 0 0 0 0 0 0 0 0 0 0 0 0 0 0 0 0 0 0 0 0 0 0 0 0 0 0 0 0 0 0 0 0 0 0 0 0 0 0 0 0 0 0 0 0 0 0 0 0 0 0 0 0 0 0 0 0 0 0 0 0 0 0 0 0 0 0 0 0 0 0 0 0 0 0 0 0 0 0 0 0 0 0 0 0 0
0 0 0 0 0 0 0 0 0 0 0 0 0 0 0 0 0 0 0 0 0 0 0 0 0 0 0 0 0 0 0 0 0 0 0 0 0 0 0 0 0 0 0 0 0 0 0 0 0 0 0 0 0 0 0 0 0 0 0 0 0 0 0 0 0 0 0 0 0 0 0 0 0 0 0 0 0 0 0 0 0 0 0 0 0 0 0 0 0 0 0 0 0 0 0 0 0 0 0 0
0 0 0 0 0 0 0 0 0 0 0 0 0 0 0 0 0 0 0 0 0 0 0 0 0 0 0 0 0 0 0 0 0 0 0 0 0 0 0 0 0 0 0 0 0 0 0 0 0 0 0 0 0 0 0 0 0 0 0 0 0 0 0 0 0 0 0 0 0 0 0 0 0 0 0 0 0 0 0 0 0 0 0 0 0 0 0 0 0 0 0 0 0 0 0 0 0 0 0 0
0 0 0 0 0 0 0 0 0 0 0 0 0 0 0 0 0 0 0 0 0 0 0 0 0 0 0 0 0 0 0 0 0 0 0 0 0 0 0 0 0 0 0 0 0 0 0 0 0 0 0 0 0 0 0 0 0 0 0 0 0 0 0 0 0 0 0 0 0 0 0 0 0 0 0 0 0 0 0 0 0 0 0 0 0 0 0 0 0 0 0 0 0 0 0 0 0 0 0 0
0 0 0 0 0 0 0 0 0 0 0 0 0 0 0 0 0 0 0 0 0 0 0 0 0 0 0 0 0 0 0 0 0 0 0 0 0 0 0 0 0 0 0 0 0 0 0 0 0 0 0 0 0 0 0 0 0 0 0 0 0 0 0 0 0 0 0 0 0 0 0 0 0 0 0 0 0 0 0 0 0 0 0 0 0 0 0 0 0 0 0 0 0 0 0 0 0 0 0 0
0 0 0 0 0 0 0 0 0 0 0 0 0 0 0 0 0 0 0 0 0 0 0 0 0 0 0 0 0 0 0 0 0 0 0 0 0 0 0 0 0 0 0 0 0 0 0 0 0 0 0 0 0 0 0 0 0 0 0 0 0 0 0 0 0 0 0 0 0 0 0 0 0 0 0 0 0 0 0 0 0 0 0 0 0 0 0 0 0 0 0 0 0 0 0 0 0 0 0 0
0 0 0 0 0 0 0 0 0 0 0 0 0 0 0 0 0 0 0 0 0 0 0 0 0 0 0 0 0 0 0 0 0 0 0 0 0 0 0 0 0 0 0 0 0 0 0 0 0 0 0 0 0 0 0 0 0 0 0 0 0 0 0 0 0 0 0 0 0 0 0 0 0 0 0 0 0 0 0 0 0 0 0 0 0 0 0 0 0 0 0 0 0 0 0 0 0 0 0 0
0 0 0 0 0 0 0 0 0 0 0 0 0 0 0 0 0 0 0 0 0 0 0 0 0 0 0 0 0 0 0 0 0 0 0 0 0 0 0 0 0 0 0 0 0 0 0 0 0 0 0 0 0 0 0 0 0 0 0 0 0 0 0 0 0 0 0 0 0 0 0 0 0 0 0 0 0 0 0 0 0 0 0 0 0 0 0 0 0 0 0 0 0 0 0 0 0 0 0 0
0 0 0 0 0 0 0 0 0 0 0 0 0 0 0 0 0 0 0 0 0 0 0 0 0 0 0 0 0 0 0 0 0 0 0 0 0 0 0 0 0 0 0 0 0 0 0 0 0 0 0 0 0 0 0 0 0 0 0 0 0 0 0 0 0 0 0 0 0 0 0 0 0 0 0 0 0 0 0 0 0 0 0 0 0 0 0 0 0 0 0 0 0 0 0 0 0 0 0 0
0 0 0 0 0 0 0 0 0 0 0 0 0 0 0 0 0 0 0 0 0 0 0 0 0 0 0 0 0 0 0 0 0 0 0 0 0 0 0 0 0 0 0 0 0 0 0 0 0 0 0 0 0 0 0 0 0 0 0 0 0 0 0 0 0 0 0 0 0 0 0 0 0 0 0 0 0 0 0 0 0 0 0 0 0 0 0 0 0 0 0 0 0 0 0 0 0 0 0 0
0 0 0 0 0 0 0 0 0 0 0 0 0 0 0 0 0 0 0 0 0 0 0 0 0 0 0 0 0 0 0 0 0 0 0 0 0 0 0 0 0 0 0 0 0 0 0 0 0 0 0 0 0 0 0 0 0 0 0 0 0 0 0 0 0 0 0 0 0 0 0 0 0 0 0 0 0 0 0 0 0 0 0 0 0 0 0 0 0 0 0 0 0 0 0 0 0 0 0 0
0 0 0 0 0 0 0 0 0 0 0 0 0 0 0 0 0 0 0 0 0 0 0 0 0 0 0 0 0 0 0 0 0 0 0 0 0 0 0 0 0 0 0 0 0 0 0 0 0 0 0 0 0 0 0 0 0 0 0 0 0 0 0 0 0 0 0 0 0 0 0 0 0 0 0 0 0 0 0 0 0 0 0 0 0 0 0 0 0 0 0 0 0 0 0 0 0 0 0 0
0 0 0 0 0 0 0 0 0 0 0 0 0 0 0 0 0 0 0 0 0 0 0 0 0 0 0 0 0 0 0 0 0 0 0 0 0 0 0 0 0 0 0 0 0 0 0 0 0 0 0 0 0 0 0 0 0 0 0 0 0 0 0 0 0 0 0 0 0 0 0 0 0 0 0 0 0 0 0 0 0 0 0 0 0 0 0 0 0 0 0 0 0 0 0 0 0 0 0 0
0 0 0 0 0 0 0 0 0 0 0 0 0 0 0 0 0 0 0 0 0 0 0 0 0 0 0 0 0 0 0 0 0 0 0 0 0 0 0 0 0 0 0 0 0 0 0 0 0 0 0 0 0 0 0 0 0 0 0 0 0 0 0 0 0 0 0 0 0 0 0 0 0 0 0 0 0 0 0 0 0 0 0 0 0 0 0 0 0 0 0 0 0 0 0 0 0 0 0 0
0 0 0 0 0 0 0 0 0 0 0 0 0 0 0 0 0 0 0 0 0 0 0 0 0 0 0 0 0 0 0 0 0 0 0 0 0 0 0 0 0 0 0 0 0 0 0 0 0 0 0 0 0 0 0 0 0 0 0 0 0 0 0 0 0 0 0 0 0 0 0 0 0 0 0 0 0 0 0 0 0 0 0 0 0 0 0 0 0 0 0 0 0 0 0 0 0 0 0 0
0 0 0 0 0 0 0 0 0 0 0 0 0 0 0 0 0 0 0 0 0 0 0 0 0 0 0 0 0 0 0 0 0 0 0 0 0 0 0 0 0 0 0 0 0 0 0 0 0 0 0 0 0 0 0 0 0 0 0 0 0 0 0 0 0 0 0 0 0 0 0 0 0 0 0 0 0 0 0 0 0 0 0 0 0 0 0 0 0 0 0 0 0 0 0 0 0 0 0 0
0 0 0 0 0 0 0 0 0 0 0 0 0 0 0 0 0 0 0 0 0 0 0 0 0 0 0 0 0 0 0 0 0 0 0 0 0 0 0 0 0 0 0 0 0 0 0 0 0 0 0 0 0 0 0 0 0 0 0 0 0 0 0 0 0 0 0 0 0 0 0 0 0 0 0 0 0 0 0 0 0 0 0 0 0 0 0 0 0 0 0 0 0 0 0 0 0 0 0 0
0 0 0 0 0 0 0 0 0 0 0 0 0 0 0 0 0 0 0 0 0 0 0 0 0 0 0 0 0 0 0 0 0 0 0 0 0 0 0 0 0 0 0 0 0 0 0 0 0 0 0 0 0 0 0 0 0 0 0 0 0 0 0 0 0 0 0 0 0 0 0 0 0 0 0 0 0 0 0 0 0 0 0 0 0 0 0 0 0 0 0 0 0 0 0 0 0 0 0 0
0 0 0 0 0 0 0 0 0 0 0 0 0 0 0 0 0 0 0 0 0 0 0 0 0 0 0 0 0 0 0 0 0 0 0 0 0 0 0 0 0 0 0 0 0 0 0 0 0 0 0 0 0 0 0.128705098267647 0.0539469797888402 0 0 0 0 0 0 0 0 0 0 0 0 0 0 0 0 0 0 0 0 0 0 0 0 0 0 0 0 0 0 0 0 0 0 0 0 0 0 0 0 0 0 0 0
0 0 0 0 0 0 0 0 0 0 0 0 0 0 0 0 0 0 0 0 0 0 0 0 0 0 0 0 0 0 0 0 0 0 0 0 0 0 0 0 0 0 0 0 0 0 0 0 0 0 0 0 0 0 0.166397786167305 0.0856308645942457 0.119658242227679 0 0 0 0 0 0 0 0 0.247424615002968 0 0.0329585741391886 0.391874609424404 0.474323303968708 0.43046834649192 0.457569793901798 0.22949539729168 0 0 0 0 0 0 0 0 0 0 0 0 0 0 0 0 0 0 0 0 0 0 0 0 0 0 0
0 0 0 0 0 0 0 0 0 0 0 0 0 0 0 0 0 0 0 0 0 0 0 0 0 0 0 0 0 0 0 0 0 0 0 0 0 0 0 0 0 0 0 0 0 0 0 0 0 0 0 0 0 0 0.219596649057631 0.264170279152782 0.506438241916575 0 0 0 0.158077483383191 0.130066528873835 0.112796549149161 0 0.112311313013303 0.674569717424009 0.697914469332502 0.42954831513643 0.593579907403385 0.664624027057732 0.617574148494741 0.518438721892707 0.503381443933859 0 0 0 0 0 0 0 0 0 0 0 0 0 0 0 0 0 0 0 0 0 0 0 0 0 0 0
0 0 0 0 0 0 0 0 0 0 0 0 0 0 0 0 0 0 0 0 0 0 0 0 0 0 0 0 0 0 0 0 0 0 0 0 0 0 0 0 0 0 0 0 0 0 0 0 0 0 0 0 0 0.563756426533085 0.420607589143273 0.557975446217889 0.810047605420616 0.744998074092009 0.46287839676339 0.307262688462052 0.21016751383473 0.149009283058318 0.145541190387322 0.16272911408131 0.0947965214744536 0.621836874747135 0.738008189941537 0.670534777304221 0.665048730885349 0.653423997737895 0.679930868374753 0.661424910005768 0.622541889342633 0.29067187192589 0 0 0 0.584745485094207 0.470760248296901 0.28324244516022 0 0 0 0 0 0 0 0 0 0 0 0 0 0 0 0 0 0 0 0
0 0 0 0 0 0 0 0 0 0 0 0 0 0 0 0 0 0 0 0 0 0 0 0 0 0 0 0 0 0 0 0 0 0 0 0 0 0 0 0 0 0 0 0 0 0 0 0 0 0.330727711657941 0 0.400306129735005 0.346783897267828 0.69521736921865 0.690463852352639 0.802495913464117 0.85291620053543 0.814235383071295 0.714563286933892 0.563131140722792 0.510091558639299 0.277200681544547 0.167721530982059 0.145135231220712 0.058426144166966 0.487450910808435 0.763254423116231 0.75366158135296 0.743663629776738 0.724636965976756 0.715884085315483 0.702375961653222 0.646165559640646 0.599450260572211 0 0 0.230786329746561 0.588284055819596 0.627554274369709 0.596264746678375 0.0920503004564707 0 0 0 0 0 0 0 0 0 0 0 0 0 0 0 0 0 0 0
0 0 0 0 0 0 0 0 0 0 0 0 0 0 0 0 0 0 0 0 0 0 0 0 0 0 0 0 0 0 0 0 0 0 0 0 0 0 0 0 0 0 0 0 0 0 0 0 0.381689718129196 0.545301429786025 0.591587965180538 0.545424430329239 0.530271908167675 0.531669608924575 0.628977963329613 0.725499632312769 0.860655619226727 0.797478708598815 0.777047886423357 0.706466865687987 0.711160610536262 0.655776185946399 0.581650023377837 0.278166967162135 0.0361729361494487 0.325210276886548 0.704584966018708 0.820933221862362 0.767457469318051 0.761474276654533 0.755313792459191 0.733450623059943 0.669217142705186 0.599014350034054 0 0.119126640997223 0.410124014777419 0.59796091104869 0.593534409297498 0.585337822911013 0.0919497181548308 0.223571559002353 0 0 0 0 0 0 0 0 0 0 0 0 0 0 0 0 0 0
0 0 0 0 0 0 0 0 0 0 0 0 0 0 0 0 0 0 0 0 0 0 0 0 0 0 0 0 0 0 0 0 0 0 0 0 0 0 0 0 0 0 0 0 0 0 0 0.187460021427717 0.426795964584018 0.527471490128977 0.548078170968672 0.515194528608274 0.539815363273631 0.539676108576924 0.537410379978361 0.6328938895029 0.730088613525602 0.695667415521068 0.778429614496969 0.731181671422381 0.768822444008024 0.77095454509755 0.775544377028628 0.75222164060417 0.621584083619208 0.409648150699558 0.576025017181711 0.794951485840424 0.785381297264922 0.797540974537247 0.786161976759473 0.771306799181613 0.741151093451548 0.622955027778129 0.528764463834498 0.248844982089422 0.608947813119542 0.594763947329737 0.57832748458432 0.581861049231567 0.57001921545544 0.571064150517169 0.0913575584569407 0.15357537416614 0 0 0 0 0 0 0 0 0 0 0 0 0 0 0 0
0 0 0 0 0 0 0 0 0 0 0 0 0 0 0 0 0 0 0 0 0 0 0 0 0 0 0 0 0 0 0 0 0 0 0 0 0 0 0 0 0 0 0 0 0 0 0.00854741403146789 0.620404229452592 0.620672094346981 0.625874061986 0.571434881666399 0.529787164271445 0.501462460317091 0.566467118791083 0.616843830594678 0.601736714608576 0.658195408113024 0.666695907906681 0.803157227873548 0.767551174493213 0.8007741335991 0.777145110969608 0.799911490845632 0.80995744432722 0.861007496804086 0.847168566308337 0.735790043014861 0.783824010520478 0.812869337618081 0.815393541633998 0.798555839975265 0.804356780813523 0.674651084802362 0.628570332079411 0.581564015064695 0.590367124265196 0.615491127504475 0.60449480758014 0.609485373225534 0.615623350308019 0.619705378904044 0.621133577526798 0.345403161991168 0.423837914045025 0.486590747915754 0 0 0 0 0 0 0 0 0 0 0 0 0 0 0
0 0 0 0 0 0 0 0 0 0 0 0 0 0 0 0 0 0 0 0 0 0 0 0 0 0 0 0 0 0 0 0 0 0 0 0 0 0 0 0 0 0 0 0 0 0.154234198259903 0.630420137818747 0.655819569610825 0.66728330675493 0.670047232565187 0.645772389625538 0.651989972143568 0.631785942068958 0.613819390988382 0.663718594691627 0.680562256665956 0.72986812774087 0.766977018290983 0.798770910501499 0.840298423447049 0.821357501342641 0.82764509570532 0.772476608738474 0.820605508960517 0.892354405514114 0.924145969483506 0.885561088626261 0.828915563639075 0.815228995423299 0.817735364793317 0.813485866558242 0.734911479108487 0.639760648532466 0.656127030509515 0.664923657274119 0.612932348763073 0.620730933052053 0.659106933206993 0.652664681703207 0.697056691924466 0.669269194979656 0.636673044081925 0.568074263147699 0.512889761031931 0.484494893519139 0 0 0 0 0 0 0 0 0 0 0 0 0 0 0
0 0 0 0 0 0 0 0 0 0 0 0 0 0 0 0 0 0 0 0 0 0 0 0 0 0 0 0 0 0 0 0 0 0 0 0 0 0 0 0 0 0 0 0.0381124967863109 0.0515173072955284 0.659632985027003 0.740902440374585 0.775334494099945 0.79402115680443 0.789525291908709 0.714958687305462 0.64883975777609 0.605377990534868 0.571618901333401 0.553300963052238 0.558131787535641 0.63018590965811 0.73695889853992 0.776006482626874 0.839824428975717 0.844845972830625 0.840101656108284 0.813598298792853 0.904970001360685 0.859081677923769 0.826221070964495 0.95116350854154 0.844828346154228 0.830632871534327 0.807032535704169 0.831501535266223 0.686065547829106 0.676111304367463 0.677527032385655 0.706868000297284 0.70636937891314 0.706967618728956 0.720809047327527 0.713056782298636 0.752121396526417 0.732385373253708 0.71208717969294 0.616271605676174 0.519071662546012 0.492722132718728 0 0 0 0 0 0 0 0 0 0 0 0 0 0 0
0 0 0 0 0 0 0 0 0 0 0 0 0 0 0 0 0 0 0 0 0 0 0 0 0 0 0 0 0 0 0 0 0 0 0 0 0 0 0 0 0 0 0 0.0754377672568514 0.653755875347658 0.719516223197552 0.792019780096021 0.819036913728403 0.817473252699592 0.830613044132658 0.842829968483544 0.798164112560636 0.70262241154593 0.57794730496431 0.555543807123194 0.521005159184252 0.538262544890302 0.574229510049018 0.735804876045164 0.827802416292627 0.868628496242746 0.813934462512532 0.843916348799335 0.878089324795864 0.742923525928911 0.691313610904869 0.943203821700741 0.863636844819383 0.844188534789503 0.821925974281502 0.839379956374568 0.740154326373963 0.683272856608424 0.693835492325779 0.706598917328648 0.707145441077419 0.693652298957641 0.723446326967689 0.737524898662139 0.772124979971191 0.783698551963899 0.725754618343636 0.562771432441186 0.493346572309742 0.518409671217844 0 0 0 0 0 0 0 0 0 0 0 0 0 0 0
0 0 0 0 0 0 0 0 0 0 0 0 0 0 0 0 0 0 0 0 0 0 0 0 0 0 0 0 0 0 0 0 0 0 0 0 0 0 0 0 0 0 0.0067056901118657 0.648009356538875 0.690776634691968 0.67456693187488 0.642615457416796 0.648398495269268 0.747943835707444 0.784559651279153 0.834604330153257 0.878614651339786 0.882360273641453 0.760486640873464 0.743038427306528 0.596444587955901 0.522182188648049 0.518451007573127 0.660537834576505 0.868548053908043 0.856357307796081 0.772586693367137 0.859366628314616 0.771813662753248 0.644980264804869 0.607034718149775 0.802184196047261 0.959416668120825 0.852272183304551 0.860518904865411 0.853325505486922 0.771680231756227 0.746441783947913 0.719566504452103 0.732025188686456 0.728427128416224 0.727397934252434 0.770808351003843 0.783025573761466 0.793060308516276 0.713963807034842 0.617608445221313 0.539258478836623 0.533531977752562 0.524594510276477 0 0 0 0 0 0 0 0 0 0 0 0 0 0 0
0 0 0 0 0 0 0 0 0 0 0 0 0 0 0 0 0 0 0 0 0 0 0 0 0 0 0 0 0 0 0 0 0 0 0 0 0 0 0 0 0 0.306630861885658 0.587239796847489 0.633703340354847 0.588488450853769 0.591271944883053 0.562662067275154 0.607755142996533 0.628247203454278 0.727991707778969 0.783342617100553 0.846559590484866 0.878027899182841 0.905157129164624 0.843400452974031 0.809565584456112 0.655522383787588 0.544127096106635 0.551252495066548 0.849359312535939 0.820151735255919 0.794112348706614 0.80000740449885 0.631128389530738 0.566510964652379 0.542635488359115 0.615112943016152 0.945626095282769 0.879863688254892 0.858577574366193 0.854689343850246 0.840762333306724 0.783784777609827 0.762338079784081 0.774196697514182 0.754762278058658 0.751018953350527 0.789263411450254 0.785356550519273 0.762600630286244 0.586200354369755 0.569199679942298 0.584132482975534 0.548398743858526 0.504565204320154 0 0 0 0 0 0 0 0 0 0 0 0 0 0 0
0 0 0 0 0 0 0 0 0 0 0 0 0 0 0 0 0 0 0 0 0 0 0 0 0 0 0 0 0 0 0 0 0 0 0 0 0 0 0 0.562315876843329 0.602096446260645 0.623626264845512 0.650839128546867 0.581841808368211 0.568644388816047 0.57206663624134 0.545809551091899 0.620871253514683 0.366291513969998 0.672893976578547 0.728448032931077 0.820803747980196 0.844487353638413 0.845947204411412 0.906640316878287 0.87744101813102 0.861582872077742 0.727878427065074 0.610923827508846 0.764423692020511 0.740254335987442 0.833337264758242 0.696917716340699 0.551363218980415 0.550081561386594 0.53177545388772 0.545351186934386 0.686664634575857 0.957593636746223 0.8475283344726 0.84874406680175 0.842241788174716 0.80463112055869 0.786272666581539 0.787541821831273 0.771107197986883 0.778659321243562 0.804858349277153 0.761374116165894 0.619454562119528 0.575132738652826 0.554160933984415 0.533962715781594 0.547816598344781 0.498361653774257 0 0 0 0 0 0 0 0 0 0 0 0 0 0 0
0 0 0 0 0 0 0 0 0 0 0 0 0 0 0 0 0 0 0 0 0 0 0 0 0 0 0 0 0 0 0 0 0 0 0 0 0.402764943990139 0.537330538660098 0.506569542457213 0.616718233624485 0.658611562310806 0.699680315114731 0.640585739299268 0.537902950988583 0.593961517251908 0.54553270848099 0.571358793976413 0.610058207974136 0.0567905685858005 0.656155988666513 0.671377215387684 0.776980207661425 0.827889879226788 0.830359908389787 0.808828775514321 0.876986721745805 0.8788195339878 0.863027184754383 0.822441375864436 0.718033620774441 0.673658103916143 0.799602047496276 0.607171033215693 0.543439043510944 0.531596939458844 0.522504481523639 0.517010647586682 0.568531925808916 0.897371626256518 0.872709408776501 0.876840382710423 0.843070525536451 0.80785312199838 0.803044701545482 0.787044080281594 0.802967945120331 0.811739312504047 0.748011262094568 0.617978974077285 0.582267904210884 0.580755203953454 0.55504111572581 0.548378258886201 0.557853165385961 0.528276943796312 0 0 0 0 0 0 0 0 0 0 0 0 0 0 0
0 0 0 0 0 0 0 0 0 0 0 0 0 0 0 0 0 0 0 0 0 0 0 0 0 0 0 0 0 0 0 0 0 0 0 0 0.518539544173662 0.62776456572679 0.69006457273905 0.684182748954218 0.726890509635813 0.694683016350632 0.565747252750657 0.520943021518393 0.575713689341223 0.557927427648151 0.55418323662926 0.59722888219134 0 0.0871929441390487 0.620784096404879 0.67364837959406 0.773264769868816 0.807407269929868 0.692075691676985 0.827553620888314 0.860358191674243 0.892310682096799 0.874826965491208 0.873830539804976 0.784636288146553 0.62709220138052 0.566038664991167 0.53148935687193 0.528369176350664 0.517919087280648 0.509019342088293 0.540100499054546 0.74494238582495 0.957786963606795 0.917302726461205 0.858005613893774 0.829353672548369 0.835050755858927 0.834788234144926 0.81585343360325 0.81748576849439 0.717656250316226 0.638082598571567 0.64396912888332 0.603808823618317 0.576106269733358 0.528663299637591 0.572427305163237 0.406206370043673 0 0 0 0 0 0 0 0 0 0 0 0 0 0 0
0 0 0 0 0 0 0 0 0 0 0 0 0 0 0 0 0 0 0 0 0 0 0 0 0 0 0 0 0 0 0 0 0 0 0 0 0.502982294148089 0.584900387512515 0.708461092417674 0.739300026309864 0.742271770737956 0.663506338825489 0.562966422455951 0.535305497866404 0.583734578030556 0.569580066930277 0.549879974686374 0.582624373947774 0 0.0872260558401463 0.639545397113659 0.635347471517396 0.698741754847783 0.773638218571924 0.615904268873758 0.734191218625384 0.84257295953925 0.841401985344998 0.860607900320561 0.854451468054926 0.817277684269641 0.571286019237493 0.550251791838562 0.525805006149285 0.512002261162612 0.520976265038675 0.5185829731008 0.535532057150402 0.65610762938603 0.973863239316564 0.919134931645112 0.882758336291295 0.843422487764105 0.834453434607643 0.837403993249459 0.816062527540098 0.820301800960531 0.800094843588844 0.746404056204325 0.687677567810294 0.648778192815597 0.597776119519126 0.543279437575925 0.474973998913596 0.922454992586704 0 0 0 0 0 0 0 0 0 0 0 0 0 0 0
0 0 0 0 0 0 0 0 0 0 0 0 0 0 0 0 0 0 0 0 0 0 0 0 0 0 0 0 0 0 0 0 0 0 0 0 0.50219729264476 0.546696027313029 0.665074446028965 0.730602391643368 0.715208741668312 0.61617507576443 0.552067813627411 0.493829706314951 0.577883057967391 0.573461158925581 0.559314570013628 0.561255422467707 0 0.087853360283921 0.610463747795867 0.638549187016522 0.663817161856386 0.713394238298415 0.571341779941669 0.649871052241835 0.846406744483422 0.820486006294028 0.773822068601877 0.637212038196559 0.705232328960398 0.54113871080295 0.536168000290176 0.523682525164225 0.519820945062088 0.538350394592133 0.531088204085641 0.540617661960673 0.647839850138637 0.960403526539142 0.879559143370136 0.853700524319132 0.832938615329683 0.829212762308124 0.830889844136574 0.825602193106567 0.826225570001622 0.816455983157227 0.804271201302071 0.769704164137774 0.68447701764069 0.635517461805052 0.579861067646564 0.496419562750429 0.922454992586704 0 0 0 0 0 0 0 0 0 0 0 0 0 0 0
0 0 0 0 0 0 0 0 0 0 0 0 0 0 0 0 0 0 0 0 0 0 0 0 0 0 0 0 0 0 0 0 0 0 0 0 0.531806214594636 0.525530386421258 0.638664689130768 0.695160454383517 0.678240901835599 0.421655179586455 0.521694921989278 0.57315258975511 0.548295665117285 0.552922680072971 0.604926824145157 0.560280979872638 0 0.0872560759121185 0.585725850676179 0.625109609793879 0.667719686039554 0.73903086144552 0.558708146160932 0.581360427063247 0.826182860589858 0.745155833065002 0.577262448457632 0.580316263823541 0.592003831392604 0.552219372395563 0.548840912698453 0.526533607816431 0.542119755628439 0.561202997520094 0.548188114812634 0.520418277924018 0.68008157529422 0.893080844839241 0.79343120428104 0.811969470679501 0.811825463275796 0.817005077352908 0.808340250630525 0.777552291060099 0.725864777876808 0.799998945955057 0.81247489023775 0.807801673375582 0.759275394074046 0.708768671186495 0.677205580985208 0.732477293801138 0.922454992586704 0 0 0 0 0 0 0 0 0 0 0 0 0 0 0
0 0 0 0 0 0 0 0 0 0 0 0 0 0 0 0 0 0 0 0 0 0 0 0 0 0 0 0 0 0 0 0 0 0 0 0 0.288659984069202 0.52097021391729 0.605125321347484 0.654644833918057 0.642534267010138 0.272085142551317 0.503995180229896 0.555453758004736 0.531561849159252 0.560598776287417 0.600972883868616 0.583271946636655 0 0.0857680440811878 0.594004138108242 0.583058703005705 0.658594220873905 0.754081486855589 0.547132420449203 0.601613438214156 0.763195952237984 0.562219410350884 0.573113540279629 0.592402023424875 0.568815409261951 0.5548180663453 0.549124864188856 0.53702822565458 0.556034345324872 0.548217300171338 0.54807043067597 0.604893434544841 0.769571357742824 0.688047588400352 0.722540926279298 0.746486324667003 0.78437498601752 0.73939735802362 0.64569518971814 0.629919951606294 0.601909866529509 0.644971732158869 0.76845219402339 0.766901425088321 0.776672133538157 0.766302445844322 0.75167198906503 0.927090444810753 0.922454992586704 0 0 0 0 0 0 0 0 0 0 0 0 0 0 0
0 0 0 0 0 0 0 0 0 0 0 0 0 0 0 0 0 0 0 0 0 0 0 0 0 0 0 0 0 0 0 0 0 0 0 0 0.0256943807815485 0.437879025370658 0.519162130440824 0.621716611066636 0.584360280926526 0.258971451776241 0.510092341920562 0.534326913613198 0.47506465769913 0.557036135127398 0.548397500892786 0.601436538464126 0 0.0904883031209724 0.590998516404684 0.56883418548571 0.651383332157472 0.763725929330409 0.578009017241566 0.587085126217436 0.616250045397543 0.570496037867129 0.548016157824958 0.608718567321037 0.594511841892792 0.548457201926188 0.554728968961854 0.550942819158068 0.554219435911923 0.556566245401612 0.569563178854395 0.76932081613708 0.649631584142533 0.620966185728677 0.641781131310011 0.723537931342382 0.75457231952462 0.639047333352992 0.611190914036197 0.592393154850356 0.562842227185759 0.563432575114976 0.596804692502298 0.598616638758539 0.602197471781638 0.601940816131753 0.927090444810753 0.645370835893877 0.530411620737344 0 0 0 0 0 0 0 0 0 0 0 0 0 0 0
0 0 0 0 0 0 0 0 0 0 0 0 0 0 0 0 0 0 0 0 0 0 0 0 0 0 0 0 0 0 0 0 0 0 0 0 0 0 0.389742716635848 0.555010250875689 0.551758438740261 0.276012325238192 0.546868118951134 0.502290700845107 0.532334940227825 0.563757211830345 0.517995490761815 0.603501256460259 0 0.091887625883533 0.606194459555792 0.606567174770622 0.744009140608781 0.755229650070405 0.610962151237339 0.579561952849334 0.591774832535241 0.536162959027238 0.685748311712999 0.65448460724971 0.606755442617141 0.549394186299609 0.547793927545934 0.547951499613544 0.538040290249086 0.574428053119312 0.737524869851157 0.749607948495952 0.580366217557344 0.603764264982098 0.647868482239482 0.705148166493304 0.724091437940152 0.515394451086954 0.633168103680026 0.592185473796134 0.553241136134789 0.518634025349666 0.256591471023214 0 0 0 0 0 0 0 0 0 0 0 0 0 0 0 0 0 0 0 0 0
0 0 0 0 0 0 0 0 0 0 0 0 0 0 0 0 0 0 0 0 0 0 0 0 0 0 0 0 0 0 0 0 0 0 0 0 0 0 0 0.505741626793252 0.53426219605235 0.266227895046205 0.612508638232871 0.507455111952888 0.560340205666447 0.563741413831975 0.512144894294285 0.592268530577443 0 0.0893949032099854 0.603102459644116 0.655690742985587 0.753138733262534 0.75719136628786 0.67155296278672 0.585755271005304 0.514941814652765 0.558091328465701 0.798583386561152 0.776826494187478 0.606345921346949 0.535545012761744 0.538301374516408 0.542839331178754 0.551680906344458 0.718204336479131 0.822871261614899 0.618587098600461 0.566341572081179 0.586770282219058 0.648329193853297 0.716239192157056 0.612105516640781 0.487340303853789 0.630583522845531 0.638848913323556 0.557211232314311 0.48492620231173 0 0 0 0 0 0 0 0 0 0 0 0 0 0 0 0 0 0 0 0 0 0
0 0 0 0 0 0 0 0 0 0 0 0 0 0 0 0 0 0 0 0 0 0 0 0 0 0 0 0 0 0 0 0 0 0 0 0 0 0 0 0 0.54576201620503 0.277785639277566 0.580733164943994 0.507700660433102 0.532671441973593 0.572202674285441 0.519110292680664 0.581353782420545 0 0.0901235837985825 0.597407879258036 0.674551781125438 0.760223651096041 0.773856103129464 0.749477541565982 0.59101593557339 0.541045908015986 0.747720555988571 0.899730676563313 0.883581659587704 0.550656768129502 0.520586025348821 0.52789537055496 0.528802189325221 0.581475728667157 0.749943888522646 0.694118894893423 0.585810784272094 0.554181803463985 0.591875633361537 0.67062340008079 0.762937158158962 0.334180481456912 0 0.603190157215683 0.659288009394072 0.579387912034633 0.472720783557036 0 0 0 0 0 0 0 0 0 0 0 0 0 0 0 0 0 0 0 0 0 0
0 0 0 0 0 0 0 0 0 0 0 0 0 0 0 0 0 0 0 0 0 0 0 0 0 0 0 0 0 0 0 0 0 0 0 0 0 0 0 0 0.117408967653438 0.261826233475656 0.585610402443021 0.535028262743507 0.528510732535686 0.58104032853152 0.582079994221391 0.560681278346159 0 0.0883682561515722 0.619299026838198 0.702916355915617 0.796115881436084 0.770062304852447 0.739609437631821 0.659277719934879 0.643698012647039 0.828412255609669 0.881985298111793 0.823942639917813 0.581925569954098 0.590489979317014 0.539717836064403 0.56941688844096 0.637626395703414 0.797007643297903 0.670043360183081 0.601438745145464 0.564053303081879 0.584056858337874 0.644153058496655 0.71586131222056 0.274221476067538 0 0.0648730466975085 0.573315995021224 0.443981374507733 0.781328003893464 0 0 0 0 0 0 0 0 0 0 0 0 0 0 0 0 0 0 0 0 0 0
0 0 0 0 0 0 0 0 0 0 0 0 0 0 0 0 0 0 0 0 0 0 0 0 0 0 0 0 0 0 0 0 0 0 0 0 0 0 0 0 0 0 0.592364412387465 0.552225076162669 0.509621055553328 0.55504912074176 0.560142850318197 0.567497262206947 0 0.0830924063810309 0.658105787232334 0.719067849266005 0.790602061918388 0.806099918108105 0.770373052039177 0.73611405659915 0.676842230235855 0.788794245748372 0.856567918027094 0.862735426464132 0.755573072649477 0.641474119547184 0.598764267934809 0.64581045682039 0.714722833709663 0.8454871522885 0.686718364929998 0.586232894781034 0.573404428655309 0.596569033127776 0.657709895980612 0.716619605643182 0 0 0 0 0 0 0 0 0 0 0 0 0 0 0 0 0 0 0 0 0 0 0 0 0 0 0 0
0 0 0 0 0 0 0 0 0 0 0 0 0 0 0 0 0 0 0 0 0 0 0 0 0 0 0 0 0 0 0 0 0 0 0 0 0 0 0 0 0 0 0.421593232714966 0.544338186072449 0.542610654010075 0.509784679954312 0.567594013613617 0.522023058101595 0 0.0806581808522026 0.69455972807956 0.745632502028568 0.788764889540309 0.790913992903177 0.76792032665053 0.735827338338734 0.730634885499054 0.742822704872563 0.778695851495602 0.835359980123821 0.730177121421607 0.629585700860548 0.674572587665367 0.737740873700134 0.832768051029368 0.910026691053033 0.741467145094688 0.58430497668327 0.559105858093789 0.604986713203428 0.674372374192185 0.509709242513943 0 0 0 0 0 0 0 0 0 0 0 0 0 0 0 0 0 0 0 0 0 0 0 0 0 0 0 0
0 0 0 0 0 0 0 0 0 0 0 0 0 0 0 0 0 0 0 0 0 0 0 0 0 0 0 0 0 0 0 0 0 0 0 0 0 0 0 0 0 0 0 0.0310995636782168 0 0 0.519023656118323 0.455188426259873 0 0.0731094641296766 0.708327180486259 0.75884773322507 0.766754075954631 0.605259903519676 0.719795205613714 0.715464436443465 0.679520602574787 0.777552262464697 0.77500502646822 0.652724239084025 0.676190419137961 0.61280576165109 0.639167025567848 0.826909793028291 0.942798291722076 0.92963219387393 0.788604879355079 0.607142178513436 0.566711207472847 0.562388394695481 0.633308155106296 0.029091719271174 0 0 0 0 0 0 0 0 0 0 0 0 0 0 0 0 0 0 0 0 0 0 0 0 0 0 0 0
0 0 0 0 0 0 0 0 0 0 0 0 0 0 0 0 0 0 0 0 0 0 0 0 0 0 0 0 0 0 0 0 0 0 0 0 0 0 0 0 0 0 0 0 0 0 0.00105203591567937 0 0 0.0793211271463679 0.675253119512212 0.749213782137727 0.607712054852485 0.556163643395683 0.584869952007112 0.672730041282946 0.637306265640331 0.700540751811397 0.706853022386462 0.690935403910363 0.730798926853059 0.692789658273269 0.552628175760014 0.770194108707657 0.685996256405473 0.691113459126824 0.67208603650072 0.585104315909406 0.565462798515948 0.544992081752467 0.561128610521154 0 0 0 0 0 0 0 0 0 0 0 0 0 0 0 0 0 0 0 0 0 0 0 0 0 0 0 0 0
0 0 0 0 0 0 0 0 0 0 0 0 0 0 0 0 0 0 0 0 0 0 0 0 0 0 0 0 0 0 0 0 0 0 0 0 0 0 0 0 0 0 0 0 0 0 0 0 0 0.0175190327104399 0.0991503536703358 0.710962864202765 0.6207966681663 0.546069728504771 0.563005912405527 0.629027234094143 0.627062788170086 0.708905658474156 0.696084701077438 0.563266581983737 0.651897403607314 0.720525281894134 0.225078942351411 0.556432045988499 0.453360951550814 0.110127927310602 0.112273749991153 0.172897543639681 0.853339201156222 0.848213267059805 0.927090444810753 0 0 0 0 0 0 0 0 0 0 0 0 0 0 0 0 0 0 0 0 0 0 0 0 0 0 0 0 0
0 0 0 0 0 0 0 0 0 0 0 0 0 0 0 0 0 0 0 0 0 0 0 0 0 0 0 0 0 0 0 0 0 0 0 0 0 0 0 0 0 0 0 0 0 0 0 0 0 0 0.0944411421864936 0.702105798648263 0.616989588415027 0.517087908105995 0.59138190209943 0.623096727329465 0.63823419028766 0.689580057857432 0.748326738194658 0.542423569156165 0.612859099013282 0.828016584620163 0.279508581411451 0 0.63418935701331 0 0 0 0 0.166992166371523 0.254949872322936 0 0 0 0 0 0 0 0 0 0 0 0 0 0 0 0 0 0 0 0 0 0 0 0 0 0 0 0 0
0 0 0 0 0 0 0 0 0 0 0 0 0 0 0 0 0 0 0 0 0 0 0 0 0 0 0 0 0 0 0 0 0 0 0 0 0 0 0 0 0 0 0 0 0 0 0 0 0 0 0.0252856748344241 0.379416309468725 0.17728380723602 0.535473118909406 0.166991900473517 0.479672646650175 0.658036625376404 0.650148819050623 0.429293302791665 0.49951201467567 0.19400577132716 0.646025857744255 0.0596278826226604 0 0.737036903624537 0 0 0 0 0 0 0 0 0 0 0 0 0 0 0 0 0 0 0 0 0 0 0 0 0 0 0 0 0 0 0 0 0 0 0
0 0 0 0 0 0 0 0 0 0 0 0 0 0 0 0 0 0 0 0 0 0 0 0 0 0 0 0 0 0 0 0 0 0 0 0 0 0 0 0 0 0 0 0 0 0 0 0 0 0 0 0 0 0 0 0.355808450517632 0.577522788705248 0.230278366371597 0.410616020461497 0.0543231662459649 0.0173134140568466 0 0 0 0 0 0 0 0 0 0 0 0 0 0 0 0 0 0 0 0 0 0 0 0 0 0 0 0 0 0 0 0 0 0 0 0 0 0 0
0 0 0 0 0 0 0 0 0 0 0 0 0 0 0 0 0 0 0 0 0 0 0 0 0 0 0 0 0 0 0 0 0 0 0 0 0 0 0 0 0 0 0 0 0 0 0 0 0 0 0 0 0 0 0 0.169914785908688 0 0 0 0 0 0 0 0 0 0 0 0 0 0 0 0 0 0 0 0 0 0 0 0 0 0 0 0 0 0 0 0 0 0 0 0 0 0 0 0 0 0 0 0
0 0 0 0 0 0 0 0 0 0 0 0 0 0 0 0 0 0 0 0 0 0 0 0 0 0 0 0 0 0 0 0 0 0 0 0 0 0 0 0 0 0 0 0 0 0 0 0 0 0 0 0 0 0 0 0 0 0 0 0 0 0 0 0 0 0 0 0 0 0 0 0 0 0 0 0 0 0 0 0 0 0 0 0 0 0 0 0 0 0 0 0 0 0 0 0 0 0 0 0
0 0 0 0 0 0 0 0 0 0 0 0 0 0 0 0 0 0 0 0 0 0 0 0 0 0 0 0 0 0 0 0 0 0 0 0 0 0 0 0 0 0 0 0 0 0 0 0 0 0 0 0 0 0 0 0 0 0 0 0 0 0 0 0 0 0 0 0 0 0 0 0 0 0 0 0 0 0 0 0 0 0 0 0 0 0 0 0 0 0 0 0 0 0 0 0 0 0 0 0
0 0 0 0 0 0 0 0 0 0 0 0 0 0 0 0 0 0 0 0 0 0 0 0 0 0 0 0 0 0 0 0 0 0 0 0 0 0 0 0 0 0 0 0 0 0 0 0 0 0 0 0 0 0 0 0 0 0 0 0 0 0 0 0 0 0 0 0 0 0 0 0 0 0 0 0 0 0 0 0 0 0 0 0 0 0 0 0 0 0 0 0 0 0 0 0 0 0 0 0
0 0 0 0 0 0 0 0 0 0 0 0 0 0 0 0 0 0 0 0 0 0 0 0 0 0 0 0 0 0 0 0 0 0 0 0 0 0 0 0 0 0 0 0 0 0 0 0 0 0 0 0 0 0 0 0 0 0 0 0 0 0 0 0 0 0 0 0 0 0 0 0 0 0 0 0 0 0 0 0 0 0 0 0 0 0 0 0 0 0 0 0 0 0 0 0 0 0 0 0
0 0 0 0 0 0 0 0 0 0 0 0 0 0 0 0 0 0 0 0 0 0 0 0 0 0 0 0 0 0 0 0 0 0 0 0 0 0 0 0 0 0 0 0 0 0 0 0 0 0 0 0 0 0 0 0 0 0 0 0 0 0 0 0 0 0 0 0 0 0 0 0 0 0 0 0 0 0 0 0 0 0 0 0 0 0 0 0 0 0 0 0 0 0 0 0 0 0 0 0
0 0 0 0 0 0 0 0 0 0 0 0 0 0 0 0 0 0 0 0 0 0 0 0 0 0 0 0 0 0 0 0 0 0 0 0 0 0 0 0 0 0 0 0 0 0 0 0 0 0 0 0 0 0 0 0 0 0 0 0 0 0 0 0 0 0 0 0 0 0 0 0 0 0 0 0 0 0 0 0 0 0 0 0 0 0 0 0 0 0 0 0 0 0 0 0 0 0 0 0
0 0 0 0 0 0 0 0 0 0 0 0 0 0 0 0 0 0 0 0 0 0 0 0 0 0 0 0 0 0 0 0 0 0 0 0 0 0 0 0 0 0 0 0 0 0 0 0 0 0 0 0 0 0 0 0 0 0 0 0 0 0 0 0 0 0 0 0 0 0 0 0 0 0 0 0 0 0 0 0 0 0 0 0 0 0 0 0 0 0 0 0 0 0 0 0 0 0 0 0
0 0 0 0 0 0 0 0 0 0 0 0 0 0 0 0 0 0 0 0 0 0 0 0 0 0 0 0 0 0 0 0 0 0 0 0 0 0 0 0 0 0 0 0 0 0 0 0 0 0 0 0 0 0 0 0 0 0 0 0 0 0 0 0 0 0 0 0 0 0 0 0 0 0 0 0 0 0 0 0 0 0 0 0 0 0 0 0 0 0 0 0 0 0 0 0 0 0 0 0
0 0 0 0 0 0 0 0 0 0 0 0 0 0 0 0 0 0 0 0 0 0 0 0 0 0 0 0 0 0 0 0 0 0 0 0 0 0 0 0 0 0 0 0 0 0 0 0 0 0 0 0 0 0 0 0 0 0 0 0 0 0 0 0 0 0 0 0 0 0 0 0 0 0 0 0 0 0 0 0 0 0 0 0 0 0 0 0 0 0 0 0 0 0 0 0 0 0 0 0
0 0 0 0 0 0 0 0 0 0 0 0 0 0 0 0 0 0 0 0 0 0 0 0 0 0 0 0 0 0 0 0 0 0 0 0 0 0 0 0 0 0 0 0 0 0 0 0 0 0 0 0 0 0 0 0 0 0 0 0 0 0 0 0 0 0 0 0 0 0 0 0 0 0 0 0 0 0 0 0 0 0 0 0 0 0 0 0 0 0 0 0 0 0 0 0 0 0 0 0
0 0 0 0 0 0 0 0 0 0 0 0 0 0 0 0 0 0 0 0 0 0 0 0 0 0 0 0 0 0 0 0 0 0 0 0 0 0 0 0 0 0 0 0 0 0 0 0 0 0 0 0 0 0 0 0 0 0 0 0 0 0 0 0 0 0 0 0 0 0 0 0 0 0 0 0 0 0 0 0 0 0 0 0 0 0 0 0 0 0 0 0 0 0 0 0 0 0 0 0
0 0 0 0 0 0 0 0 0 0 0 0 0 0 0 0 0 0 0 0 0 0 0 0 0 0 0 0 0 0 0 0 0 0 0 0 0 0 0 0 0 0 0 0 0 0 0 0 0 0 0 0 0 0 0 0 0 0 0 0 0 0 0 0 0 0 0 0 0 0 0 0 0 0 0 0 0 0 0 0 0 0 0 0 0 0 0 0 0 0 0 0 0 0 0 0 0 0 0 0
0 0 0 0 0 0 0 0 0 0 0 0 0 0 0 0 0 0 0 0 0 0 0 0 0 0 0 0 0 0 0 0 0 0 0 0 0 0 0 0 0 0 0 0 0 0 0 0 0 0 0 0 0 0 0 0 0 0 0 0 0 0 0 0 0 0 0 0 0 0 0 0 0 0 0 0 0 0 0 0 0 0 0 0 0 0 0 0 0 0 0 0 0 0 0 0 0 0 0 0
0 0 0 0 0 0 0 0 0 0 0 0 0 0 0 0 0 0 0 0 0 0 0 0 0 0 0 0 0 0 0 0 0 0 0 0 0 0 0 0 0 0 0 0 0 0 0 0 0 0 0 0 0 0 0 0 0 0 0 0 0 0 0 0 0 0 0 0 0 0 0 0 0 0 0 0 0 0 0 0 0 0 0 0 0 0 0 0 0 0 0 0 0 0 0 0 0 0 0 0
