0 0 0 0 0 0 0 0 0 0 0 0 0 0 0 0 0 0 0 0 0 0 0 0 0 0 0 0 0 0 0 0 0 0 0 0 0 0 0 0 0 0 0 0 0 0 0 0 0 0 0 0 0 0 0 0 0 0 0 0 0 0 0 0 0 0 0 0 0 0 0 0 0 0 0 0 0 0 0 0 0 0 0 0 0 0 0 0 0 0 0 0 0 0 0 0 0 0 0 0
0 0 0 0 0 0 0 0 0 0 0 0 0 0 0 0 0 0 0 0 0 0 0 0 0 0 0 0 0 0 0 0 0 0 0 0 0 0 0 0 0 0 0 0 0 0 0 0 0 0 0 0 0 0 0 0 0 0 0 0 0 0 0 0 0 0 0 0 0 0 0 0 0 0 0 0 0 0 0 0 0 0 0 0 0 0 0 0 0 0 0 0 0 0 0 0 0 0 0 0
0 0 0 0 0 0 0 0 0 0 0 0 0 0 0 0 0 0 0 0 0 0 0 0 0 0 0 0 0 0 0 0 0 0 0 0 0 0 0 0 0 0 0 0 0 0 0 0 0 0 0 0 0 0 0 0 0 0 0 0 0 0 0 0 0 0 0 0 0 0 0 0 0 0 0 0 0 0 0 0 0 0 0 0 0 0 0 0 0 0 0 0 0 0 0 0 0 0 0 0
0 0 0 0 0 0 0 0 0 0 0 0 0 0 0 0 0 0 0 0 0 0 0 0 0 0 0 0 0 0 0 0 0 0 0 0 0 0 0 0 0 0 0 0 0 0 0 0 0 0 0 0 0 0 0 0 0 0 0 0 0 0 0 0 0 0 0 0 0 0 0 0 0 0 0 0 0 0 0 0 0 0 0 0 0 0 0 0 0 0 0 0 0 0 0 0 0 0 0 0
0 0 0 0 0 0 0 0 0 0 0 0 0 0 0 0 0 0 0 0 0 0 0 0 0 0 0 0 0 0 0 0 0 0 0 0 0 0 0 0 0 0 0 0 0 0 0 0 0 0 0 0 0 0 0 0 0 0 0 0 0 0 0 0 0 0 0 0 0 0 0 0 0 0 0 0 0 0 0 0 0 0 0 0 0 0 0 0 0 0 0 0 0 0 0 0 0 0 0 0
0 0 0 0 0 0 0 0 0 0 0 0 0 0 0 0 0 0 0 0 0 0 0 0 0 0 0 0 0 0 0 0 0 0 0 0 0 0 0 0 0 0 0 0 0 0 0 0 0 0 0 0 0 0 0 0 0 0 0 0 0 0 0 0 0 0 0 0 0 0 0 0 0 0 0 0 0 0 0 0 0 0 0 0 0 0 0 0 0 0 0 0 0 0 0 0 0 0 0 0
0 0 0 0 0 0 0 0 0 0 0 0 0 0 0 0 0 0 0 0 0 0 0 0 0 0 0 0 0 0 0 0 0 0 0 0 0 0 0 0 0 0 0 0 0 0 0 0 0 0 0 0 0 0 0 0 0 0 0 0 0 0 0 0 0 0 0 0 0 0 0 0 0 0 0 0 0 0 0 0 0 0 0 0 0 0 0 0 0 0 0 0 0 0 0 0 0 0 0 0
0 0 0 0 0 0 0 0 0 0 0 0 0 0 0 0 0 0 0 0 0 0 0 0 0 0 0 0 0 0 0 0 0 0 0 0 0 0 0 0 0 0 0 0 0 0 0 0 0 0 0 0 0 0 0 0 0 0 0 0 0 0 0 0 0 0 0 0 0 0 0 0 0 0 0 0 0 0 0 0 0 0 0 0 0 0 0 0 0 0 0 0 0 0 0 0 0 0 0 0
0 0 0 0 0 0 0 0 0 0 0 0 0 0 0 0 0 0 0 0 0 0 0 0 0 0 0 0 0 0 0 0 0 0 0 0 0 0 0 0 0 0 0 0 0 0 0 0 0 0 0 0 0 0 0 0 0 0 0 0 0 0 0 0 0 0 0 0 0 0 0 0 0 0 0 0 0 0 0 0 0 0 0 0 0 0 0 0 0 0 0 0 0 0 0 0 0 0 0 0
0 0 0 0 0 0 0 0 0 0 0 0 0 0 0 0 0 0 0 0 0 0 0 0 0 0 0 0 0 0 0 0 0 0 0 0 0 0 0 0 0 0 0 0 0 0 0 0 0 0 0 0 0 0 0 0 0 0 0 0 0 0 0 0 0 0 0 0 0 0 0 0 0 0 0 0 0 0 0 0 0 0 0 0 0 0 0 0 0 0 0 0 0 0 0 0 0 0 0 0
0 0 0 0 0 0 0 0 0 0 0 0 0 0 0 0 0 0 0 0 0 0 0 0 0 0 0 0 0 0 0 0 0 0 0 0 0 0 0 0 0 0 0 0 0 0 0 0 0 0 0 0 0 0 0 0 0 0 0 0 0 0 0 0 0 0 0 0 0 0 0 0 0 0 0 0 0 0 0 0 0 0 0 0 0 0 0 0 0 0 0 0 0 0 0 0 0 0 0 0
0 0 0 0 0 0 0 0 0 0 0 0 0 0 0 0 0 0 0 0 0 0 0 0 0 0 0 0 0 0 0 0 0 0 0 0 0 0 0 0 0 0 0 0 0 0 0 0 0 0 0 0 0 0 0 0 0 0 0 0 0 0 0 0 0 0 0 0 0 0 0 0 0 0 0 0 0 0 0 0 0 0 0 0 0 0 0 0 0 0 0 0 0 0 0 0 0 0 0 0
0 0 0 0 0 0 0 0 0 0 0 0 0 0 0 0 0 0 0 0 0 0 0 0 0 0 0 0 0 0 0 0 0 0 0 0 0 0 0 0 0 0 0 0 0 0 0 0 0 0 0 0 0 0 0 0 0 0 0 0 0 0 0 0 0 0 0 0 0 0 0 0 0 0 0 0 0 0 0 0 0 0 0 0 0 0 0 0 0 0 0 0 0 0 0 0 0 0 0 0
0 0 0 0 0 0 0 0 0 0 0 0 0 0 0 0 0 0 0 0 0 0 0 0 0 0 0 0 0 0 0 0 0 0 0 0 0 0 0 0.192795698501372 0.0656660652967992 0.0986157767447248 0.166015438054981 0 0 0 0 0 0 0 0 0 0 0 0 0 0 0 0 0 0 0 0 0 0 0 0 0 0 0 0 0 0 0 0 0 0 0 0 0 0 0 0 0 0 0 0 0 0 0 0 0 0 0 0 0 0 0 0 0
0 0 0 0 0 0 0 0 0 0 0 0 0 0 0 0 0 0 0 0 0 0 0 0 0 0 0 0 0 0 0 0 0 0 0 0.191378972585945 0.226736134604352 0.442395177748251 0.441097964453234 0.481834379834435 0.356616286360876 0.472149786953099 0.49907774409403 0.489216636542319 0.488680662764061 0.419117533123712 0.139926744812212 0.090092648175288 0.251265914467097 0.395018267826625 0.469536858678456 0.503588335635258 0.45599424546889 0.45005056413976 0.252371512904591 0.0831148427140036 0 0 0 0 0 0 0 0 0 0 0 0 0 0 0 0 0 0 0 0 0 0 0 0 0 0 0 0 0 0 0 0 0 0 0 0 0 0 0 0 0 0 0 0
0 0 0 0 0 0 0 0 0 0 0 0 0 0 0 0 0 0 0 0 0 0 0 0 0 0 0 0 0 0 0 0 0 0.184325090066835 0.426650607102166 0.460894928116883 0.486440466992083 0.432409351073713 0.409029227763175 0.431290654909498 0.476624129257554 0.427795413429722 0.41081390629721 0.413144232041581 0.448308691643202 0.3979829286038 0.331182415892773 0.158170114117212 0.438006287562763 0.43376274775346 0.409712123742903 0.477135243141306 0.434080948960882 0.368046906998541 0.392892146671224 0.319371162913953 0.20423974526897 0.182472004227525 0.195243967050573 0.0238089031223385 0 0 0 0 0 0 0 0 0 0 0 0 0 0 0 0 0 0 0 0 0 0 0 0 0 0 0 0 0 0 0 0 0 0 0 0 0 0 0 0
0 0 0 0 0 0 0 0 0 0 0 0 0 0 0 0 0 0 0 0 0 0 0 0 0 0 0 0 0 0 0 0.104094674905424 0.36339512789253 0.47076369671762 0.42949085978317 0.465913869015084 0.45614221530013 0.408532966952086 0.392983123640746 0.453236501540095 0.432690692124743 0.37218073539467 0.415743306435876 0.365828833852162 0.450086252978164 0.438630160969688 0.450192628198739 0.302096725052535 0.423631370904795 0.408455007461146 0.400021490451648 0.380290982023615 0.340474682525902 0.391816711863242 0.367420590830126 0.373194281264556 0.412525145784462 0.392870900300492 0.420990760499241 0.444588176089738 0.318453992604293 0.063017028407893 0.0177934363584362 0 0 0 0 0 0 0 0 0 0 0 0 0 0 0 0 0 0 0 0 0 0 0 0 0 0 0 0 0 0 0 0 0 0 0 0 0
0 0 0 0 0 0 0 0 0 0 0 0 0 0 0 0 0 0 0 0 0 0 0 0 0 0 0 0 0 0 0.246338879594058 0.419753888838036 0.518415348349433 0.429128864888799 0.398295646950024 0.437031477712817 0.44519093813668 0.415070889740534 0.360747535077682 0.422698053004103 0.371844037082664 0.38636795102986 0.429920815217591 0.255931466375862 0.365362189722149 0.412890615115407 0.435818217966314 0.430918247010296 0.435050314985737 0.411202637704341 0.401156255114416 0.389272595758916 0.389277573505306 0.391090888805514 0.339854514829446 0.382352552031315 0.390886329601951 0.412309627583305 0.392902646444746 0.430212413146724 0.451786227385757 0.428643656645515 0.266531777194662 0.0455341514737922 0.0929721611548582 0 0 0 0 0 0 0 0 0 0 0 0 0 0 0 0 0 0 0 0 0 0 0 0 0 0 0 0 0 0 0 0 0 0 0
0 0 0 0 0 0 0 0 0 0 0 0 0 0 0 0 0 0 0 0 0 0 0 0 0 0 0 0.0408990900765391 0.100950922849168 0.277273054053215 0.422979526203776 0.380744773995267 0.488084805764969 0.385393294913359 0.443505149761248 0.458404195359415 0.480039018822231 0.436021477383659 0.366712179772642 0.342594542976438 0.408925203641622 0.427172290720063 0.454419929889225 0.359207770765054 0.398237804474957 0.412733365607047 0.36837547364148 0.410014985753729 0.410985421997681 0.419650192905282 0.393067530851076 0.36966225097187 0.3971899859865 0.31446779635156 0.404392623011541 0.375266401395895 0.380954148242529 0.386627244150026 0.375346456964025 0.399385291479094 0.386748092985068 0.412498027428088 0.419397132897708 0.278319153705775 0.345512082350885 0.334096157120238 0.211957400268232 0.0571541501387988 0.0706954121616112 0 0 0 0 0 0 0 0 0 0 0 0 0 0 0 0 0 0 0 0 0 0 0 0 0 0 0 0 0 0 0
0 0 0 0 0 0 0 0 0 0 0 0 0 0 0 0 0 0 0 0 0 0 0 0 0 0 0.0504243645941323 0.405076329102312 0.437078114744284 0.445997845671578 0.439649259302074 0.393151252278538 0.367300434830275 0.364698259307844 0.453844048788119 0.487848381013242 0.444438626936659 0.414526487396767 0.365098699388263 0.378330385920721 0.458545497691038 0.474385183637698 0.493142925313527 0.439292048600329 0.413844265748205 0.424212694193721 0.450688482291138 0.415034401522837 0.436296013305481 0.420795581833673 0.357870946835776 0.367694246818964 0.427495031144827 0.423636461868619 0.419247975474146 0.361712875357485 0.325040588864028 0.326801023624143 0.370008473128465 0.355822632881053 0.424161673813298 0.429834677715073 0.411772039198982 0.387484814426692 0.432808579392261 0.435191797517908 0.430934329005663 0.3853615967679 0.374437673307234 0.415829819718146 0.0453301982403424 0 0 0 0 0 0 0 0 0 0 0 0 0 0 0 0 0 0 0 0 0 0 0 0 0 0 0 0 0
0 0 0 0 0 0 0 0 0 0 0 0 0 0 0 0 0 0 0 0 0 0 0 0 0 0.0233353927871539 0.368020206903044 0.358113076850396 0.37710781943528 0.481213099816091 0.435248315816896 0.381249641055856 0.425602873262541 0.400792984885983 0.466731041333137 0.520542317992358 0.448660324531336 0.42428673314577 0.357152521937567 0.440853226902117 0.434496869987216 0.425086161262259 0.427148607442866 0.382876504551043 0.402752221383006 0.398386491966302 0.444009720337829 0.46703315753621 0.456335753668872 0.410302494039082 0.33834378760735 0.400533213046639 0.362108102946376 0.413452719521227 0.389755486262285 0.370825985991877 0.334305991230219 0.404804848384448 0.408165436316734 0.445560022718498 0.44915413803599 0.353408091631058 0.250817900921696 0.428499237395324 0.421521140249877 0.377343412582959 0.372537815616515 0.413049461478218 0.390886594732623 0.418754807984495 0.330850088292526 0.365190544272877 0.00964280627221553 0 0 0 0 0 0 0 0 0 0 0 0 0 0 0 0 0 0 0 0 0 0 0 0 0 0 0
0 0 0 0 0 0 0 0 0 0 0 0 0 0 0 0 0 0 0 0 0 0 0 0 0.10982197837907 0.289499957865736 0.157142155240494 0.474334371744478 0.389561401327702 0.479129958788298 0.429184430262577 0.421330994906697 0.435289183934596 0.390766840340652 0.435542386932064 0.473504697470489 0.403986822958194 0.353624186250509 0.373296785882612 0.45914967740034 0.389838669628263 0.426306392653521 0.428650106606068 0.399306302256874 0.383715762334529 0.402570975224064 0.416850117232251 0.363055237204649 0.390019987244122 0.367589114841458 0.361591139541727 0.321884050027382 0.348397383294272 0.381135782487295 0.394586577297055 0.371690478533615 0.419099155765966 0.41678551308543 0.412229014460552 0.422986287395561 0.437670203909802 0.48202886644673 0.42563829605558 0.420394867616619 0.420517980238421 0.387064522529921 0.354150586823507 0.37577005784798 0.407722910347303 0.411524452708962 0.43858556626421 0.416739354011879 0.287496918084037 0.0305041311593967 0 0 0 0 0 0 0 0 0 0 0 0 0 0 0 0 0 0 0 0 0 0 0 0 0 0
0 0 0 0 0 0 0 0 0 0 0 0 0 0 0 0 0 0 0 0 0 0 0 0.279238856782451 0.347355308303228 0.321418047512008 0.41954891966813 0.470518698993535 0.41711977479128 0.369895924859524 0.440592638362002 0.376437681558491 0.394176812460527 0.365609601240784 0.428812143217025 0.429062465844881 0.430406191230114 0.35120504911872 0.368878306869946 0.437277013093167 0.38530149329146 0.43427198295352 0.411913024765314 0.423467181120094 0.393558391566643 0.415307752543307 0.411187287555026 0.376131652461922 0.373742521051723 0.359553553670026 0.436504635942753 0.367060949400853 0.365304175583017 0.372877247126878 0.376649698613364 0.399973920422178 0.414785756702115 0.408432850700754 0.445620259031403 0.462927709388127 0.454952536756915 0.419700394298528 0.442838431072884 0.502112342705479 0.423662211114177 0.385357844192987 0.341890183032492 0.354773472923888 0.351947006289683 0.435233888333807 0.364375474785011 0.37617460347539 0.403559351732686 0.415793902829243 0.351255742387653 0 0 0 0 0 0 0 0 0 0 0 0 0 0 0 0 0 0 0 0 0 0 0 0 0
0 0 0 0 0 0 0 0 0 0 0 0 0 0 0 0 0 0 0 0 0 0 0.32285513577201 0.30633152096045 0.272174023023921 0.418604353672885 0.410125892689191 0.383051081744892 0.46694115827885 0.33004244744413 0.394571960579261 0.414981571969538 0.387104070226047 0.395410569266635 0.438036880290142 0.4408070317739 0.36874675508727 0.358320026158271 0.387572046910604 0.454866927827328 0.406371126051472 0.394447635672999 0.407654509924852 0.454960117324704 0.362728014828265 0.357353583010382 0.362546412788584 0.356720472682855 0.375718083485367 0.38478406744787 0.439470389409671 0.372117685149073 0.373498118160452 0.393328343901597 0.368969203427734 0.351156597981589 0.35822130091729 0.412199543253141 0.451181091607191 0.468549983165703 0.435427486721533 0.378884318820763 0.468076039170657 0.491345619877716 0.416074742542263 0.360042810149991 0.318182719269441 0.313919262739879 0.335897083642603 0.372454426700845 0.315689195030256 0.455110427584197 0.416344809782409 0.383248501685266 0.448084840693153 0.369726676662947 0.294163750009181 0 0 0 0 0 0 0 0 0 0 0 0 0 0 0 0 0 0 0 0 0 0 0
0 0 0 0 0 0 0 0 0 0 0 0 0 0 0 0 0 0 0 0 0 0.253742835873537 0.293288293360675 0.382653785721574 0.462267166570236 0.446632077037793 0.45112995068785 0.448159875032523 0.408415213505232 0.338429929197467 0.412249768707092 0.436117930399093 0.395547207551789 0.420029529278327 0.470478984733337 0.42610180439942 0.342141467167285 0.373855627657529 0.367090715441235 0.403962534703935 0.409521648055656 0.42631475027749 0.415053927478105 0.418912444529568 0.398497722484311 0.33660907728394 0.358327805244086 0.402553630802633 0.405606457766595 0.402148152954218 0.379060296874147 0.383045966936087 0.363714796625246 0.408215780174661 0.367864241733399 0.367721654094602 0.364653780098338 0.384150218549489 0.390971213761084 0.370020630894037 0.366010764490452 0.399866708279217 0.385900241003742 0.389558555842342 0.331578588633617 0.325410357864215 0.321050952011828 0.370674247233364 0.367207446442229 0.350475187079438 0.40161816304601 0.425751761654705 0.403149120369617 0.346838299065216 0.44336047904309 0.446171634128708 0.40968867589539 0.306982897182929 0 0 0 0 0 0 0 0 0 0 0 0 0 0 0 0 0 0 0 0 0 0
0 0 0 0 0 0 0 0 0 0 0 0 0 0 0 0 0 0 0 0 0.224023345365763 0.270801796123902 0.45190989655569 0.440294084719515 0.451738383778961 0.439443755975998 0.425702889793907 0.466454568117727 0.430730705479926 0.376294838102505 0.411260606185506 0.38679267414521 0.399287889987337 0.39812691129465 0.455964103975947 0.383091780844912 0.375221266920193 0.385960840752297 0.400172515212765 0.42054437533047 0.462580448218243 0.398929398186664 0.42312160989949 0.434778439352992 0.401325672717502 0.385752807620323 0.383682169046138 0.403516541044369 0.397810367872733 0.393698860580887 0.373977668877362 0.372574327767056 0.382758909902874 0.412929763376952 0.386889985644883 0.364007852523584 0.365406070809877 0.332159352817859 0.370794653000641 0.413884304803984 0.38430449886001 0.375920204286825 0.352831359196061 0.332500971925921 0.34445300326903 0.312308465623387 0.306153272773183 0.331479175982991 0.358110529794489 0.370145508818827 0.441116203843051 0.394151493355063 0.374407142990155 0.375335789404215 0.419536262987338 0.389981116863227 0.417858666324875 0.453005866448303 0.397333798365983 0.28375197629429 0 0 0 0 0 0 0 0 0 0 0 0 0 0 0 0 0 0 0 0
0 0 0 0 0 0 0 0 0 0 0 0 0 0 0 0 0 0 0 0.158579313726674 0.232812483343724 0.372575033748589 0.444612598927887 0.424950467980215 0.423449225788879 0.385907138774696 0.457491333861998 0.485179120750576 0.434174118566458 0.362801866733005 0.388182668099053 0.395359877829714 0.421364376348108 0.416217469072208 0.426842294516533 0.378043345529685 0.397982954690601 0.390318577926128 0.388133992294149 0.445331209040084 0.456806716858322 0.423872701351281 0.398013005081369 0.424157393001826 0.455822247292769 0.394228356488305 0.361186171578298 0.397490703689881 0.391891630804993 0.38159963295672 0.385664591419793 0.385086947363741 0.409846714361437 0.417839118528428 0.41812340544048 0.396409884158477 0.405339914382708 0.383663056320605 0.382924060416203 0.407720860993582 0.376720505841319 0.385601804154846 0.365603403312751 0.343675761737847 0.350937905555488 0.342511608239272 0.361469439250835 0.321477575200275 0.356125712653878 0.345253125007869 0.43252432677958 0.400760853117382 0.368303353912738 0.367215435358764 0.400878278951135 0.358900482848741 0.413048403481921 0.435654385093759 0.454114938910923 0.361704831156078 0.301522792693442 0 0 0 0 0 0 0 0 0 0 0 0 0 0 0 0 0 0 0
0 0 0 0 0 0 0 0 0 0 0 0 0 0 0 0 0 0 0.0972695991192851 0.273339917505781 0.276508074479405 0.457649643039988 0.419858698290631 0.381947906040047 0.404183958378358 0.351198471360057 0.371957516853968 0.397826723584434 0.376175663297141 0.312869290121676 0.378605176484072 0.397659641618442 0.414187973722786 0.408707231390869 0.405318443384201 0.368952368181172 0.393139291547156 0.389590447480586 0.404857967148794 0.480288371794835 0.421949476064139 0.380235675435355 0.398798031382581 0.428068611520629 0.39004974382349 0.391355957848819 0.364286337358816 0.382044247550719 0.351634913200491 0.382228729245306 0.381276584619849 0.419270669604265 0.410361167963455 0.437583882242406 0.438859661190919 0.434499494239987 0.394966938765622 0.393131632856661 0.394956658897563 0.418294234079479 0.361547489218417 0.356593477572105 0.325214951693685 0.321343905219249 0.336617422704125 0.302338003632284 0.335236751374073 0.372054477808943 0.376483567859908 0.388340854912672 0.432977788714031 0.3974368259757 0.34793170972699 0.351860701230371 0.349422915482045 0.383354259754503 0.435441719304717 0.390133173426963 0.425080142745319 0.439161713842128 0.41483021982547 0.416192212091819 0 0 0 0 0 0 0 0 0 0 0 0 0 0 0 0 0 0
0 0 0 0 0 0 0 0 0 0 0 0 0 0 0 0 0 0 0.253964928553903 0.278382372782835 0.360507578654473 0.428305943555993 0.464860384710309 0.448911296158916 0.450357955134506 0.352754975145249 0.366354648688139 0.380765289569712 0.361554655527031 0.353826503210804 0.373211591437759 0.388365149105554 0.397962535909102 0.374511721605549 0.39190914513126 0.429379046636131 0.400142060832963 0.380712051311625 0.395997338646075 0.437355072633232 0.400216007230473 0.382566427290576 0.383256964719971 0.379281843945659 0.421975196691917 0.35229469266556 0.357514818516258 0.402908242215859 0.392250488489679 0.38215657632007 0.398776944083958 0.428583744163009 0.39851388598052 0.406717661705377 0.442976898716465 0.414419602071548 0.410560666858872 0.385829948800761 0.387676118179861 0.395893916984372 0.38221056178844 0.367728024434188 0.317631035535487 0.34130426585246 0.304195129638644 0.328528941839123 0.336794256453082 0.351410000030818 0.348993231844741 0.399258257635167 0.429145134942556 0.415553066447804 0.318210447204539 0.325843453611066 0.344918622525802 0.411095447416328 0.37286960452319 0.352430262580021 0.382474468854124 0.403372213430089 0.392413056675336 0.415810866995152 0.367514106844608 0 0 0 0 0 0 0 0 0 0 0 0 0 0 0 0 0
0 0 0 0 0 0 0 0 0 0 0 0 0 0 0 0 0 0.131670897222007 0.239732278392681 0.392705047209339 0.409719660585058 0.413581732218618 0.40369686056161 0.408134879169298 0.466898158596468 0.458477514684931 0.380191955199289 0.366038768575166 0.364107254725065 0.385668923286907 0.394462641780137 0.403337288242194 0.38254782043259 0.38374377581731 0.390965511032451 0.414716818378825 0.39369385308958 0.396047261941637 0.402016388184965 0.402078174158718 0.41427552067247 0.378619960479989 0.3575221002179 0.409485195143823 0.399259595044472 0.379827292316022 0.420190703066971 0.415105157750884 0.379484792887132 0.387314455797938 0.407452704228468 0.413112571698212 0.440502286996374 0.427474179805033 0.403395783562634 0.444035054207565 0.382340353497946 0.353518802806346 0.370500457689092 0.38635297580396 0.331710973902184 0.361788474588696 0.350066145267251 0.331603387376756 0.338225201713225 0.367687089674991 0.368971136680277 0.358809332825739 0.349160217668235 0.373243295597248 0.401599377164447 0.403293970251015 0.343750731653278 0.327199035021161 0.337547261186277 0.320401468351469 0.392852250763359 0.36693776128109 0.355777784423167 0.395021555872897 0.391367362523185 0.399552661717179 0.442740932255101 0.227885765967075 0 0 0 0 0 0 0 0 0 0 0 0 0 0 0 0
0 0 0 0 0 0 0 0 0 0 0 0 0 0 0 0 0.0238358057664127 0.23331392586149 0.228619334046969 0.421375398438582 0.437720283508474 0.42457496604749 0.450073192768635 0.441314990234744 0.432651484394343 0.460864864810247 0.389525597313305 0.393169379086287 0.381567276239708 0.400862413487685 0.354885239799887 0.386994615281167 0.406736002292439 0.409145273070475 0.396281315861876 0.416564320153133 0.415267697508912 0.383341268327969 0.396564741212515 0.406732225749275 0.412303429386438 0.370279261193097 0.379576076502616 0.401703569629627 0.382265148536411 0.3680647399326 0.394171494644157 0.372423582755973 0.383010665715342 0.367912677280085 0.396608353550795 0.387869022951139 0.401650901442056 0.412772760949965 0.376632878136318 0.388707972879563 0.357751492932139 0.363735105561547 0.372955355956144 0.359546804858407 0.359557378272308 0.342906539948048 0.360422100919493 0.347887163532404 0.384112515728796 0.35695248244575 0.379308275605783 0.357694641685323 0.375669451472978 0.361574197372397 0.38223857344249 0.355197759489733 0.344998552521906 0.357948202642081 0.331526446933868 0.331003763123067 0.325827616979809 0.342281192636579 0.392881739025381 0.376569710995496 0.400105277249215 0.394498456273185 0.415610805036625 0.454000863720614 0 0 0 0 0 0 0 0 0 0 0 0 0 0 0 0
0 0 0 0 0 0 0 0 0 0 0 0 0 0 0 0 0.1130638547557 0.198976201977928 0.339442444641692 0.42455344839764 0.362650863152783 0.3584452346658 0.401643975155609 0.425905972870777 0.440410267997368 0.427380673048627 0.384556730683638 0.414539131511832 0.405617627147661 0.421820604551515 0.381357654081619 0.434655660634366 0.440887881561665 0.410370801072952 0.419560177188944 0.398967387963471 0.390356871934629 0.407521546411883 0.40751468955888 0.411457528833504 0.440704638832397 0.422198197652247 0.406503724855433 0.438079078856952 0.40235229906574 0.394563074650541 0.366772214066113 0.364917331962582 0.349191250702904 0.375013941949935 0.395896158306389 0.390298284168496 0.368118294230125 0.407101979095414 0.355420547242517 0.395258944496652 0.393236403412155 0.375509952358559 0.369862192608515 0.370197575372723 0.35762598719442 0.340959508250209 0.3313929887454 0.356230957747842 0.35364599501292 0.351703617581867 0.360814115841392 0.374452693202312 0.382281356762779 0.396206835777674 0.361998785965492 0.363634572120741 0.333205676339557 0.315362283978213 0.336567136457472 0.340141803281462 0.34105624972592 0.318957495855356 0.396698369681531 0.416111533814028 0.397975843729149 0.427893025508871 0.396456013484486 0.383040626439905 0 0 0 0 0 0 0 0 0 0 0 0 0 0 0 0
0 0 0 0 0 0 0 0 0 0 0 0 0 0 0 0 0.210908021538642 0.305809254017833 0.382699969782325 0.375124571457834 0.358330093319078 0.346526649694237 0.350161791650099 0.344062347223213 0.36551227407395 0.38428051723532 0.386383554267364 0.397062246639698 0.403173498718905 0.418088320286764 0.415988900632011 0.44616785775078 0.426202043792778 0.412736190443936 0.398548729054499 0.367642986391457 0.364231984430144 0.371929947187753 0.395732114100262 0.404116171468797 0.436022180435549 0.427457841701349 0.398680424549643 0.43287698266567 0.441880993161239 0.411857529787539 0.407047495368831 0.385630410248949 0.37733709116145 0.383641820353776 0.387549625513278 0.380283331829608 0.371786335172074 0.384472142828198 0.379894945186574 0.375290000064258 0.375220164755667 0.368499299849558 0.400769222286815 0.386094721243999 0.372115070885807 0.401657483229961 0.358419191456066 0.370282188829748 0.365467537430968 0.353241075724306 0.368153875091404 0.380964873305424 0.349007718309505 0.363982280863009 0.373006928053542 0.394625117211925 0.381860940306372 0.377049421913621 0.315615973894971 0.342936996970954 0.385111134293549 0.384165514863018 0.331601812929349 0.362377927845819 0.392129548925553 0.38162915820056 0.380709551591606 0.323050253229164 0.111489210040249 0 0 0 0 0 0 0 0 0 0 0 0 0 0 0
0 0 0 0 0 0 0 0 0 0 0 0 0 0 0 0.201382101186688 0.18450891902555 0.371071680078458 0.3871180988096 0.429922775177221 0.416672848166495 0.389562681031313 0.377260053099441 0.360287505533405 0.348613855625805 0.369552765105756 0.415929658546504 0.43646485784415 0.41099278628075 0.394681120510199 0.423836412966933 0.434748875436955 0.415811295115706 0.387531529041228 0.410026960949729 0.365024231850773 0.399052681231955 0.398517765301153 0.399855599865924 0.43529650057688 0.408747959642405 0.447195211285051 0.417023655885565 0.428237519381014 0.423249725458147 0.393561864218418 0.405231856950045 0.417312919968962 0.418507190065076 0.413014918069678 0.409013145247187 0.368946813103108 0.342256794544334 0.365789233066431 0.351877367402863 0.380239137980257 0.382300825554613 0.398113385341481 0.41408494282214 0.4169277511952 0.381855459759775 0.418207976548173 0.389320635511436 0.391102732558399 0.379442565356336 0.370068086597293 0.383513911424084 0.381816090067621 0.375831276588407 0.390062457425765 0.400367049617966 0.380821447600709 0.37736416635543 0.396705137822366 0.354616249992132 0.327422209800165 0.310153169044958 0.384830354655902 0.405853389872984 0.385790897517069 0.414115515232173 0.418198328152474 0.378337810917154 0.374851107911031 0.195912927528135 0.0360007881031531 0 0 0 0 0 0 0 0 0 0 0 0 0 0
0 0 0 0 0 0 0 0 0 0 0 0 0 0 0.0143160973871379 0.169304708293052 0.344025812264999 0.338927120220513 0.361139381877578 0.403979662032831 0.394837500813061 0.403707193276012 0.430398833378751 0.380572803280937 0.366467607067677 0.38573512700472 0.413277184993936 0.426477379052585 0.411700290447031 0.377543489137899 0.399250035465197 0.381500421373459 0.423065953335675 0.49949683075899 0.475819410230458 0.457589073827776 0.453603547164882 0.419478874953708 0.401111584231023 0.390122384064713 0.38098694739128 0.404844737785856 0.379552570453048 0.41621926289659 0.408443676811395 0.394386625075536 0.383624232600232 0.390404487621409 0.431884974546601 0.431788281624401 0.417152024941565 0.408242591073324 0.387146893631556 0.376136923063053 0.391174146826885 0.407016469383532 0.371314420963519 0.360884063597633 0.383492013050547 0.38274258294337 0.393828666751076 0.410165901760723 0.436355033959067 0.42880386500289 0.386096793775205 0.349498868369881 0.379252817626874 0.382900199691719 0.353155210005136 0.38114809031049 0.404852525143911 0.376886039503094 0.349615319708704 0.347233714588571 0.363844961588769 0.345772222278685 0.364328114301691 0.408107539180361 0.400894548339363 0.42929985206027 0.392612574166246 0.444992713485561 0.403169006071599 0.271822713166894 0.311127621052327 0.268898108293891 0.0535107320775115 0 0 0 0 0 0 0 0 0 0 0 0 0
0 0 0 0 0 0 0 0 0 0 0 0 0 0 0.112120718147449 0.338882880413871 0.376757688567864 0.349088208989203 0.371298491925911 0.400507646196894 0.406804919308284 0.391800850824418 0.36315959509037 0.409286847138235 0.398339117912731 0.421546601107284 0.419107366490792 0.41715934552326 0.423320903116043 0.411166916146133 0.434900159268161 0.410665594996737 0.462310579287612 0.397821700448259 0.398256739022758 0.427809347389366 0.380878867234218 0.412707575820562 0.458611872850634 0.442817488391587 0.432058840571718 0.40118140449864 0.411986156164235 0.386232726236194 0.385306415155641 0.362674364741662 0.370808288968834 0.401600616362538 0.469920676468073 0.433070669957028 0.422106462547262 0.389975135842824 0.357260902597389 0.400487281509524 0.403914751768539 0.385660014496747 0.376545727158493 0.379020095812683 0.382724639416621 0.365590407011786 0.35460180758085 0.379312863930043 0.391308862273235 0.424248544715208 0.380576122496953 0.374220260774894 0.363330207959369 0.383890612289365 0.369684339868552 0.359143376172906 0.423858910309404 0.407414244750249 0.400989993579441 0.378850951573168 0.384437000948396 0.378402985249893 0.323630995300114 0.428345563142449 0.434196030333208 0.451189348650922 0.415590053862014 0.351432748134418 0.400764642127262 0.446364288428017 0.43241672703601 0.419393724542012 0.229947086070638 0 0 0 0 0 0 0 0 0 0 0 0 0
0 0 0 0 0 0 0 0 0 0 0 0 0 0 0.10273733673866 0.338960696419541 0.364611527233479 0.361230310881746 0.352041521239776 0.40715120298737 0.366584885690834 0.359874769524742 0.395349291473062 0.431344150648272 0.415517180600128 0.413368245391387 0.387222294441128 0.415994114389029 0.414922474826582 0.437481262333611 0.438382645052708 0.404569767497335 0.412244042213472 0.443081696115431 0.368504063099306 0.231981249326602 0.146571718982771 0.176506532838681 0.228331288598432 0.387845001799224 0.452275392627163 0.454679603996667 0.415529222609417 0.382717511041893 0.386064516162473 0.413707507333942 0.420702785026406 0.411854386651033 0.423698430886011 0.47232093091814 0.415458963948481 0.437463930203827 0.402155129516685 0.405794059521836 0.386689805625962 0.373844197752699 0.370977831994449 0.356033430708318 0.377981311530359 0.340505710704499 0.354828933848176 0.340233267976123 0.363859448421376 0.401755573959439 0.388075607592626 0.382585700442882 0.37892781851075 0.397045737485024 0.383944187210445 0.370753060082324 0.436757515198995 0.43303526637059 0.377101864722646 0.36335828269515 0.360186635070941 0.382923103130626 0.355899008733062 0.473943266428684 0.457663100359006 0.378140311870533 0.340179901457661 0.459671977120464 0.424925676499547 0.409486503999604 0.43933553193402 0.395232262158015 0.280195851128332 0 0 0 0 0 0 0 0 0 0 0 0 0
0 0 0 0 0 0 0 0 0 0 0 0 0 0.0374914353734847 0.227008472927658 0.370127824534614 0.33864890555103 0.364550030152105 0.36531516503696 0.409459906584535 0.388475377906169 0.385688436151237 0.424355456701616 0.409380516487828 0.392286734244058 0.398589230282353 0.390041276107782 0.423810035294061 0.445913121906434 0.40543371597143 0.410974627037767 0.427510880805387 0.420890426799986 0.424965776901435 0.445550979876215 0.186528484748352 0.060327258303189 0.0672264765220764 0.0885761226815306 0.187722557395878 0.325986490532298 0.373954958354228 0.426628419659212 0.466790446736374 0.392002469705609 0.402731225847498 0.396471560994526 0.392457112343001 0.42462076244403 0.43424820290567 0.409819286928444 0.391328483533679 0.423457803002267 0.396456795790154 0.373767755465737 0.423810071799844 0.405765277350848 0.369890454453896 0.362924593344912 0.315460970612566 0.312119901468152 0.321341779572865 0.342626339026247 0.362152860437159 0.349316957148013 0.394314431806737 0.387785616547444 0.383433019640407 0.351128147857506 0.356489073820563 0.376492527707021 0.376634678311099 0.346028277278459 0.357372819685099 0.351930370930236 0.375517292004568 0.37309989547904 0.315695162165675 0.507738503874629 0.498172167701964 0.454285361351197 0.410399306950727 0.395931943809878 0.387173408308487 0.417195614824279 0.413655440381382 0.299225169641246 0.0219224442000817 0 0 0 0 0 0 0 0 0 0 0 0
0 0 0 0 0 0 0 0 0 0 0 0 0 0.103751204938881 0.298839913663411 0.361188306418828 0.336063850622857 0.370924060583405 0.348119202183882 0.340739971216329 0.382677632879742 0.40804565567535 0.433790083196468 0.397374629013374 0.392499727486209 0.461999561504394 0.42444604894706 0.419724010285091 0.401144991178288 0.389557173036694 0.408649369852799 0.399231749264704 0.391775612503776 0.440239617749856 0.396734704854918 0.384874699291353 0.141027357169031 0.051538859503172 0.0390250008607214 0.0324182675681172 0.0632826447174833 0.0729126241674476 0.242390353467948 0.432534166975061 0.404637024209154 0.381961150834096 0.395770793056433 0.413445256792207 0.408084017972451 0.433472203655654 0.391505062776178 0.389574624664809 0.354899099538208 0.389148013303121 0.420997909583419 0.43065947926065 0.378793003816535 0.348872645054019 0.349222512198538 0.312849782966477 0.318077248023212 0.305363174715403 0.312134983766319 0.321395757178148 0.303899677950467 0.349732982030434 0.390473214854389 0.39731230618986 0.372688958596049 0.398399940464919 0.366184317192018 0.372374289499422 0.365702778799933 0.374973441886595 0.381953201781155 0.359908705673749 0.352657624463248 0.352960012052974 0.343301219844615 0.430468017460223 0.444715022368357 0.399995391386589 0.384539816132154 0.421160385445343 0.413342671620132 0.382012580594673 0.316721423332805 0.0186795079380983 0 0 0 0 0 0 0 0 0 0 0 0
0 0 0 0 0 0 0 0 0 0 0 0 0 0.129584895362818 0.336887811899056 0.335959898485398 0.33568829706207 0.34894119353947 0.352690648941368 0.391181794215176 0.38719318771192 0.410105069371808 0.395224687289522 0.366038315807716 0.382889547747926 0.43280237086034 0.438364917097939 0.397695606723175 0.401259221364909 0.423894857294023 0.425777809826078 0.414802407210068 0.371573492011151 0.408451975462868 0.389924995674384 0.387532834830983 0.461038942799056 0.0352054580035792 0.0407493241846703 0.0442068256503521 0.0503300805592653 0.0327150605402401 0.0603893634702703 0.0851477886001033 0.373612082542348 0.403201620563047 0.408338627309093 0.403098798643342 0.393545493648026 0.392512591723118 0.374749662520667 0.387471915113414 0.407220317840631 0.395406989464565 0.404744485481222 0.401415484371263 0.398204468012868 0.399003730900934 0.349847361282612 0.332535800318248 0.363426018020579 0.35374742104653 0.339829388490256 0.362065535603286 0.344512007424034 0.384250222174167 0.373776244357094 0.390923841230691 0.420208014056513 0.403691919240355 0.367755947143953 0.346596264900654 0.358724492197499 0.363883103726652 0.330653729642001 0.372364810247297 0.389251634360824 0.395805101656232 0.350340953248468 0.35278702448848 0.349855556748118 0.364296050219107 0.353553870006494 0.419465089201317 0.415365378051077 0.398697933765427 0.340916493361619 0.138007048866049 0 0 0 0 0 0 0 0 0 0 0 0
0 0 0 0 0 0 0 0 0 0 0 0 0.0233858289399625 0.161220910278849 0.356706336451335 0.34980869014035 0.374772768050479 0.374105664360021 0.390913376938757 0.418016955044545 0.41839132218277 0.398472622551244 0.402935510111856 0.404456864384964 0.382626619016264 0.39197674965222 0.438855740269102 0.421310259538255 0.416308142709649 0.371836651249544 0.402260402058015 0.414309740870898 0.41498440194576 0.403655374084782 0.401950963764493 0.405045677540789 0.436821804016495 0.436707370391519 0.0870628277197318 0.0520166839123028 0.0371061806177008 0.0798061952700112 0.063808512450046 0.0529183265967566 0.0770666470248224 0.306008396063395 0.410497339485364 0.382865656325798 0.394867551599868 0.404974333359474 0.385193934722216 0.369512689666807 0.403547629405873 0.403555772532543 0.405364800659734 0.419625263387836 0.406305426914077 0.414649575837873 0.416483505223393 0.395940640031138 0.39128985963354 0.39398924179569 0.420645901995462 0.433536553834999 0.470502887925834 0.442783721112729 0.390978722794585 0.393924358875164 0.475928235748089 0.370511013173687 0.350228184261657 0.368264864197829 0.390020381242997 0.364482838925139 0.372296836359931 0.384816104551253 0.360926467628893 0.392429375107534 0.340480845671971 0.352552741218154 0.339534775205678 0.341111141605853 0.335930968598928 0.370671207052019 0.370480690109794 0.402740040304877 0.340617721661414 0.106849008726177 0 0 0 0 0 0 0 0 0 0 0 0
0 0 0 0 0 0 0 0 0 0 0 0 0.017626679516036 0.213163499211987 0.352212880552551 0.323801321902132 0.373904607812808 0.350940271272561 0.350555289976898 0.404167100815237 0.381982316975376 0.420824921533711 0.468908339399599 0.419489110970895 0.380736418248551 0.383606986764416 0.41095243564622 0.419088133630249 0.403129461525428 0.391923349108465 0.404385904328422 0.377154240128259 0.415787306648846 0.384463398079655 0.385940206182437 0.393980711175943 0.395829287911986 0.428576493697989 0.352094683964826 0.0790970082467677 0.0711530075830071 0.130822582867637 0.0621644996186479 0.0244217127360122 0.0284223670614099 0.0642881403240683 0.20001393182929 0.396122920288286 0.414794709196271 0.406198941445706 0.398119687124943 0.38855430004561 0.425801208090639 0.414591308658417 0.382455291795139 0.388658977659707 0.370998502731098 0.387750168369199 0.395717633517732 0.390683338963562 0.351747421293726 0.314416343947232 0.324734642179059 0.337238802341458 0.340869681781687 0.368117245601077 0.294137585041263 0.26065625020818 0.404252742254151 0.405443473904807 0.370434531685382 0.346275104562925 0.367896015096182 0.370251323439736 0.342433194723915 0.370810606910703 0.358640627397219 0.355688167119839 0.369552443587991 0.360041068105138 0.338305732494534 0.323683078125065 0.343089990809132 0.340718129423314 0.399663840996609 0.470721834864948 0.454257227518338 0.38892792679671 0.151064696661364 0 0 0 0 0 0 0 0 0 0 0
0 0 0 0 0 0 0 0 0 0 0 0 0.146223298814085 0.248670688884958 0.336416541136166 0.346437388187719 0.368573340568702 0.350151959922911 0.378688365598523 0.378598613432633 0.387014895654766 0.40142765978157 0.409196381445738 0.386192658813109 0.379651366942434 0.363800934993936 0.400518617448106 0.449343624172252 0.40820742217498 0.39358403612076 0.395021179465645 0.35789673735336 0.408805657075257 0.415917583352523 0.398316366921452 0.39205671000566 0.37914965680957 0.416282653989166 0.415975439416857 0.489208161909692 0.171941319517618 0.0441991788555058 0.0433036443742768 0.0493612100762456 0.0409847638652802 0.034567782428504 0.0224946482273603 0.156984739314034 0.32112018371343 0.382771570161133 0.380546961895896 0.381337049272415 0.40007482584102 0.395554834644372 0.367828350683443 0.395028700355412 0.381611814855123 0.39627010075334 0.38433432314769 0.350933611024268 0.279145964020869 0.231377399682368 0.111338891255581 0.0972263636729782 0.165688959592049 0.3221823681556 0.12421379401119 0.198011451767646 0.3902963453137 0.400988551130522 0.408103228648887 0.372192127808864 0.385002461689746 0.360722838578932 0.312236403701972 0.310583089983298 0.369250465936416 0.398433839618994 0.394332208936616 0.374981093564439 0.361672706276201 0.359885703426948 0.325017557773886 0.345651452549891 0.363975914601841 0.381039289721048 0.42747971197707 0.420239878980458 0.326335768370199 0 0 0 0 0 0 0 0 0 0 0
0 0 0 0 0 0 0 0 0 0 0 0 0.174161360047481 0.268285398393011 0.348297033088567 0.336664167606495 0.355079442652577 0.36679008364234 0.360583818935772 0.391981267347706 0.37483567644578 0.369350668171573 0.398065528501461 0.398061640418128 0.357595007899806 0.361238451638738 0.398521458760627 0.429426035010276 0.429589348003751 0.415361881042224 0.366018498711691 0.403153480484044 0.471456388184308 0.470541798118524 0.424440020843869 0.396564648843539 0.405352405370189 0.404106367215203 0.407734755384038 0.422000508248373 0.474522046886999 0.0837750832775711 0.0348446635162572 0.0359899404192247 0.0291369785754079 0.0372602059562225 0.0587406304768511 0.0316750695962194 0.138758250436954 0.247789507123726 0.376144194297846 0.369437380544289 0.407910518757186 0.433418101276978 0.453784832352722 0.42859100457819 0.423615325685359 0.407315325046055 0.330427357904474 0.246602529697054 0.254235742734512 0.148906950792695 0.101241663850186 0.174281035275177 0.264540099003622 0.348487055011708 0.140433041618955 0.314173715432449 0.383121074751911 0.391348953197061 0.41233235206486 0.386880120274673 0.381960828943241 0.367133084711515 0.381591555259823 0.393433176698879 0.412474296622886 0.384327005555961 0.344645596205181 0.358350922280678 0.335924465201907 0.355242057824637 0.331863507953048 0.329600764475371 0.31612051294839 0.346797739043872 0.403615841330619 0.443065567026783 0.376668041805502 0 0 0 0 0 0 0 0 0 0 0
0 0 0 0 0 0 0 0 0 0 0 0 0.234665983168129 0.291995152016181 0.363537909772914 0.339528852014896 0.334184482781728 0.362567611317888 0.384750382755684 0.393967858486469 0.386331267658505 0.396460500813454 0.372135383110415 0.3757097764633 0.34678219436512 0.358113580232205 0.357783535753834 0.421086025926942 0.440111550367032 0.405035944660838 0.393083540969882 0.419027115527053 0.443238640508221 0.428104093133385 0.382003587288132 0.383086920212749 0.36651206994318 0.380270064083633 0.365606047488795 0.369335268725189 0.386394505208443 0.41585257904789 0.0898290977209508 0.0316831122362946 0.0353658539499897 0.0420826443259932 0.0457723140528029 0.02829122345532 0.0950770448944256 0.1202939260382 0.194398735164914 0.389094523198073 0.406207861988532 0.409680900470316 0.473676786265537 0.391505663874151 0.313645785695279 0.276903693713228 0.267980351093514 0.254822740038232 0.181605055078817 0.147088759980815 0.137001716111978 0.231779558930466 0.418102407244164 0.364420156838814 0.36278592940283 0.384512140299186 0.357661886938227 0.365804673017679 0.358084894234532 0.37894409143317 0.354408498113698 0.368727084103556 0.403672387730699 0.455510087444712 0.466729350025913 0.405279190627925 0.345159306973676 0.356246538546829 0.342109545712651 0.373406666964571 0.367198530795473 0.311123863398406 0.324632774955597 0.351336931107112 0.432580322349841 0.432899286575025 0.237969958003925 0 0 0 0 0 0 0 0 0 0 0
0 0 0 0 0 0 0 0 0 0 0 0 0.176502085878518 0.302955900153616 0.346358051717631 0.342136709081787 0.359238955624442 0.342113952612182 0.366392249096584 0.388961901229086 0.36936963498675 0.436116652018673 0.381560709875702 0.372688091415991 0.376909455332395 0.367228206231352 0.357730735402539 0.351376589878518 0.442189733352706 0.388464557147305 0.440147104735635 0.472366992954171 0.4523559264804 0.382893537891397 0.386131435886074 0.379952253778898 0.362660332254104 0.362072382314008 0.382296694401446 0.360504517010941 0.393658903372157 0.373104009253683 0.442152142841967 0.120078454258074 0.0422677792826879 0.0390321764296248 0.0392482546766754 0.00409981989407685 0.0217138334940304 0.112900231780499 0.13445969428365 0.345433353288188 0.375027761414197 0.236340871871878 0.15964424695256 0.128214790998157 0.0765493587118149 0.0905021764725323 0.0766380303518297 0.147256369475298 0.0735778986039807 0.0750048266063795 0.158280276039787 0.28160421596002 0.445888571599333 0.38775584182239 0.381273500373221 0.38262584520315 0.340854495009117 0.339841400999855 0.339918931522428 0.33931937475477 0.357652640884458 0.36186782106468 0.40335115801985 0.471146353048927 0.498121803286708 0.540370905188693 0.372497776326652 0.331674864769594 0.38244498724281 0.390285561344536 0.378832791016175 0.351406453141327 0.340492541262846 0.400453000111862 0.413780415626952 0.287061003525143 0.136713425433914 0 0 0 0 0 0 0 0 0 0 0
0 0 0 0 0 0 0 0 0 0 0 0 0.0370964209709941 0.403915824856954 0.339930691017931 0.361358416988568 0.359442538838089 0.350330799272415 0.390870961212531 0.361842953441504 0.30057843691971 0.374377254001833 0.39278300847721 0.37926799784906 0.36509300717828 0.382566037342581 0.38905900538312 0.380130312963576 0.301947133910756 0.437371290950736 0.393711287495226 0.416518706310429 0.41472462258888 0.412284030288358 0.387332305582031 0.396844179892896 0.330612317329452 0.35361666128888 0.404357578302365 0.389368865787101 0.368571931090063 0.353728262644017 0.372847834933271 0.42834806949744 0.16890878937248 0.0589524816528521 0.178774727126889 0.0353484523197174 0.0438878057027445 0.0432733359608098 0.137497534818026 0.143819755710245 0.307452414564992 0.184917598200722 0.0355567684930235 0.0367561509691277 0.0205149027181515 0.0685395093925923 0.0590141750627236 0.066077735910964 0.027860715377223 0.0676331802274977 0.220436400851341 0.328853218427267 0.387532514521663 0.396818161563485 0.382227482593937 0.385646514436948 0.383538721450412 0.355632402527099 0.379185811080815 0.347086172927062 0.351199189587993 0.366259251415382 0.411001842167416 0.511933475097515 0.496122418400148 0.4896010965308 0.353485803430172 0.308636694902396 0.365266525237545 0.454881396656536 0.399203345732951 0.353385971866909 0.325035217438087 0.382866672767466 0.330748719197445 0.202347708008874 0.046812410964082 0 0 0 0 0 0 0 0 0 0 0
0 0 0 0 0 0 0 0 0 0 0 0 0.0229133798074196 0.317128007056976 0.326799614684484 0.288268230083546 0.312234280035786 0.342400968119616 0.383185381418723 0.350044516988648 0.248902983525746 0.318016245775361 0.368360614426271 0.38694778715938 0.382316688349387 0.362109356552039 0.376668680263626 0.364660903856322 0.438966876176315 0.367459200178768 0.422280404055916 0.454174302298575 0.376963385682442 0.408075784744851 0.444272099224523 0.448294409530177 0.442151325617297 0.383383381527962 0.387953307879715 0.433157053284609 0.37812508173886 0.366964509260634 0.356503078321118 0.384162435364928 0.41386189241721 0.243177287637317 0.206080707885013 0.100198505161921 0.119050136471716 0.23629580964255 0.039228439838821 0.113861133727193 0.120633031358484 0.366358528682985 0.0498359956379618 0.0412338430921256 0.0314362156422708 0.0449038229145248 0.045373272175682 0.0322477695798046 0.0488015306684979 0.140053042651345 0.27198668524074 0.359452502372302 0.370528588611979 0.387063434184154 0.399639827741222 0.427387530548801 0.428905072222111 0.386678648178534 0.403951633141232 0.441808293468209 0.410295676833295 0.381010796656851 0.420481240826835 0.499140176465713 0.493649961451728 0.496484241139995 0.407783114817721 0.325995160742818 0.386305615697664 0.383714217925792 0.435378282324027 0.399892636391641 0.345818118743365 0.420903728632232 0.372168497278998 0.121175387267845 0 0 0 0 0 0 0 0 0 0 0 0
0 0 0 0 0 0 0 0 0 0 0 0 0 0.0970265729347195 0.289191498901581 0.397074079613622 0.343875773325278 0.344892981873723 0.376111406842748 0.35842583123227 0.351834028240625 0.346117439195494 0.332395066588386 0.39767412387955 0.361068073758141 0.401197760282468 0.396005153826554 0.376926155605584 0.40272977058041 0.290931384072449 0.456739985578002 0.408215816363089 0.42454379520357 0.424395175868376 0.457305050287168 0.476733790186196 0.51109557430499 0.478184456348722 0.379757886605266 0.421153683809621 0.357391206362884 0.395568308284279 0.375425637492289 0.384858983217372 0.41300640408293 0.502578330932618 0.322035192894136 0.0838190727803043 0.109828745954366 0.200119048868277 0.185224224045224 0.0932915674790154 0.168421718204626 0.0940399828878525 0.274964105656819 0.0848186473315408 0.135652727421853 0.143648792699474 0.106766008286141 0.12138443780585 0.182353727761472 0.206929022328231 0.341273255512029 0.407213474468704 0.350186385789713 0.383045602328712 0.437268644337476 0.485770651428417 0.459605993125175 0.386479782197347 0.413021773708334 0.50431254873645 0.413908163257143 0.388248439297914 0.420643488505809 0.456246683235626 0.49064878140776 0.51175778591815 0.39366224844089 0.369185590273771 0.37815309070194 0.41739599661478 0.453408408139317 0.432412253875285 0.41520241740087 0.414865137703685 0.417848760648476 0.153233733796481 0 0 0 0 0 0 0 0 0 0 0 0
0 0 0 0 0 0 0 0 0 0 0 0 0 0 0.15905855272681 0.125841018735942 0.269304047993746 0.365665030829437 0.416517433201136 0.343519023136045 0.34570047985025 0.313342088035755 0.359331739639766 0.330088732433947 0.355085628058159 0.355920860433619 0.388819953692241 0.379688653307375 0.384264342463791 0.267656875694379 0.498174760903672 0.488612118261298 0.510488411520077 0.506471442674477 0.519518446505631 0.381566785310515 0.418654430803603 0.453599479156144 0.435319973557157 0.416580275852585 0.403642808083243 0.39669067681428 0.402090185235625 0.365762026992576 0.40714740773659 0.517820069369841 0.530854271831737 0.490470014060712 0.313488722415597 0.137967190478822 0.0397871781766022 0.0930462971885232 0.212202973819832 0.270012222309506 0.397940069255097 0.518165725310747 0.649618732348707 0.434467393535565 0.552301524311049 0.694678754348565 0.554306127078291 0.577910826877803 0.527738209205582 0.433300009133822 0.357403567463213 0.379381335510414 0.419236168784384 0.441644889924653 0.439648878535111 0.418244120861389 0.433064122712414 0.495629475734325 0.463461452515138 0.434316573042254 0.426407971090173 0.507937872229823 0.447586966562472 0.488669767621261 0.377716456684044 0.422019880268243 0.471362349979752 0.39630030324094 0.44696194903314 0.425506698648378 0.443663888101036 0.410404762199325 0.388813424352997 0.163462477160527 0 0 0 0 0 0 0 0 0 0 0 0
0 0 0 0 0 0 0 0 0 0 0 0 0 0 0.10354439868909 0.130024403205267 0.208194865520037 0.294081216520246 0.245501472454148 0.237601959561951 0.215577840178826 0.236512983322807 0.27062425766546 0.334034789811926 0.363897516981173 0.43978730586398 0.400056745937056 0.426558990032003 0.371013540024371 0.187658350713607 0.319454625490328 0.291747071360135 0.202588882406985 0.184608609778939 0.109564697469668 0.150445950490945 0.202557980553893 0.074160227228915 0.196113905126795 0.18071829835641 0.275520383878232 0.328127225247013 0.359089211745873 0.367687419216487 0.431277764935931 0.483356476583712 0.508884543753436 0.598217405544604 0.711769079197913 0.641529421036302 0.62361014720732 0.74444677071378 0.711487459760037 0.711336642140638 0.599710095891365 0.560193458688108 0.443631836485169 0.270813065474097 0.534131772011397 0.437673621997968 0.399617122163338 0.543411732664489 0.546784139284433 0.415291503054749 0.398931846436642 0.383098801079902 0.376906403663285 0.455287226529551 0.489288814806208 0.464685495411189 0.499385903803867 0.55395285557912 0.546765308745494 0.489868997114814 0.457275150283181 0.522856657343567 0.428981968929529 0.409357174227435 0.445551111603246 0.443575542762157 0.487039120397812 0.407933298423947 0.422840190586092 0.446271708729023 0.468038211421829 0.400159514622247 0.314202201559069 0.20313619680909 0 0 0 0 0 0 0 0 0 0 0 0
0 0 0 0 0 0 0 0 0 0 0 0 0 0 0.26750024522412 0.240299578907507 0.354347269592935 0.343918798239434 0.371817939184086 0.382912986206552 0.415542703309186 0.389102086741744 0.275397059248479 0.352192239848672 0.232621478657345 0.316880724486539 0.293066956728368 0.283566272773576 0.284752851655446 0.333293806094327 0.2862100191607 0.331192935893156 0.344306663051387 0.336023247381419 0.475275980761403 0.527977410280029 0.490582863618591 0.484146210171815 0.472833325513961 0.359382427425455 0.385247658099715 0.329157361565872 0.376510044955717 0.371093606811432 0.373357916941621 0.439574272701188 0.484185255748341 0.505102883448752 0.545326256445474 0.637953032526112 0.72770886882231 0.625378028690298 0.467656855766515 0.291568278054143 0.226113257033895 0.0906041253992832 0.0652686055292208 0.143786130625758 0.0672977309024413 0.0795798674422046 0.160560057162777 0.242318478113054 0.367316833352916 0.444636375528097 0.368009019277283 0.357895171165079 0.244487101137839 0.256483440881415 0.339660339405761 0.326864881630118 0.266020604011877 0.180414016336819 0.226312219071026 0.468000504589598 0.535902881283651 0.478314314959378 0.478393173607934 0.455029206669488 0.428298161390381 0.470455623394861 0.505167246658057 0.432461927766349 0.419236675893817 0.450112811776114 0.43751516525465 0.437883724789207 0.29487830293709 0.137395041273665 0 0 0 0 0 0 0 0 0 0 0 0
0 0 0 0 0 0 0 0 0 0 0 0 0 0 0.334473558124814 0.375080237391522 0.395358016096379 0.385835204597624 0.358114623076062 0.385784252945772 0.410820529125026 0.422795057408665 0.39818195021929 0.40034811779982 0.369692941400988 0.400483647451369 0.447306012215717 0.40859516193946 0.503379325281319 0.500690655581585 0.484732689996622 0.48803013004124 0.491817389348953 0.489497311626877 0.447882543353856 0.455356621395123 0.423294528466577 0.413179257889052 0.450348098961721 0.437560742457154 0.400630853190163 0.398403981490928 0.407452093248525 0.372165816761095 0.382745161408347 0.427647568822992 0.354544296832708 0.309251955083886 0.346100715678924 0.264971507819351 0.269653419023188 0.286310201424063 0.38002945998717 0.31375893357344 0.34306213350947 0.07671970648186 0.0453611351561973 0.061070823984634 0.042031369869126 0.0295173152557974 0.0377569721104676 0.13824505321386 0.2450711830818 0.370678536205606 0.40125097358155 0.383669673506171 0.371398888178408 0.467475794468799 0.471260101338876 0.497553950171688 0.439493480991553 0.457444717893402 0.542395447402559 0.498294330578018 0.438569163330056 0.440123234542922 0.139223497557096 0.467414642937043 0.494669885688867 0.495228520836131 0.41217764948389 0.387625327742271 0.409220514145688 0.316613061605501 0.296547677048625 0.231617349099154 0.186533010898361 0.0543740834417306 0.0678326694610949 0 0 0 0 0 0 0 0 0 0 0
0 0 0 0 0 0 0 0 0 0 0 0 0 0.0957236114707969 0.322439577349247 0.411986826626804 0.367685781941102 0.378706221955952 0.362877076984026 0.429262795722749 0.410306822015305 0.417999684245789 0.371954279192562 0.391421514630377 0.387195282241672 0.412717660851007 0.443669908506375 0.43944529420285 0.406060558022788 0.380292533305995 0.408536446503077 0.392263623388697 0.429743270739875 0.484825763910162 0.459511445013995 0.466465294975913 0.395381718491 0.364639246337029 0.355166500407711 0.443753611978303 0.386437221502998 0.358191173692913 0.381732282236689 0.362495008077499 0.407026396983727 0.41169833669027 0.273909015224436 0.199715049828183 0.320416829919701 0.177770442526159 0.326673128989246 0.394105366080721 0.384817754301879 0.410263021125226 0.0945101090759042 0.0752615269874296 0.109978753367646 0.0670209503926725 0.0608852455963074 0.041637009123184 0.0443285999100854 0.093490470302029 0.201543895614965 0.33759539336613 0.407905460376127 0.39240403921826 0.402865890647359 0.436408471049913 0.453320472723507 0.442801561557766 0.414700467270097 0.456683945177919 0.43099133326466 0.466598916008699 0.518292007256176 0.50502815747392 0.379306864453812 0.434326875023604 0.437384047349526 0.422929267892981 0.323533921390639 0.307976818682411 0.289289437094912 0.377797770695551 0.317383630506915 0.305047798097019 0.276838856366413 0.161894788626431 0.0955708762271649 0 0 0 0 0 0 0 0 0 0 0
0 0 0 0 0 0 0 0 0 0 0 0 0 0.266789711643978 0.338714000391318 0.410388356820742 0.379045179545509 0.385025545868837 0.394328023688664 0.425460061662154 0.389527197810138 0.391876690003703 0.389105673670881 0.394902523849571 0.364145241391258 0.397266220751442 0.389988177413585 0.428519364434797 0.434043914675017 0.398104049854934 0.387572115239858 0.413540805010397 0.419034609312381 0.414813926683403 0.416696075998386 0.380097465654729 0.344564088456317 0.376590593093912 0.391109952026122 0.384908777774558 0.3538169769808 0.370603075152803 0.361357031781112 0.356437951444259 0.409097470803241 0.328056403913104 0.225107149525461 0.225342359668948 0.307620983778908 0.37278459214368 0.350246823883379 0.348197067416134 0.400905704393441 0.338820933649763 0.33260478182229 0.14276340596397 0.173887363593278 0.175619115916797 0.156584993090293 0.0484082061002133 0.0584430657350653 0.0794659341557949 0.176958786011062 0.280778172318184 0.429284085139159 0.408090915874544 0.394823495709923 0.402902553831196 0.366829506235916 0.34658947648444 0.396172582602409 0.393907258697917 0.368435807538098 0.438212280394843 0.471962485661275 0.495592935621042 0.493082095009064 0.295969052986531 0.460970717972871 0.447868127725066 0.384570679335425 0.365733333274758 0.377459250719691 0.432630617683107 0.43350567677625 0.429221744269625 0.433631007853382 0.276661660101418 0.109679328667654 0 0 0 0 0 0 0 0 0 0 0
0 0 0 0 0 0 0 0 0 0 0 0 0.0145500199314697 0.253943546632459 0.334771013175654 0.357536072814334 0.405445225078238 0.399929568399676 0.424537095626729 0.41813401806097 0.416790917718357 0.415435094347863 0.436980648367636 0.424582134074023 0.385051616659699 0.351055123531507 0.398745242877717 0.432205939404137 0.445341445215293 0.423261972705673 0.382896605230946 0.435665073283025 0.433365687084421 0.436591141502254 0.406555088139092 0.391875206877473 0.386903377481016 0.375805598652889 0.419735520294134 0.382282270476811 0.352963789200032 0.369865215253313 0.366296869580686 0.381825920860444 0.473905708606933 0.290419241926172 0.210830863252121 0.233288859333102 0.404279594307471 0.418817253952001 0.409584426882473 0.367304268417537 0.510819610631639 0.680106891701847 0.515433255500226 0.485424399111195 0.338821159586962 0.362186561245657 0.232190939462494 0.158145915960113 0.115743081976614 0.0687205678583672 0.140137310133042 0.262889214686662 0.396687674324215 0.403447970206297 0.400528521948189 0.34797465412778 0.354462256608875 0.308928040690819 0.346737133178345 0.331206542750485 0.336551937930922 0.373974443202705 0.431771829012876 0.443287737015809 0.493183039812189 0.451729212567458 0.450676740588556 0.436437056128355 0.46094768736991 0.393653022701188 0.394937201590217 0.398854733281236 0.416227989307985 0.444421585672239 0.426327733622591 0.348780447921868 0.0748113015711822 0 0 0 0 0 0 0 0 0 0 0
0 0 0 0 0 0 0 0 0 0 0 0 0.0246255266619098 0.265418126879875 0.33906326018713 0.364501407187643 0.397772767297087 0.392983721548111 0.400590271065362 0.397591679587999 0.396984904345994 0.400565080664832 0.402454680979119 0.413724474461621 0.40954562431939 0.372631492817393 0.45421539986275 0.41718748479117 0.43517083217647 0.468221170732452 0.440300074149854 0.484029339175483 0.459712495488824 0.431790217489886 0.410697304321787 0.399719819706999 0.42440944925542 0.424975885626708 0.393962548305659 0.36824619055147 0.345127576389049 0.405313269009497 0.402130335847309 0.341041862434272 0.426811118663108 0.327399735356508 0.192655588813539 0.325214743786118 0.416742117684942 0.400284752614384 0.40090997652942 0.406681520355246 0.490073753459443 0.575553155985492 0.589431004131661 0.497895666492339 0.462850379636546 0.448750575125921 0.381905866481089 0.358690158807864 0.208592498048983 0.172062402513166 0.149269652619027 0.209927159364154 0.381953379945116 0.414482380651168 0.428321729196523 0.371023258059402 0.366713660702296 0.349056129032258 0.334506408656398 0.340128010631166 0.371706330683192 0.353424499830437 0.39346831400849 0.474149029319242 0.449346947189982 0.488553349096663 0.432216366861126 0.41029211317901 0.463682075227421 0.429766498705529 0.418162331135752 0.412901681403616 0.378713193150905 0.408120988585804 0.451841867439845 0.413796447208605 0.176762055763463 0 0 0 0 0 0 0 0 0 0 0
0 0 0 0 0 0 0 0 0 0 0 0 0.0220515489861391 0.222233099910511 0.369360305679467 0.374507005346794 0.397484917311695 0.390211705645948 0.394205953058972 0.40702896059067 0.409504854351266 0.420439731282024 0.387176731482273 0.427669802166519 0.486254075619133 0.404741913937754 0.438786213265379 0.425801010923344 0.428223204705551 0.443731716693742 0.421103145503563 0.433884023429795 0.396709557394502 0.384023277041754 0.416394227843825 0.428514619686122 0.398876208041462 0.411447394247646 0.379324096338419 0.365048260118282 0.366812040223833 0.419242159770686 0.305757500635367 0.277874954107951 0.422557162320024 0.360760289592006 0.150213093862386 0.4104211833408 0.380512960644962 0.38603249483903 0.374157248189759 0.389436759445671 0.407967018557068 0.421402404149286 0.480462206412848 0.471895877656087 0.450389121807555 0.457750434922072 0.477666667947457 0.440797917304877 0.406837929453581 0.314980670641573 0.21007472797044 0.193198809683596 0.373789059657565 0.456096660063388 0.449123597115679 0.428228420967323 0.389184980527189 0.373937885535173 0.377550146236236 0.344246535710952 0.373274259806302 0.375305281083716 0.416287285758424 0.45365053028626 0.477628925294643 0.454855501977313 0.383694702373114 0.38696025918418 0.445026716519328 0.439149600049387 0.422575869313032 0.400094043678949 0.405772748224249 0.421981716031491 0.453838490944336 0.420350443393643 0 0 0 0 0 0 0 0 0 0 0 0
0 0 0 0 0 0 0 0 0 0 0 0 0.012861579928028 0.22343356145738 0.357107778017689 0.360063884036386 0.410626434539933 0.433812134601202 0.439067883405477 0.406181338737741 0.408632879568354 0.404478640796726 0.413570609047612 0.391527875284703 0.462897743763559 0.436915426672781 0.408593251924725 0.43895905206069 0.424442169493977 0.467242569896364 0.455531459219614 0.465880224209443 0.488289493350211 0.419692227817335 0.413471893896456 0.427630886220767 0.412838355647705 0.383549830394817 0.383405180561836 0.347584471088076 0.407424871306212 0.380727492357225 0.236343319356333 0.228356048154653 0.236381762375968 0.355940930345719 0.190156075156803 0.443320188291816 0.391033958011825 0.394810101151347 0.367335114120981 0.380031281445135 0.378599660579812 0.379931755906888 0.393297454959043 0.464364613695042 0.464746025684991 0.46305838539328 0.495764242075015 0.53424249296571 0.552946556867587 0.550840235267728 0.523024397190668 0.269435994800806 0.302650601096009 0.529429619571376 0.536019275229546 0.473265026603487 0.407010839206824 0.411598608039547 0.353021435435612 0.324352344950576 0.342109385802565 0.380631624072324 0.446854966917596 0.516681598396644 0.503300616679238 0.421489016112902 0.331816608693666 0.370465932367225 0.472645502625794 0.39096004622842 0.400474165258454 0.398701055248283 0.384211304594424 0.391617319032946 0.443077230426998 0.387232806939712 0 0 0 0 0 0 0 0 0 0 0 0
0 0 0 0 0 0 0 0 0 0 0 0 0 0.143385947678999 0.322434899231578 0.36955031934086 0.361188249743886 0.360694414726554 0.412422713100013 0.422400495330538 0.413100986346607 0.443121452047628 0.442052929009676 0.41991100584499 0.427357874310341 0.430382641919799 0.446900279013033 0.434952450529827 0.415609609454011 0.425866896982154 0.462825924699535 0.449012540083252 0.466809856096069 0.397053610776416 0.415641890111787 0.432915041287763 0.395845201536842 0.394324632148904 0.401613733935488 0.411086297030334 0.401373083119488 0.238457456904815 0.192885952120345 0.207244820962326 0.212400761432293 0.249603041025551 0.434870040676655 0.404505739210811 0.407546967431267 0.456538642409079 0.423185342589814 0.419902424334838 0.408355148551492 0.386344979020403 0.452542565055372 0.520516281590043 0.542536562316405 0.555797787595417 0.562353528330718 0.614947033116762 0.683703066168479 0.712450683148289 0.801693273979006 0.764171442029275 0.614777463973531 0.61172640991861 0.56752977849333 0.516022881536749 0.452405086390355 0.433974447411608 0.410672099960869 0.367985928012759 0.359442578136474 0.372921294933423 0.434250196705685 0.497143806505117 0.443589367563114 0.349956440252999 0.321438892736795 0.332921463953071 0.41194153824521 0.380616107536629 0.33757115916207 0.3583588806353 0.395582722299405 0.403309064546423 0.437442997213037 0.292102522838162 0 0 0 0 0 0 0 0 0 0 0 0
0 0 0 0 0 0 0 0 0 0 0 0 0 0.0751755057764049 0.292263165563875 0.458748939655661 0.37084116621144 0.374894484817004 0.401871494631043 0.384281052542232 0.406902334239153 0.415955368851685 0.427242876916726 0.415086662680919 0.399223909744851 0.408327792258715 0.405862438539144 0.399809659522177 0.473372627435511 0.468397862267202 0.429627459119423 0.424291155917038 0.42839536862088 0.436017627036193 0.451095340265378 0.438406827039891 0.42845230630854 0.392783399218596 0.399366166221276 0.433734914957096 0.200269301060625 0.213336878947936 0.190977212422615 0.141996414839925 0.163927518252237 0.430108685833095 0.357109969689872 0.408175689928168 0.414234360581937 0.506035211634537 0.481184733329102 0.461600416281993 0.427234268941436 0.51571863991154 0.522095583022449 0.569792902021952 0.607675323178638 0.548458406132894 0.607614865241694 0.637773212280788 0.750565111226747 0.811474811832765 0.884120257100383 0.910255618933515 0.853173355674588 0.687136336235612 0.646168380625071 0.579690325465701 0.535233600369235 0.467357740550657 0.433275718037785 0.413624250275785 0.363341773615882 0.294838554146716 0.353480831441436 0.392364178270052 0.379952638451831 0.342011255256046 0.382799890896392 0.332498766859213 0.338613553589375 0.335350843247214 0.32661795819332 0.383268992610194 0.46330376512818 0.43164017023596 0.292240252280372 0.123386490875719 0 0 0 0 0 0 0 0 0 0 0 0
0 0 0 0 0 0 0 0 0 0 0 0 0 0.0558870622194278 0.165266084227023 0.48130327550415 0.429278320185131 0.408812028834422 0.394472382123201 0.391451972367335 0.4003257859192 0.436154169620788 0.424042463281771 0.431354004610056 0.398291055066 0.404398151382518 0.387030428861489 0.441701039918148 0.424307198190441 0.453883335780822 0.417726181671402 0.358965575615068 0.375063552645177 0.409530747210939 0.400847378612614 0.429559996794311 0.403214252413349 0.411444355514075 0.43176825453111 0.285371841651385 0.24117358394278 0.295829078078643 0.2931240412896 0.21798556003741 0.447386820282962 0.482644318433247 0.351400076277581 0.448955471569487 0.528489038908118 0.551080001552685 0.530303074653164 0.526427095162497 0.475693609183078 0.651632380733129 0.58856391253352 0.622724839354881 0.640957969591257 0.625501026240365 0.646148876926693 0.63725910492736 0.710110691507081 0.81093750179398 0.863903555325654 0.855610043253534 0.816012080743777 0.744024339734134 0.668743813286309 0.638456567624908 0.562620890055267 0.515897207381965 0.456896950935965 0.449745434465053 0.375253174839329 0.337063913949164 0.321067540845825 0.30798631917051 0.368852598657741 0.393295313391744 0.333582713174107 0.348036714535852 0.343330590859962 0.366797188334043 0.370945352353104 0.462088713359143 0.432149146657716 0.402002997218937 0.240650024293804 0.202016689388662 0 0 0 0 0 0 0 0 0 0 0 0
0 0 0 0 0 0 0 0 0 0 0 0 0 0 0.171148557787131 0.391886337037523 0.373648699023697 0.387896724105055 0.384050957943239 0.381983285727737 0.411681800393128 0.398072595250753 0.413638002894628 0.411965826980092 0.391510439031309 0.402593256983407 0.390252231032861 0.43112569026585 0.425105245879485 0.417553638946357 0.425903113863031 0.438679710318164 0.439529136697063 0.409895510316433 0.424672862656029 0.451864710171944 0.451956506743685 0.467622893352361 0.363056605143739 0.359238897356818 0.432330806511281 0.425881720031226 0.423173938322635 0.50295576092413 0.484091391762432 0.406893586787837 0.389855076857871 0.486614768348427 0.753040763830168 0.704153036146858 0.674412032601388 0.633646826360593 0.61601500372959 0.651851423656718 0.644067805583736 0.673641852230357 0.746857970142038 0.662265306988234 0.793939295782941 0.755432690875252 0.743144059789359 0.74404871796015 0.793912678591474 0.829261819448262 0.834857778777638 0.740059116190877 0.72352743726841 0.69129582221713 0.648770884914623 0.583975772093228 0.483836767018942 0.490110724992735 0.394937458478155 0.389544609674325 0.388530250066094 0.371974554862211 0.373734281645515 0.376577442782799 0.371975235423783 0.339967501951346 0.377117370045311 0.327877083042643 0.420557492904731 0.397430849111745 0.421005743554786 0.299343895605128 0.206804434811783 0.169258917795794 0 0 0 0 0 0 0 0 0 0 0 0
0 0 0 0 0 0 0 0 0 0 0 0 0 0 0.0979610910941097 0.241915797593182 0.379980202018778 0.36422540195376 0.394891481867297 0.400840465933137 0.403131325288794 0.408390137360101 0.411828117780805 0.397335153840323 0.398888121176646 0.397873809679334 0.417326364395062 0.41231114471909 0.407893675997678 0.433867198263223 0.463150260297549 0.453000294145803 0.469993802927649 0.441000025342587 0.448482760320498 0.43596096636301 0.472410790549057 0.44901190608188 0.475637175913881 0.429104998202742 0.478973683243101 0.42167015013106 0.457520173043644 0.461321281545456 0.434601831693354 0.439889403645976 0.436851797213666 0.492366931838212 0.817096343239738 0.803487941762276 0.765744316538291 0.771643551867522 0.707442092922645 0.654558112078887 0.643245463482807 0.682650704172472 0.62459345505425 0.631765296005353 0.754368274464218 0.776607493113897 0.740469820271552 0.723564516056907 0.789214816161659 0.771009291350446 0.817041129901708 0.75705828436127 0.816288945181853 0.70989201042318 0.669671006871152 0.628664176394111 0.626925668452865 0.564404905695413 0.491403312522031 0.460936647758627 0.453585695724506 0.463757337773347 0.464273009138806 0.362513951556514 0.334571379682576 0.357612910281733 0.348411464303212 0.376057128408168 0.410719925859983 0.467415288998602 0.368375010534386 0.30606915092563 0.120089541792582 0.0178040616561213 0 0 0 0 0 0 0 0 0 0 0 0
0 0 0 0 0 0 0 0 0 0 0 0 0 0 0.00133104420179843 0.231207730732617 0.430514785166331 0.378351792268419 0.407881228093907 0.390964035073616 0.416505330317183 0.393164492636814 0.418286267573265 0.388194379043011 0.413474510234996 0.399789141675095 0.392587068256078 0.411386552967516 0.412419665352612 0.406424341427137 0.456578524803082 0.455184913154593 0.418370724561288 0.444923749735755 0.457222963766067 0.454442354306679 0.478413498852666 0.478770815558552 0.498230680358964 0.472843682725759 0.474303090527524 0.463245362011482 0.464422113141636 0.43075060498493 0.405458742210351 0.43216795424014 0.434043053559476 0.485802932429122 0.694624647956382 0.889130847104664 0.826168836231678 0.831832099158299 0.770331140236763 0.681316945826794 0.706207518266334 0.700788350493292 0.702091404254723 0.728470124059997 0.700436229618397 0.683261029697185 0.777141481911229 0.833956651422647 0.747075138377739 0.734870174409456 0.756521461554541 0.75575306387486 0.813999286493063 0.772167314691593 0.723178717549686 0.668444299951846 0.616874407271966 0.676740687794538 0.509318448629757 0.509316262915868 0.502305922354771 0.52817658382318 0.497003203722665 0.369654950817022 0.348050584807247 0.322964228585415 0.317886840889467 0.318880731246747 0.432974591305703 0.412113334283871 0.373981167985749 0.304575642190337 0.174555439309652 0.00025253725032447 0 0 0 0 0 0 0 0 0 0 0 0
0 0 0 0 0 0 0 0 0 0 0 0 0 0 0 0.226812729532697 0.382209844606337 0.377771791058008 0.396917276978676 0.374163593765081 0.37811701915834 0.414080122875813 0.428675740033052 0.366389721015817 0.363543690881284 0.363188349119612 0.402512281086601 0.40492786105679 0.444041543067186 0.421498082122834 0.421766837717218 0.441456980808088 0.417978013322136 0.426856460144143 0.442855037718163 0.446398974151741 0.446963335189385 0.449767863016005 0.452426378925249 0.460484227367791 0.506824038736325 0.46643742146224 0.43730559841356 0.420129975224588 0.428143772953893 0.446594741981645 0.433004458993136 0.444223144732466 0.434584044786416 0.878862846918709 0.974527552096229 0.909348305082524 0.881671127573994 0.747915890754238 0.826208995170681 0.822629238349361 0.760097463838457 0.818001856637935 0.690615896911207 0.647121209302362 0.714934481522796 0.803583865905781 0.756059931514035 0.773801626765916 0.767547645154995 0.747715934659532 0.849802996841913 0.831820650687483 0.787133332486613 0.723617831730204 0.75627378154939 0.712021144097492 0.652806421549317 0.626170204748434 0.665983242944992 0.566997525029164 0.403641298570559 0.449306992127996 0.442627618249233 0.351608663667346 0.364832209425764 0.362097753931412 0.408996178560788 0.4463650933735 0.385304279429268 0.223698754990816 0.0695129731477404 0 0 0 0 0 0 0 0 0 0 0 0 0
0 0 0 0 0 0 0 0 0 0 0 0 0 0 0 0 0.181554692528029 0.397837056314573 0.393908555787263 0.381266069625037 0.386767187285588 0.420931651562966 0.450779568229195 0.453956839605618 0.480322167198391 0.439020763927866 0.418980597363138 0.428599919152885 0.444228580225648 0.440764268483762 0.457929475359268 0.44243588726332 0.418122024885175 0.410140225234948 0.414174618010167 0.419985242568885 0.401066808320473 0.402334476022831 0.461800118369881 0.448593632201885 0.413504535908053 0.414028480061777 0.426839939363352 0.436059388729584 0.42188964376453 0.439125453469043 0.413015628309945 0.436365321652838 0.449569442121465 0.672007994827621 0.906141269274791 0.923232751319782 0.937517954039497 0.94088848545224 0.945569044144492 0.925688909391432 0.87917370615503 0.913366454269776 0.76597191830599 0.541568197308663 0.646442597899103 0.734125523019856 0.566221515128705 0.598590207162043 0.679032535336682 0.725367106686981 0.858484338269313 0.843642782995065 0.811438382602645 0.801021399316032 0.809615180739529 0.752481362886964 0.750078921858804 0.70105228376249 0.707197722168922 0.513405634709521 0.475057348941132 0.442777931248872 0.475848202803382 0.446509692158053 0.462227944054583 0.358520311084356 0.382465096349697 0.424188632513339 0.291610657784063 0.0294583689081403 0 0 0 0 0 0 0 0 0 0 0 0 0 0
0 0 0 0 0 0 0 0 0 0 0 0 0 0 0 0 0.042817551676748 0.41620789897953 0.375917865796149 0.390041472235803 0.422268560173203 0.441084876986492 0.46382740124456 0.472175507441869 0.478410411279044 0.43329678875652 0.403353120783885 0.41310654903925 0.429030520841639 0.440577234196585 0.430294132561599 0.428374174526693 0.43287928181534 0.413563266191979 0.40996253503375 0.397379909255834 0.40891399517986 0.424224047682619 0.417081367884011 0.409286764097822 0.450495662778487 0.445590066591008 0.419344212608766 0.404892163662232 0.406184336927107 0.446958384904788 0.424652108657343 0.45716366962433 0.47491562330503 0.450945057261133 0.80243723408315 0.951384690533242 0.948301364342606 0.917509670849297 0.960005663664985 0.92397452433308 0.858446434320932 0.907955111622786 0.76731341552637 0.422070493773264 0.194039475539912 0.18598793900049 0.294907329649948 0.392293634850233 0.513611944200672 0.652762139256631 0.831140506909445 0.831630275552933 0.848804966714331 0.814534508315778 0.849709957794265 0.82556758443114 0.796594273244103 0.753909918400148 0.580072570324533 0.464461352938114 0.471356607333758 0.457626399317344 0.466101359346215 0.476983123695824 0.445626778502116 0.424207056425385 0.392834954122377 0.423524621579111 0.224860200678212 0 0 0 0 0 0 0 0 0 0 0 0 0 0 0
0 0 0 0 0 0 0 0 0 0 0 0 0 0 0 0 0 0.233494851396051 0.383642501173693 0.414644015459831 0.462016783722099 0.463289114566067 0.462517997308768 0.42739397085491 0.411706513370788 0.393791425572002 0.3886083546799 0.409708188039112 0.397042622231921 0.413572879810961 0.430306980732028 0.419415305341129 0.42520916994798 0.405784049769693 0.441868467435071 0.437648050822608 0.445901307225726 0.414560072389969 0.40725477993389 0.413668863056134 0.427484872818898 0.448400507993307 0.436858504998489 0.439911285590435 0.415502321021011 0.396230884241225 0.432010793718684 0.490137745288705 0.646744841679973 0.670736770748534 0.528523379506455 0.866739039051058 0.9211319840105 0.892779883442459 0.934927135688342 0.909509528074472 0.862402867545542 0.871624072730143 0.621932204091688 0.254173809226576 0.132377599777176 0.272014460324527 0.278393025841309 0.354665511642903 0.427863869674713 0.596918463390747 0.778012443677164 0.86087348343139 0.860397754098614 0.861415671878213 0.841456650871863 0.854249180465973 0.829189929721366 0.742590539964309 0.488305995625338 0.479851158728656 0.454536461367013 0.449131005157168 0.435504157045226 0.444345024126274 0.449060244267133 0.413416375065177 0.428071877826044 0.470922546608723 0 0 0 0 0 0 0 0 0 0 0 0 0 0 0 0
0 0 0 0 0 0 0 0 0 0 0 0 0 0 0 0 0 0.0454205619343303 0.434973702961143 0.469939683444531 0.493621769075198 0.44111840825013 0.408329746850175 0.405512460347539 0.389040491257365 0.383812796863656 0.393118188111894 0.394960502777915 0.424524243425091 0.406546421092298 0.396240561403549 0.412002387950357 0.406765622895221 0.375105469190626 0.406911526879403 0.365821279278065 0.406976661915067 0.414205847901988 0.411557710942123 0.419793569182444 0.430187613064002 0.423428999465478 0.415384908594238 0.421625167463028 0.408306736853721 0.38899822598939 0.42476806329785 0.514953039510569 0.652174351960211 0.75291202346363 0.674609339502025 0.732909607277104 0.855917205984024 0.939059821249848 0.939247891995073 0.897204712123946 0.836817543207636 0.729410964881793 0.335712491755625 0.289318018390982 0.495060651187127 0.526836104319796 0.348782100091352 0.35223267346001 0.349972885092578 0.453645370313882 0.720293572060284 0.826984402467036 0.834089401786426 0.860767348521488 0.868176804529904 0.843990939261194 0.849160290696852 0.68615649901436 0.480131824331874 0.406381460724431 0.439943107972273 0.470695337311475 0.475361078721486 0.45045913082532 0.447143636724865 0.427193790778944 0.364847295175505 0.262096401452281 0 0 0 0 0 0 0 0 0 0 0 0 0 0 0 0
0 0 0 0 0 0 0 0 0 0 0 0 0 0 0 0 0 0 0.172799008385545 0.470481257255914 0.435877694512389 0.407125709612112 0.370779077291154 0.392928779706889 0.414143570068287 0.416894913568992 0.371143255880529 0.370985670068496 0.402129839006051 0.425272854771304 0.428170977777338 0.401024140459437 0.39842449065006 0.397607237347197 0.463662495406205 0.44994273833441 0.399889612920011 0.408296756532421 0.419783133432229 0.405903081996285 0.414617437898531 0.435733024585654 0.402950147927927 0.400340280304751 0.417218818244014 0.387709630304436 0.441523682417582 0.582241583710402 0.709604061023376 0.789493669444013 0.808721834025659 0.673719252159594 0.82674250911153 0.963668870618912 0.914537551435289 0.901696081111491 0.805260063424005 0.570408891651618 0.369188187662743 0.631379982473289 0.679334771540347 0.555276420849034 0.413040987651439 0.376855710661879 0.362252383692278 0.384509446976882 0.541061480617543 0.703539077521957 0.864802050465123 0.861668720908152 0.850835468998508 0.813985137506977 0.846271805273461 0.798167085960482 0.576426190190183 0.479181005184706 0.447972720523129 0.574121484343854 0.549263638202798 0.448693619915484 0.402615843956675 0.436514230521025 0.383172615996923 0.0951101223981389 0 0 0 0 0 0 0 0 0 0 0 0 0 0 0 0
0 0 0 0 0 0 0 0 0 0 0 0 0 0 0 0 0 0 0 0.457115711065131 0.414428428129472 0.400757879875219 0.409997970284981 0.42058284099451 0.440941405739214 0.419723314723197 0.397803788098465 0.396350510897378 0.3718861913724 0.409018465761738 0.397808710605882 0.398543820767781 0.449284070266044 0.464292366385225 0.468180691581829 0.503326259834104 0.413456753442133 0.419907883711686 0.431120182184023 0.429443039990537 0.414094984323003 0.418416106221307 0.413770167083382 0.399642026567031 0.404231594605419 0.393128126754638 0.479310284350385 0.66407061975838 0.778218795377984 0.806903743637142 0.819729272980514 0.846673692466754 0.924242249574587 0.970680743250545 0.945204184924694 0.824365018906292 0.799627134623495 0.626372113456368 0.518307127618057 0.68456510205096 0.661387229099873 0.410380583337178 0.402693433673367 0.380934401082866 0.362926763908982 0.379220222130236 0.37042662542371 0.765208631986817 0.840270773194795 0.835398481767238 0.776524984105969 0.790680238878636 0.778808358260648 0.824403095391465 0.739223638277549 0.537524406200561 0.446188528010083 0.60418905230723 0.520106887538187 0.451032282248491 0.404279711248594 0.424235315141793 0.254043635892785 0 0 0 0 0 0 0 0 0 0 0 0 0 0 0 0 0
0 0 0 0 0 0 0 0 0 0 0 0 0 0 0 0 0 0 0 0.0433773105161306 0.480333102107087 0.473682592848945 0.458061875680611 0.424395491806181 0.428879128087796 0.429060221075224 0.443511759167001 0.411685814963837 0.405832116044396 0.360487157943922 0.379301869751822 0.435173638752272 0.460198803629898 0.505490258591433 0.502652340573161 0.486938120450792 0.437690568010324 0.403257588613159 0.413777625482198 0.417583505709917 0.394588648799476 0.396232303277921 0.399184326422882 0.404911148748332 0.37757978721472 0.417279701108937 0.516605845115287 0.687937133139003 0.820631176385194 0.822886474736621 0.839701181331752 0.864227219931955 0.900037906084634 0.970044467119812 0.931937894387045 0.843596681111176 0.738312652842356 0.568311375779225 0.524463818804633 0.673193974883496 0.557591877599171 0.389481174949222 0.353755280962413 0.356173403577652 0.362401561667268 0.385539195051895 0.549694758536616 0.668217100371332 0.811922696014585 0.775410219770391 0.786337886413803 0.767314265247254 0.75927620266149 0.793044550806084 0.77590440845615 0.71696147094015 0.533249186201333 0.59615997018033 0.488909598044272 0.434516715124666 0.40178192477507 0.316570207572509 0 0 0 0 0 0 0 0 0 0 0 0 0 0 0 0 0 0
0 0 0 0 0 0 0 0 0 0 0 0 0 0 0 0 0 0 0 0 0.122898127264765 0.45380372484625 0.468505978922836 0.431945667959128 0.445825447340923 0.435745543263108 0.45508085245054 0.412269784095582 0.433032228513027 0.382902620377617 0.362243569255226 0.45726666536402 0.439807208913668 0.505283043794876 0.478471406927332 0.471427276075785 0.413509689716903 0.390947207440321 0.404126003184183 0.391705080395342 0.391913094439397 0.415209138977568 0.402771673505122 0.405040577199225 0.398590588042443 0.40575818464655 0.532886118241497 0.673943635456752 0.839928187917808 0.832194231947161 0.832070924645768 0.877922538230916 0.92222081618474 0.881865296350249 0.94549598560305 0.863451030714824 0.739324527109291 0.447196804870208 0.489223810069472 0.632789260145952 0.423197632827936 0.374809705864031 0.354174815920364 0.36679861716878 0.372724627774769 0.403315897869178 0.519891456762726 0.774318485761727 0.771709875689528 0.691875566728441 0.733690578912553 0.775512593950511 0.814100510753125 0.760911529623485 0.781250349204458 0.74989687126123 0.600232900724987 0.489298588093326 0.423377976467523 0.394308892347312 0.212932273722492 0 0 0 0 0 0 0 0 0 0 0 0 0 0 0 0 0 0 0
0 0 0 0 0 0 0 0 0 0 0 0 0 0 0 0 0 0 0 0 0 0.0804520635170446 0.344314615648678 0.453638792723078 0.437815713218432 0.463855352562926 0.479457154862157 0.433755861763367 0.380180943710738 0.402017588451203 0.367082401321933 0.443265810857224 0.496322240247989 0.487510946755783 0.480608691114711 0.436521663920182 0.421235403496609 0.360114144160176 0.405835093047621 0.382652505168184 0.390640989875556 0.435155151819474 0.390373943381316 0.38831199217914 0.407582683202317 0.452349509720276 0.568067242360636 0.67299861412439 0.859028371353552 0.90535094470608 0.875291028438252 0.900354934968234 0.922733987537086 0.876304046449913 0.872429667966865 0.872956225275076 0.770044863395256 0.3146854991552 0.412069782997294 0.529703060715724 0.250083144705586 0.336683418267173 0.34850701737223 0.345429661361401 0.445356377929906 0.549581948050909 0.483367518202076 0.637899739636879 0.754687378518192 0.518061789784649 0.72124188095108 0.763689066554814 0.76392795206061 0.658528771105487 0.592754255965242 0.603545385979728 0.470483350803434 0.452742082559394 0.446015395787609 0.0969334910859614 0 0 0 0 0 0 0 0 0 0 0 0 0 0 0 0 0 0 0 0
0 0 0 0 0 0 0 0 0 0 0 0 0 0 0 0 0 0 0 0 0 0 0.133370194219293 0.431264592454479 0.457555974500833 0.495881481848282 0.472401722945133 0.449306623447447 0.404929466725085 0.414630904125157 0.404845946739389 0.417716002417021 0.439960236870901 0.475360651347111 0.451519306287165 0.408151129326009 0.36814235036989 0.403942252423577 0.433906897060837 0.401556080796102 0.397722787780978 0.439807924982401 0.380711206918257 0.394875412338647 0.43570488607835 0.475055032278523 0.551833361150948 0.599195751684086 0.826888839663582 0.940201621614781 0.933991010868265 0.931019612539709 0.938290418180883 0.879244946785157 0.865933561907515 0.860756114679109 0.737136835301641 0.256439558727857 0.368406437809881 0.449051634823744 0.390240871642057 0.400411425463156 0.365193745406861 0.366651734888605 0.444514447275879 0.526646959915043 0.517717139757582 0.503159912446441 0.635746527375763 0.514603468374025 0.597703153219774 0.741322396844851 0.695477886340365 0.477583733622066 0.44848999220904 0.418126692783848 0.438020381451508 0.435021835832097 0.260395146387695 0 0 0 0 0 0 0 0 0 0 0 0 0 0 0 0 0 0 0 0 0
0 0 0 0 0 0 0 0 0 0 0 0 0 0 0 0 0 0 0 0 0 0 0 0.103217258996256 0.420213754151857 0.481003981014239 0.497423522456351 0.429405548784054 0.395082970664627 0.42553296739468 0.407288671258975 0.421580887698702 0.44141996137239 0.528386247002165 0.45974614341557 0.440954549953682 0.383822862570133 0.385667588988216 0.393365859072397 0.418210562958199 0.437727561916563 0.42504525407042 0.393602082721352 0.384732795092626 0.399954958897143 0.502045187107633 0.555601502372827 0.553666480438539 0.811314852106825 0.892764189892236 0.917244825939374 0.901076343525622 0.908835692355548 0.855417696981078 0.849907605210095 0.843051551152553 0.831240518009039 0.344203389021894 0.336775652055261 0.491121305165533 0.44886398649322 0.385854934526295 0.35836351339859 0.342653149020708 0.528372654600929 0.548873195786141 0.536030593756164 0.464086672100624 0.491280465823635 0.520691764118148 0.536891622147205 0.72174829175488 0.660809203044152 0.452912127673135 0.355379138658245 0.382599360208848 0.355193439111038 0.00838510074219537 0 0 0 0 0 0 0 0 0 0 0 0 0 0 0 0 0 0 0 0 0 0
0 0 0 0 0 0 0 0 0 0 0 0 0 0 0 0 0 0 0 0 0 0 0 0 0 0.48131234748221 0.493362861510531 0.468304875913775 0.394934149650962 0.455987547714878 0.434521872029705 0.416395924731664 0.444176434698612 0.472262237479647 0.432363941681757 0.39192260435507 0.34939774871602 0.457045169325857 0.429816180855063 0.43641605439457 0.431218981804351 0.443002774803475 0.434575821119496 0.401121656781636 0.417694518208239 0.493281517349542 0.494919283046734 0.529337051754218 0.742006691551141 0.916874868572622 0.92620050400603 0.889761832903109 0.842533683740772 0.854613800950075 0.851472759728407 0.852263639577135 0.840502851844283 0.452070572958194 0.33862010311384 0.390479882047796 0.341666766445867 0.347204108154687 0.365156507687887 0.487265146238204 0.600035704026909 0.572413398242267 0.508907729167803 0.440980881804665 0.397017840827308 0.519300811943053 0.416067422891 0.656524028890417 0.566747962118305 0.416534557128945 0.277047230842047 0 0 0 0 0 0 0 0 0 0 0 0 0 0 0 0 0 0 0 0 0 0 0 0 0
0 0 0 0 0 0 0 0 0 0 0 0 0 0 0 0 0 0 0 0 0 0 0 0 0 0 0.462574004415966 0.444803771317935 0.460103088723053 0.494376233376836 0.440876746032131 0.444292240981711 0.484561102269437 0.475917852578663 0.443475667603084 0.416864991502856 0.412785993541542 0.422484533661644 0.447644288005095 0.45229547960371 0.461501146968777 0.417554618728153 0.379582505323584 0.334469226052469 0.36758146611883 0.422958155731084 0.446454174221795 0.433385547427423 0.629038359798248 0.913231336871634 0.879507266486255 0.734237696890591 0.666663010956385 0.706003801555933 0.874135733268252 0.862849816452788 0.744453678585703 0.444265450663983 0.44442473516308 0.434135104827173 0.384074064164814 0.344146223180792 0.532916158131973 0.506060131864071 0.587966008503829 0.472947626516882 0.490285399954545 0.447275683879387 0.422425519000449 0.453061234058759 0.503468414014337 0.481932947524517 0.43338069339089 0.29480880636545 0 0 0 0 0 0 0 0 0 0 0 0 0 0 0 0 0 0 0 0 0 0 0 0 0 0
0 0 0 0 0 0 0 0 0 0 0 0 0 0 0 0 0 0 0 0 0 0 0 0 0 0 0.0182824958376516 0.378237465044934 0.465746756175067 0.477919652198727 0.456269022004316 0.480783038937492 0.477410235415259 0.481276258478128 0.371720971086633 0.404538596235082 0.396371811300604 0.417691367793525 0.451242939906661 0.447826441567665 0.429983422759991 0.430778350392971 0.421775079237385 0.399898084945598 0.418733812323094 0.388915234588429 0.414970637193292 0.452210899482841 0.619350801107703 0.90702243877126 0.906448111275006 0.663080845060208 0.417411853744356 0.487808654052243 0.810195159308814 0.845028154841962 0.712424265485928 0.469704506341483 0.54039984623836 0.622395107297826 0.612999677330179 0.545739539686164 0.606636304006922 0.548129381362859 0.561603838884617 0.55308657853894 0.540253698119495 0.486951250822239 0.553571612577345 0.469445768882949 0.464081610793201 0.402113580531201 0.315819126119401 0.00440989532036168 0 0 0 0 0 0 0 0 0 0 0 0 0 0 0 0 0 0 0 0 0 0 0 0 0 0
0 0 0 0 0 0 0 0 0 0 0 0 0 0 0 0 0 0 0 0 0 0 0 0 0 0 0 0.0243164849333222 0.0672844663592027 0.52893466735707 0.490236437268934 0.464958398248168 0.44133679379422 0.429126844447266 0.379222720414939 0.421179973846975 0.466049925636391 0.406083012349086 0.409793065333124 0.480758415353267 0.461673340474938 0.405685761849971 0.379736754416495 0.390873534010998 0.476423077889671 0.381361974389496 0.403784359018761 0.458073610983615 0.556753054044689 0.883958253021702 0.895242285323042 0.556827159522832 0.431063454431995 0.450875678010266 0.673544050225402 0.820940662428345 0.583019469595716 0.505975295455881 0.536516345876942 0.590156060736444 0.728277123084585 0.565260621973314 0.61470906473854 0.527783388280958 0.551348608949651 0.4816489972571 0.397476615665666 0.427243641607164 0.209115259513009 0.235295077458486 0.276428969037325 0.041650767129291 0 0 0 0 0 0 0 0 0 0 0 0 0 0 0 0 0 0 0 0 0 0 0 0 0 0 0 0
0 0 0 0 0 0 0 0 0 0 0 0 0 0 0 0 0 0 0 0 0 0 0 0 0 0 0 0 0 0.00537331308592873 0.198536415168422 0.360577201319412 0.480948286611614 0.459273454959173 0.445183644383375 0.454571520502776 0.435490961706269 0.412187013015796 0.438066573210768 0.484029774656207 0.44135303810935 0.388931460301509 0.395398819025602 0.386300613511579 0.466706977365037 0.376884796505254 0.416950663141741 0.451327099113711 0.467880420794482 0.871539707943239 0.873568126695626 0.524477184145467 0.449105963802524 0.401446396091983 0.637641569818863 0.785994202654671 0.544703018864065 0.479369890383639 0.503068546450175 0.60701966224921 0.723778450592904 0.455706689389971 0.359588860519905 0.207232431102254 0.191929807828763 0.182266831003236 0.310285610361948 0.108428789913419 0.0588094792003209 0.0350245215391637 0 0 0 0 0 0 0 0 0 0 0 0 0 0 0 0 0 0 0 0 0 0 0 0 0 0 0 0 0 0
0 0 0 0 0 0 0 0 0 0 0 0 0 0 0 0 0 0 0 0 0 0 0 0 0 0 0 0 0 0 0.0153159771849166 0.237123778438115 0.529314150546639 0.496730133637725 0.418660515222995 0.45702474174166 0.419371864885914 0.410789411263832 0.433478266688995 0.467869310067897 0.434836315461902 0.41275003430265 0.385900814637957 0.380481295737961 0.467069043305203 0.397865278491755 0.425920357713405 0.453102141609263 0.494197223872022 0.866721575085397 0.855197066967639 0.613611206629753 0.393606496944333 0.442366760633135 0.527826391567037 0.626844028283242 0.434239224974506 0.451958210794984 0.53464689229066 0.484144201180007 0.317192648602296 0.233786185968822 0.273326315361422 0.225316505741786 0.0951593736525402 0.0469371975642485 0 0 0 0 0 0 0 0 0 0 0 0 0 0 0 0 0 0 0 0 0 0 0 0 0 0 0 0 0 0 0 0 0 0
0 0 0 0 0 0 0 0 0 0 0 0 0 0 0 0 0 0 0 0 0 0 0 0 0 0 0 0 0 0 0 0 0.160291672307823 0.150651517432159 0.339355383652017 0.476125607163802 0.433938879056387 0.413173800741564 0.421760682272936 0.471215728957719 0.435271285895988 0.411459166388215 0.405634563387548 0.362042618913451 0.448856544466438 0.426519506410331 0.451309070094908 0.419379633146216 0.524284345559978 0.753932949617494 0.637661514054677 0.548275010041303 0.375619054622488 0.503896258288632 0.414672531373664 0.441552367091408 0.355755490316444 0.380147116423387 0.415681922803397 0.354713235622852 0.435245306265 0.359396353632494 0.235035972376383 0.00683602598070956 0 0 0 0 0 0 0 0 0 0 0 0 0 0 0 0 0 0 0 0 0 0 0 0 0 0 0 0 0 0 0 0 0 0 0 0
0 0 0 0 0 0 0 0 0 0 0 0 0 0 0 0 0 0 0 0 0 0 0 0 0 0 0 0 0 0 0 0 0 0 0 0.0639096990700538 0.356698441954131 0.435725269782168 0.451633828651851 0.523215974793273 0.456527057495478 0.41092502506654 0.415794822876626 0.391361644601459 0.42566872085832 0.418788405125747 0.37905189795717 0.471269038567812 0.519636331273316 0.501728701734338 0.478171806734349 0.450029443696443 0.3793059473741 0.442230717395204 0.360797747838043 0.220577918429063 0.35912680628192 0.133352172843262 0.128604454243284 0.144693137667357 0.149123399583812 0 0 0 0 0 0 0 0 0 0 0 0 0 0 0 0 0 0 0 0 0 0 0 0 0 0 0 0 0 0 0 0 0 0 0 0 0 0 0
0 0 0 0 0 0 0 0 0 0 0 0 0 0 0 0 0 0 0 0 0 0 0 0 0 0 0 0 0 0 0 0 0 0 0 0 0 0.234711282837822 0.388186353298745 0.362108088855502 0.46636346098435 0.450539149652273 0.460567826723322 0.477290605819629 0.425384838830325 0.403421969012144 0.238545642367375 0.346336265717647 0.304376237487383 0.319455232987877 0.331104274019135 0.279567572666672 0.261330462622536 0.288417052933157 0.289324907228428 0.214717548053214 0.0254047381235403 0 0 0 0 0 0 0 0 0 0 0 0 0 0 0 0 0 0 0 0 0 0 0 0 0 0 0 0 0 0 0 0 0 0 0 0 0 0 0 0 0 0 0
0 0 0 0 0 0 0 0 0 0 0 0 0 0 0 0 0 0 0 0 0 0 0 0 0 0 0 0 0 0 0 0 0 0 0 0 0 0 0 0 0.0667489949503652 0.272733590882638 0.22399673873031 0.229239017065618 0.137718628294597 0.0347697815544367 0 0 0 0 0 0 0 0 0 0 0 0 0 0 0 0 0 0 0 0 0 0 0 0 0 0 0 0 0 0 0 0 0 0 0 0 0 0 0 0 0 0 0 0 0 0 0 0 0 0 0 0 0 0
0 0 0 0 0 0 0 0 0 0 0 0 0 0 0 0 0 0 0 0 0 0 0 0 0 0 0 0 0 0 0 0 0 0 0 0 0 0 0 0 0 0 0 0 0 0 0 0 0 0 0 0 0 0 0 0 0 0 0 0 0 0 0 0 0 0 0 0 0 0 0 0 0 0 0 0 0 0 0 0 0 0 0 0 0 0 0 0 0 0 0 0 0 0 0 0 0 0 0 0
0 0 0 0 0 0 0 0 0 0 0 0 0 0 0 0 0 0 0 0 0 0 0 0 0 0 0 0 0 0 0 0 0 0 0 0 0 0 0 0 0 0 0 0 0 0 0 0 0 0 0 0 0 0 0 0 0 0 0 0 0 0 0 0 0 0 0 0 0 0 0 0 0 0 0 0 0 0 0 0 0 0 0 0 0 0 0 0 0 0 0 0 0 0 0 0 0 0 0 0
0 0 0 0 0 0 0 0 0 0 0 0 0 0 0 0 0 0 0 0 0 0 0 0 0 0 0 0 0 0 0 0 0 0 0 0 0 0 0 0 0 0 0 0 0 0 0 0 0 0 0 0 0 0 0 0 0 0 0 0 0 0 0 0 0 0 0 0 0 0 0 0 0 0 0 0 0 0 0 0 0 0 0 0 0 0 0 0 0 0 0 0 0 0 0 0 0 0 0 0
0 0 0 0 0 0 0 0 0 0 0 0 0 0 0 0 0 0 0 0 0 0 0 0 0 0 0 0 0 0 0 0 0 0 0 0 0 0 0 0 0 0 0 0 0 0 0 0 0 0 0 0 0 0 0 0 0 0 0 0 0 0 0 0 0 0 0 0 0 0 0 0 0 0 0 0 0 0 0 0 0 0 0 0 0 0 0 0 0 0 0 0 0 0 0 0 0 0 0 0
0 0 0 0 0 0 0 0 0 0 0 0 0 0 0 0 0 0 0 0 0 0 0 0 0 0 0 0 0 0 0 0 0 0 0 0 0 0 0 0 0 0 0 0 0 0 0 0 0 0 0 0 0 0 0 0 0 0 0 0 0 0 0 0 0 0 0 0 0 0 0 0 0 0 0 0 0 0 0 0 0 0 0 0 0 0 0 0 0 0 0 0 0 0 0 0 0 0 0 0
0 0 0 0 0 0 0 0 0 0 0 0 0 0 0 0 0 0 0 0 0 0 0 0 0 0 0 0 0 0 0 0 0 0 0 0 0 0 0 0 0 0 0 0 0 0 0 0 0 0 0 0 0 0 0 0 0 0 0 0 0 0 0 0 0 0 0 0 0 0 0 0 0 0 0 0 0 0 0 0 0 0 0 0 0 0 0 0 0 0 0 0 0 0 0 0 0 0 0 0
0 0 0 0 0 0 0 0 0 0 0 0 0 0 0 0 0 0 0 0 0 0 0 0 0 0 0 0 0 0 0 0 0 0 0 0 0 0 0 0 0 0 0 0 0 0 0 0 0 0 0 0 0 0 0 0 0 0 0 0 0 0 0 0 0 0 0 0 0 0 0 0 0 0 0 0 0 0 0 0 0 0 0 0 0 0 0 0 0 0 0 0 0 0 0 0 0 0 0 0
0 0 0 0 0 0 0 0 0 0 0 0 0 0 0 0 0 0 0 0 0 0 0 0 0 0 0 0 0 0 0 0 0 0 0 0 0 0 0 0 0 0 0 0 0 0 0 0 0 0 0 0 0 0 0 0 0 0 0 0 0 0 0 0 0 0 0 0 0 0 0 0 0 0 0 0 0 0 0 0 0 0 0 0 0 0 0 0 0 0 0 0 0 0 0 0 0 0 0 0
0 0 0 0 0 0 0 0 0 0 0 0 0 0 0 0 0 0 0 0 0 0 0 0 0 0 0 0 0 0 0 0 0 0 0 0 0 0 0 0 0 0 0 0 0 0 0 0 0 0 0 0 0 0 0 0 0 0 0 0 0 0 0 0 0 0 0 0 0 0 0 0 0 0 0 0 0 0 0 0 0 0 0 0 0 0 0 0 0 0 0 0 0 0 0 0 0 0 0 0
0 0 0 0 0 0 0 0 0 0 0 0 0 0 0 0 0 0 0 0 0 0 0 0 0 0 0 0 0 0 0 0 0 0 0 0 0 0 0 0 0 0 0 0 0 0 0 0 0 0 0 0 0 0 0 0 0 0 0 0 0 0 0 0 0 0 0 0 0 0 0 0 0 0 0 0 0 0 0 0 0 0 0 0 0 0 0 0 0 0 0 0 0 0 0 0 0 0 0 0
0 0 0 0 0 0 0 0 0 0 0 0 0 0 0 0 0 0 0 0 0 0 0 0 0 0 0 0 0 0 0 0 0 0 0 0 0 0 0 0 0 0 0 0 0 0 0 0 0 0 0 0 0 0 0 0 0 0 0 0 0 0 0 0 0 0 0 0 0 0 0 0 0 0 0 0 0 0 0 0 0 0 0 0 0 0 0 0 0 0 0 0 0 0 0 0 0 0 0 0
0 0 0 0 0 0 0 0 0 0 0 0 0 0 0 0 0 0 0 0 0 0 0 0 0 0 0 0 0 0 0 0 0 0 0 0 0 0 0 0 0 0 0 0 0 0 0 0 0 0 0 0 0 0 0 0 0 0 0 0 0 0 0 0 0 0 0 0 0 0 0 0 0 0 0 0 0 0 0 0 0 0 0 0 0 0 0 0 0 0 0 0 0 0 0 0 0 0 0 0
0 0 0 0 0 0 0 0 0 0 0 0 0 0 0 0 0 0 0 0 0 0 0 0 0 0 0 0 0 0 0 0 0 0 0 0 0 0 0 0 0 0 0 0 0 0 0 0 0 0 0 0 0 0 0 0 0 0 0 0 0 0 0 0 0 0 0 0 0 0 0 0 0 0 0 0 0 0 0 0 0 0 0 0 0 0 0 0 0 0 0 0 0 0 0 0 0 0 0 0
