0 0 0 0 0 0 0 0 0 0 0 0 0 0 0 0 0 0 0 0 0 0 0 0 0 0 0 0 0 0 0 0 0 0 0 0 0 0 0 0 0 0 0 0 0 0 0 0 0 0 0 0 0 0 0 0 0 0 0 0 0 0 0 0 0 0 0 0 0 0 0 0 0 0 0 0 0 0 0 0 0 0 0 0 0 0 0 0 0 0 0 0 0 0 0 0 0 0 0 0
0 0 0 0 0 0 0 0 0 0 0 0 0 0 0 0 0 0 0 0 0 0 0 0 0 0 0 0 0 0 0 0 0 0 0 0 0 0 0 0 0 0 0 0 0 0 0 0 0 0 0 0 0 0 0 0 0 0 0 0 0 0 0 0 0 0 0 0 0 0 0 0 0 0 0 0 0 0 0 0 0 0 0 0 0 0 0 0 0 0 0 0 0 0 0 0 0 0 0 0
0 0 0 0 0 0 0 0 0 0 0 0 0 0 0 0 0 0 0 0 0 0 0 0 0 0 0 0 0 0 0 0 0 0 0 0 0 0 0 0 0 0 0 0 0 0 0 0 0 0 0 0 0 0 0 0 0 0 0 0 0 0 0 0 0 0 0 0 0 0 0 0 0 0 0 0 0 0 0 0 0 0 0 0 0 0 0 0 0 0 0 0 0 0 0 0 0 0 0 0
0 0 0 0 0 0 0 0 0 0 0 0 0 0 0 0 0 0 0 0 0 0 0 0 0 0 0 0 0 0 0 0 0 0 0 0 0 0 0 0 0 0 0 0 0 0 0 0 0 0 0 0 0 0 0 0 0 0 0 0 0 0 0 0 0 0 0 0 0 0 0 0 0 0 0 0 0 0 0 0 0 0 0 0 0 0 0 0 0 0 0 0 0 0 0 0 0 0 0 0
0 0 0 0 0 0 0 0 0 0 0 0 0 0 0 0 0 0 0 0 0 0 0 0 0 0 0 0 0 0 0 0 0 0 0 0 0 0 0 0 0 0 0 0 0 0 0 0 0 0 0 0 0 0 0 0 0 0 0 0 0 0 0 0 0 0 0 0 0 0 0 0 0 0 0 0 0 0 0 0 0 0 0 0 0 0 0 0 0 0 0 0 0 0 0 0 0 0 0 0
0 0 0 0 0 0 0 0 0 0 0 0 0 0 0 0 0 0 0 0 0 0 0 0 0 0 0 0 0 0 0 0 0 0 0 0 0 0 0 0 0 0 0 0 0 0 0 0 0 0 0 0 0 0 0 0 0 0 0 0 0 0 0 0 0 0 0 0 0 0 0 0 0 0 0 0 0 0 0 0 0 0 0 0 0 0 0 0 0 0 0 0 0 0 0 0 0 0 0 0
0 0 0 0 0 0 0 0 0 0 0 0 0 0 0 0 0 0 0 0 0 0 0 0 0 0 0 0 0 0 0 0 0 0 0 0 0 0 0 0 0 0 0 0 0 0 0 0 0 0 0 0 0 0 0 0 0 0 0 0 0 0 0 0 0 0 0 0 0 0 0 0 0 0 0 0 0 0 0 0 0 0 0 0 0 0 0 0 0 0 0 0 0 0 0 0 0 0 0 0
0 0 0 0 0 0 0 0 0 0 0 0 0 0 0 0 0 0 0 0 0 0 0 0 0 0 0 0 0 0 0 0 0 0 0 0 0 0 0 0 0 0 0 0 0 0 0 0 0 0 0 0 0 0 0 0 0 0 0 0 0 0 0 0 0 0 0 0 0 0 0 0 0 0 0 0 0 0 0 0 0 0 0 0 0 0 0 0 0 0 0 0 0 0 0 0 0 0 0 0
0 0 0 0 0 0 0 0 0 0 0 0 0 0 0 0 0 0 0 0 0 0 0 0 0 0 0 0 0 0 0 0 0 0 0 0 0 0 0 0 0 0 0 0 0 0 0 0 0 0 0 0 0 0 0 0 0 0 0 0 0 0 0 0 0 0 0 0 0 0 0 0 0 0 0 0 0 0 0 0 0 0 0 0 0 0 0 0 0 0 0 0 0 0 0 0 0 0 0 0
0 0 0 0 0 0 0 0 0 0 0 0 0 0 0 0 0 0 0 0 0 0 0 0 0 0 0 0 0 0 0 0 0 0 0 0 0 0 0 0 0 0 0 0 0 0 0 0 0 0 0 0 0 0 0 0 0 0 0 0 0 0 0 0 0 0 0 0 0 0 0 0 0 0 0 0 0 0 0 0 0 0 0 0 0 0 0 0 0 0 0 0 0 0 0 0 0 0 0 0
0 0 0 0 0 0 0 0 0 0 0 0 0 0 0 0 0 0 0 0 0 0 0 0 0 0 0 0 0 0 0 0 0 0 0 0 0 0 0 0 0 0 0 0 0 0 0 0 0 0 0 0 0 0 0 0 0 0 0 0 0 0 0 0 0 0 0 0 0 0 0 0 0 0 0 0 0 0 0 0 0 0 0 0 0 0 0 0 0 0 0 0 0 0 0 0 0 0 0 0
0 0 0 0 0 0 0 0 0 0 0 0 0 0 0 0 0 0 0 0 0 0 0 0 0 0 0 0 0 0 0 0 0 0 0 0 0 0 0 0 0 0 0 0 0 0 0 0 0 0 0 0 0 0 0 0 0 0 0 0 0 0 0 0 0 0 0 0 0 0 0 0 0 0 0 0 0 0 0 0 0 0 0 0 0 0 0 0 0 0 0 0 0 0 0 0 0 0 0 0
0 0 0 0 0 0 0 0 0 0 0 0 0 0 0 0 0 0 0 0 0 0 0 0 0 0 0 0 0 0 0 0 0 0 0 0 0 0 0 0 0 0 0 0 0 0 0 0 0 0 0 0 0 0 0 0 0 0 0 0 0 0 0 0 0 0 0 0 0 0 0 0 0 0 0 0 0 0 0 0 0 0 0 0 0 0 0 0 0 0 0 0 0 0 0 0 0 0 0 0
0 0 0 0 0 0 0 0 0 0 0 0 0 0 0 0 0 0 0 0 0 0 0 0 0 0 0 0 0 0 0 0 0 0 0 0 0 0 0 0.206309593108716 0.137291701918187 0.158807712838848 0.159834542288673 0 0 0 0 0 0 0 0 0 0 0 0 0 0 0 0 0 0 0 0 0 0 0 0 0 0 0 0 0 0 0 0 0 0 0 0 0 0 0 0 0 0 0 0 0 0 0 0 0 0 0 0 0 0 0 0 0
0 0 0 0 0 0 0 0 0 0 0 0 0 0 0 0 0 0 0 0 0 0 0 0 0 0 0 0 0 0 0 0 0 0 0 0.218613504041197 0.263584937184801 0.434016503065033 0.467450352252264 0.460047966055686 0.317716030526311 0.273677470992486 0.320891985274324 0.437653651538654 0.479089352440006 0.495695063562328 0.458052846546121 0.0158042375623546 0.0845740891338437 0.178327711116883 0.111471541734727 0.560896536801011 0.508115833112072 0.423294770812987 0.233524205102203 0.0763274635306906 0 0 0 0 0 0 0 0 0 0 0 0 0 0 0 0 0 0 0 0 0 0 0 0 0 0 0 0 0 0 0 0 0 0 0 0 0 0 0 0 0 0 0 0
0 0 0 0 0 0 0 0 0 0 0 0 0 0 0 0 0 0 0 0 0 0 0 0 0 0 0 0 0 0 0 0 0 0.194321343645343 0.316320134679406 0.411292092686984 0.404122431076679 0.436257627606595 0.385442218835317 0.445979850903701 0.385012752959634 0.276407809846259 0.435567001029336 0.446473183643158 0.406323091951683 0.440842217269219 0.429213366476247 0.000426995036888952 0.0172084140137674 0.142865049060263 0.434079135852537 0.415704102195979 0.422652736376722 0.504656087803682 0.457320573279468 0.492184781379377 0.0532418607134868 0.211312171078874 0.157369578490766 0.0190325343672894 0 0 0 0 0 0 0 0 0 0 0 0 0 0 0 0 0 0 0 0 0 0 0 0 0 0 0 0 0 0 0 0 0 0 0 0 0 0 0 0
0 0 0 0 0 0 0 0 0 0 0 0 0 0 0 0 0 0 0 0 0 0 0 0 0 0 0 0 0 0 0 0 0.43743322851054 0.378230835453575 0.44388215502593 0.402742269673625 0.422723890951102 0.360204750746504 0.4014211736253 0.421482996717242 0.396869230369211 0.376468966831145 0.421652321479193 0.388034500388961 0.368411710428964 0.458830548507251 0.158056110097744 0.116590849688356 0.0498419798448188 0.222167072085189 0.487789078131381 0.416058652371696 0.3786361473522 0.43001654048699 0.309063973857005 0.359392557625228 0.229225316355221 0.504923367022724 0.497057179779747 0.408534731468552 0.118265661184808 0.0326709184431946 0.0136436674773011 0 0 0 0 0 0 0 0 0 0 0 0 0 0 0 0 0 0 0 0 0 0 0 0 0 0 0 0 0 0 0 0 0 0 0 0 0
0 0 0 0 0 0 0 0 0 0 0 0 0 0 0 0 0 0 0 0 0 0 0 0 0 0 0 0 0 0 0.249657279115674 0.166359357900191 0.444644581766378 0.360925377631842 0.42839040650568 0.369656835967498 0.428003936391886 0.354931477488051 0.422972208495283 0.391599187007853 0.407652368773317 0.40308545543531 0.395300078138471 0.344072418895617 0.449786684670544 0.384543824975492 0.195839574964238 0.272058865749985 0.17916644378468 0.179166821750375 0.458094272173536 0.39279565410838 0.31150136992629 0.312556284374325 0.432608855622101 0.229497347583689 0.382088828206187 0.391996789218769 0.413710635631267 0.507138743695424 0.496366678297508 0.322159908202348 0.064337336295087 0.0267147537953557 0.0196849270378885 0 0 0 0 0 0 0 0 0 0 0 0 0 0 0 0 0 0 0 0 0 0 0 0 0 0 0 0 0 0 0 0 0 0 0
0 0 0 0 0 0 0 0 0 0 0 0 0 0 0 0 0 0 0 0 0 0 0 0 0 0 0 0.0224601246808685 0.0419120803047336 0.437100032549127 0.381913979201355 0.45769464101223 0.368423352721511 0.336551597962306 0.350254169706632 0.2989519622238 0.420653268617256 0.394731221746649 0.413912317596623 0.359882137601994 0.415793644769052 0.428364591862872 0.332192884497913 0.434999996305633 0.255915963954977 0.159650803066199 0.40833488754694 0.470562674175105 0.280868483975458 0.207330591017843 0.451606186768886 0.431854943621426 0.332374989964121 0.323571287344296 0.27775956058174 0.311965801287815 0.384008464877656 0.387136320296075 0.394751645949842 0.433407547936528 0.431302221372058 0.407257641599999 0.0491223019179211 0.144052457433225 0.298339481039974 0.120239565320136 0.0137067076431196 0.0351738136582569 0.0425765653282789 0 0 0 0 0 0 0 0 0 0 0 0 0 0 0 0 0 0 0 0 0 0 0 0 0 0 0 0 0 0 0
0 0 0 0 0 0 0 0 0 0 0 0 0 0 0 0 0 0 0 0 0 0 0 0 0 0 0.0572301112135113 0.2326137634817 0.249617320565377 0.392039993448908 0.367586982286629 0.403293496943627 0.401716926619057 0.464454361428798 0.313322240116928 0.324833821999368 0.428521763107217 0.404922649195203 0.378699752693878 0.384030950533688 0.331606806770429 0.372106792200646 0.329241008092213 0.433430290632844 0.220859704722949 0.208185703866115 0.440559026834135 0.411511482155496 0.38636266120051 0.253512708646508 0.354942222229318 0.412771751940906 0.348758656407696 0.347050397813532 0.120668876078147 0.409967689086116 0.356033535111899 0.344753577007958 0.379854350879456 0.439355851531277 0.457843524377736 0.27850306995217 0.17749263557521 0.399227943418233 0.450007282054388 0.289008339675409 0.0233625045315891 0.222631729780992 0.448953762515117 0.30430890576632 0.0258432955246785 0 0 0 0 0 0 0 0 0 0 0 0 0 0 0 0 0 0 0 0 0 0 0 0 0 0 0 0 0
0 0 0 0 0 0 0 0 0 0 0 0 0 0 0 0 0 0 0 0 0 0 0 0 0 0.0336872152651575 0.281862563261218 0.292270888389169 0.285153013568929 0.435226982942969 0.343369608559843 0.334982365269993 0.413753348848142 0.35559366834914 0.316014055119553 0.330813651639993 0.427402569885304 0.455124324656687 0.37751195247868 0.402686077719365 0.330906378413254 0.318105364719755 0.330254232286277 0.399644995197932 0.276773913973416 0.336481030672571 0.41439536837908 0.404878237164736 0.444520381112165 0.432886212656787 0.388197673519442 0.353997206467812 0.345142405695477 0.338261850670823 0.339206454868593 0.388384473818065 0.344452576714573 0.353500305531136 0.469025911023781 0.493656040108394 0.465075260273275 0.335269006527496 0.46901090960976 0.472909230579061 0.468377177775683 0.206429539929107 0.1591647187929 0.534556289654408 0.477416490602547 0.490268899227134 0.471065642822058 0.227434762672287 0.00502784481123621 0 0 0 0 0 0 0 0 0 0 0 0 0 0 0 0 0 0 0 0 0 0 0 0 0 0 0
0 0 0 0 0 0 0 0 0 0 0 0 0 0 0 0 0 0 0 0 0 0 0 0 0.292576607149181 0.320449725999858 0.343497271651306 0.38867052229233 0.392351119429793 0.385775755585023 0.381927339720343 0.332620280785843 0.385604227502068 0.337741167639357 0.325879029946442 0.310456793491408 0.413912790730666 0.413345600265058 0.384059498247161 0.401876243989026 0.328905379792855 0.380145875332716 0.393427056590156 0.422089895204854 0.333416984078272 0.308185397818471 0.41846949653751 0.385347197397298 0.41708622427703 0.463076772836913 0.479475632766425 0.37409330986834 0.361004950685441 0.410943426535523 0.431735708953057 0.362665127755155 0.306374940582994 0.414992529486882 0.436521748722118 0.45685011977773 0.450867316643705 0.265745537109036 0.437312519980431 0.377526823797667 0.466823307076694 0.352336965450908 0.462379403996893 0.424693608938223 0.401413115685473 0.47986948126349 0.531771839310221 0.499033460516258 0.32698371491853 0.0331100070801156 0 0 0 0 0 0 0 0 0 0 0 0 0 0 0 0 0 0 0 0 0 0 0 0 0 0
0 0 0 0 0 0 0 0 0 0 0 0 0 0 0 0 0 0 0 0 0 0 0 0.462114260841214 0.434961001810638 0.341700592743324 0.372195646160856 0.380239124665119 0.290755650717626 0.306753266548519 0.36032570255959 0.313740849057181 0.357270044600706 0.342529007331043 0.34871968243704 0.308071587402545 0.389146158478462 0.384644688044549 0.364320933081473 0.306217845252111 0.334012674541092 0.3777891160323 0.406083411961816 0.426126247706395 0.365796306406716 0.270893789902684 0.365125181298652 0.403333963059116 0.398188057801416 0.402608200678649 0.348716227517059 0.334212699781988 0.34376920915349 0.334466052479416 0.353201957622922 0.348344585132643 0.389399416154682 0.406116664006443 0.419742729003682 0.44998163808174 0.475642717074954 0.382241012979928 0.431155517370656 0.367872363445608 0.374646171081659 0.356213118024811 0.50868568088439 0.403021740474906 0.379537966215475 0.4152954023793 0.438453249667135 0.480953021145391 0.456677946167529 0.310141935764662 0.388938085395858 0 0 0 0 0 0 0 0 0 0 0 0 0 0 0 0 0 0 0 0 0 0 0 0 0
0 0 0 0 0 0 0 0 0 0 0 0 0 0 0 0 0 0 0 0 0 0 0.448458065597133 0.46640170036616 0.326283287394466 0.374651732001335 0.367771603852998 0.370121669410596 0.33425213198136 0.344535219524156 0.339979056395567 0.302096859323801 0.37973880000256 0.334921623174519 0.334307600294256 0.339978334898033 0.390880814460423 0.40427624975416 0.388345565530835 0.308495240873012 0.297170061908962 0.369618424345015 0.354702681971905 0.244009723235543 0.352163239731242 0.393571763448851 0.330337584775614 0.373714104656275 0.385613812836444 0.32383989085631 0.348575770335432 0.364023237729343 0.347408629978189 0.318884963708339 0.358181053777755 0.354932239472089 0.381058634597331 0.432640194510834 0.385143216884074 0.441796375593737 0.469929897078218 0.481399151482801 0.405247364927143 0.386874756950416 0.437833696217698 0.364973299441714 0.46454048620416 0.335031618929345 0.371484372568321 0.419993017482955 0.448847479376758 0.435833554621487 0.432009371062431 0.410274409497921 0.451803179905765 0.457020474552392 0.400771587932246 0 0 0 0 0 0 0 0 0 0 0 0 0 0 0 0 0 0 0 0 0 0 0
0 0 0 0 0 0 0 0 0 0 0 0 0 0 0 0 0 0 0 0 0 0.426152868200214 0.549844492360799 0.31754156572518 0.419324856921576 0.399154515557852 0.382762227286562 0.38177869090149 0.375214469426497 0.36196572041121 0.376913494758937 0.32293163721582 0.365297751549672 0.357075627847592 0.308039126123653 0.342207372334008 0.388538984185808 0.414977312857875 0.355092326894035 0.321967701413301 0.33183100371201 0.42825351070621 0.327612699181256 0.387169087029659 0.321148897622746 0.431175149992932 0.338967831058462 0.343767272127291 0.336716100563016 0.341200576573618 0.340056564820835 0.361714864564133 0.364222667835488 0.322290144378116 0.32828389831873 0.355302058056132 0.366948029179236 0.372191585418099 0.356142387224317 0.434582985626023 0.502596737614663 0.427254344056275 0.372546623932199 0.406036550724873 0.388155625607971 0.440058463298705 0.412659024835077 0.345519748141438 0.384911205555565 0.395552075328533 0.415711609984931 0.426419872077614 0.40638258830532 0.426829852726193 0.41863972412 0.44709367804474 0.456082385044769 0.378075772161308 0 0 0 0 0 0 0 0 0 0 0 0 0 0 0 0 0 0 0 0 0 0
0 0 0 0 0 0 0 0 0 0 0 0 0 0 0 0 0 0 0 0 0.358073498178511 0.456529119664565 0.285619970843927 0.38328121174933 0.370706842089825 0.371809751568046 0.346509726024078 0.381623400713107 0.421182965579295 0.341619567020029 0.350767935110947 0.339262258793879 0.325545867148418 0.351525358903613 0.315943320358151 0.341937602686631 0.367356166608506 0.396316370734166 0.332935422243508 0.33338240757087 0.341233291893867 0.405690181034952 0.271393120455069 0.363105442160755 0.31900115303426 0.412231796908411 0.343865371199138 0.33469201174848 0.348690198841789 0.345031459190076 0.396173184559815 0.359306342441037 0.418237093449807 0.362449830865497 0.359439909942409 0.34166608290501 0.338804401259773 0.45374869705737 0.360108620930676 0.359774156171624 0.351803945619348 0.364335212474349 0.437369756948116 0.366132039706337 0.341576991067736 0.414873751188882 0.40271888162866 0.36663986939502 0.385950262665382 0.413605692091021 0.391573181314645 0.360252567944426 0.425068454743549 0.435586238120928 0.415754059926221 0.42270862587995 0.420304243516856 0.428175759614257 0.468728386970277 0.339625676983151 0 0 0 0 0 0 0 0 0 0 0 0 0 0 0 0 0 0 0 0
0 0 0 0 0 0 0 0 0 0 0 0 0 0 0 0 0 0 0 0.267309455558651 0.436194133624957 0.351007338845898 0.304474056480536 0.371395510216803 0.393295609835506 0.362456806033721 0.31278818105771 0.35429822927715 0.35526292889161 0.393175383341503 0.339673441960673 0.354134073932751 0.338754988102663 0.353868463707852 0.305585910456062 0.356900155726271 0.372448429764728 0.377566421708451 0.355555553890163 0.357586990449956 0.35233210094854 0.427004158411786 0.29851869093748 0.369820943845267 0.304690110607906 0.42929581490299 0.333818284737713 0.386280818528218 0.354211767423423 0.39440797865063 0.385044510427073 0.219796755892175 0.487441384463736 0.475178971782314 0.37797361913538 0.436029879342414 0.312138157862551 0.506810360960714 0.390606317482241 0.360057911921334 0.341672171207272 0.410825067104755 0.451307769863749 0.35302265855323 0.273083917711958 0.344765554573293 0.412527112990648 0.35607352417844 0.386744688659488 0.451191793958735 0.446389107909564 0.388426792457446 0.39968670651947 0.420846000880316 0.401841729385444 0.3917853225098 0.379895876237197 0.395560963783214 0.419766372980823 0.457814042072571 0.291804308648936 0 0 0 0 0 0 0 0 0 0 0 0 0 0 0 0 0 0 0
0 0 0 0 0 0 0 0 0 0 0 0 0 0 0 0 0 0 0.209415692419666 0.382318325511729 0.41829680307958 0.365825430105928 0.384537500878097 0.366625160753343 0.373018424886892 0.415841512830989 0.368466952738727 0.281401831033512 0.287799389241478 0.343616643660701 0.359398263425524 0.349975628402999 0.345643897929607 0.350038562641666 0.328269623553792 0.352357199850829 0.340615961078837 0.357604708334682 0.3516024163421 0.336060593409541 0.333001446123882 0.384061283926752 0.386210882090411 0.346480935096632 0.280157579163774 0.466488190367706 0.414271238315625 0.389011547025093 0.362071607903881 0.416980294417185 0.288144578898864 0.14394820606567 0.333954964199207 0.294454994648478 0.465452699073828 0.485425327489653 0.363384778427132 0.507031069932579 0.440064938776197 0.408442989670006 0.357220487208357 0.46169130813761 0.445777463865557 0.318076724220231 0.255589576317237 0.378839939339046 0.412441745278462 0.348014276902678 0.350732869646841 0.460280155426175 0.454593827689275 0.422359750733245 0.409468502346833 0.391016539142785 0.417670397799394 0.384041316335437 0.364368130848141 0.353270335989607 0.3890149951361 0.465585583912833 0.432069382695392 0.390773244757505 0 0 0 0 0 0 0 0 0 0 0 0 0 0 0 0 0 0
0 0 0 0 0 0 0 0 0 0 0 0 0 0 0 0 0 0 0.455653951605021 0.438992834785301 0.362201612592298 0.395703954601916 0.363113518778074 0.362890093198176 0.34494423806237 0.384233684819348 0.443830652970371 0.349288297220223 0.3072806214387 0.326193317460025 0.337831637286852 0.333344568509682 0.35323610861445 0.341146051041448 0.349088713852975 0.348423745894591 0.364087558059947 0.370908235348604 0.360034802200698 0.337541949482732 0.349210658204723 0.346586822684689 0.343659237143818 0.418354097512569 0.306145404874232 0.192202155382853 0.40282603448776 0.373753907589893 0.39570272030849 0.379144613867662 0.329177330299402 0.252727129195193 0.176427098816449 0.454967405886926 0.43647102359922 0.489911214466425 0.353214505499515 0.43782790545034 0.46114398633329 0.431994012766856 0.418554153853529 0.458393279238444 0.418894153061482 0.268421831577149 0.23752862071494 0.350290687052313 0.421852620197972 0.363924724203751 0.323787906365509 0.387360521506372 0.441467367937298 0.419446664873986 0.414714544773728 0.394216754510659 0.411171975777886 0.408174949362612 0.411724192392117 0.382134927405989 0.392628404239297 0.445628777332499 0.402006682305906 0.394735373351491 0.353750833640958 0 0 0 0 0 0 0 0 0 0 0 0 0 0 0 0 0
0 0 0 0 0 0 0 0 0 0 0 0 0 0 0 0 0 0.250795056224333 0.44248347764186 0.291751801137619 0.364693064687105 0.370452902088134 0.344790555025871 0.319395136378773 0.409999482648556 0.365070097873062 0.368485050181968 0.414113323063204 0.328582640889676 0.339249217705399 0.319302996664881 0.315579706985064 0.365503012773026 0.337530386654595 0.340242786409453 0.359377413427737 0.372442299256976 0.359443144416027 0.364626797236919 0.336544503071825 0.36146696266569 0.356088757146277 0.306402503423902 0.322336982059325 0.308484083165962 0.16978695903828 0.344251655968133 0.404236817897774 0.456951707762336 0.335062116995393 0.351541090270743 0.206843728357069 0.418582277291831 0.522886718493522 0.447195968888625 0.446459653350375 0.326522278948715 0.456387675407013 0.470837119118251 0.422858592847126 0.447776946955869 0.509922443860501 0.338100264990512 0.223486417963076 0.251340214685423 0.37889914652135 0.448229740868926 0.365932733643932 0.340933598215154 0.34361029513387 0.330011855039661 0.350766162294329 0.37715993069175 0.397520717486294 0.410306623714907 0.411640101301294 0.417074531812527 0.390710633074097 0.397041444505152 0.434046915136414 0.387209894969837 0.43861310722178 0.421018312672433 0.267818000157787 0 0 0 0 0 0 0 0 0 0 0 0 0 0 0 0
0 0 0 0 0 0 0 0 0 0 0 0 0 0 0 0 0.0416023597521885 0.447213845232005 0.354146487174315 0.235496301305567 0.333593243341318 0.351591957901776 0.318612612663655 0.296948973237195 0.379143932273489 0.444923534666897 0.252243443341478 0.437450219203631 0.333217308556823 0.345735328019894 0.343424142870279 0.336476505325761 0.334168843127684 0.345328854552283 0.348433146637112 0.363544627728474 0.360252507731855 0.364608674424924 0.372241749570855 0.359465717101095 0.343661298146785 0.324091407842228 0.328407694848679 0.249939739640267 0.225178796142585 0.318157343314858 0.32678027841931 0.40458192706433 0.432805986751476 0.410482380146908 0.383251791871597 0.231613888984651 0.513232976550774 0.471742877751177 0.424746991116173 0.487579144814134 0.346429113789163 0.433488067072174 0.493033999485265 0.467343817123019 0.462204045772486 0.426221526669745 0.205154571391776 0.25867220027513 0.288242708714091 0.376470491964829 0.342115034543585 0.363552530424376 0.354950321245557 0.350396144550001 0.327912511770426 0.343383768578858 0.325027960426799 0.312841011053931 0.393132285677724 0.407747685573321 0.398469555695417 0.395283061356153 0.450808360830582 0.405213792429817 0.365103208921532 0.399225268262067 0.431028458645466 0.379717663749156 0 0 0 0 0 0 0 0 0 0 0 0 0 0 0 0
0 0 0 0 0 0 0 0 0 0 0 0 0 0 0 0 0.214944172322119 0.373399394396746 0.313224892638077 0.311123978109349 0.375500857937463 0.383140703681362 0.350839575354916 0.316146152286457 0.32965089848891 0.353254140309996 0.47373310327616 0.355938947520854 0.343149467247355 0.379612679625667 0.367473674184901 0.350192361102617 0.339640480670389 0.351453503597547 0.375392762150835 0.368676257006918 0.377316927281351 0.338881780313863 0.358874208045654 0.346992671988251 0.367612744243606 0.352217469405552 0.340800041911889 0.376189234814223 0.341585770729696 0.342722519330179 0.348857483924733 0.424419408573551 0.379845493691258 0.484602685346288 0.4448654507542 0.396734632985015 0.479752491556737 0.446967118534025 0.402791529188762 0.488199126593685 0.368046938960719 0.394947953307042 0.47319936948835 0.479370916288711 0.46826219670808 0.418879729040997 0.289508014757472 0.464335951631241 0.411907810204127 0.359259807652613 0.346601970408775 0.375925241432072 0.368178241983446 0.362730384314581 0.353653510239425 0.347250076471575 0.355605438132873 0.359040780033196 0.314590909169629 0.351841370073902 0.381718688255833 0.47986344564841 0.474968422789741 0.423716533211231 0.412907461036028 0.401277337864702 0.430718420936808 0.351086839518718 0 0 0 0 0 0 0 0 0 0 0 0 0 0 0 0
0 0 0 0 0 0 0 0 0 0 0 0 0 0 0 0 0.374937549096996 0.238667868960736 0.363214352593571 0.346197721964292 0.351175130526641 0.333501408334584 0.355721278060684 0.323567254784534 0.319812941128821 0.332637767610597 0.327819353105277 0.350000196523287 0.347975154413184 0.351801037635515 0.349043350811481 0.354586195918821 0.373110200950845 0.367196744705737 0.365376942164218 0.354965286897751 0.364838150794476 0.350781279596881 0.357793439500648 0.372177869164902 0.367944612901621 0.354466400082095 0.364175934188498 0.422773809114205 0.369069027143837 0.389197086622432 0.37190920368074 0.369686472937505 0.429834858281882 0.434239271276226 0.508468572929474 0.482066186533329 0.451765987940627 0.407091649203267 0.403327243095829 0.432623124335744 0.516080127191764 0.489792293269273 0.473761863025069 0.489283703026673 0.386490287717669 0.47924332312639 0.486216936157709 0.47591383494988 0.365904289103493 0.361301906583017 0.356217018098787 0.373033664043352 0.387490301125902 0.367272122842925 0.348814844160889 0.342763370565014 0.334116141098904 0.330293836092083 0.334916483217872 0.352040489094168 0.335565186294064 0.401297878349473 0.37674477560599 0.372362339993513 0.381503778993984 0.418865636345245 0.452868586240968 0.35993758153856 0.311744663097255 0 0 0 0 0 0 0 0 0 0 0 0 0 0 0
0 0 0 0 0 0 0 0 0 0 0 0 0 0 0 0.319034254393218 0.300672506172929 0.349396821076513 0.331012416919019 0.32604760740982 0.364945671094622 0.36701209634658 0.391069499347692 0.361339723442824 0.361537409288098 0.37158137600559 0.351400721209345 0.362878938113579 0.369183223093804 0.375947795189343 0.361645262693524 0.371382843983132 0.374933514747892 0.375596214998019 0.383685928736448 0.368365227231793 0.371876885077755 0.340442326581492 0.366174762829879 0.361771782949642 0.390650027791978 0.364014548485684 0.329930404430313 0.388748614822691 0.370316292457689 0.385511263032368 0.400619320778718 0.464621818365777 0.422245219966452 0.384860606898954 0.41689828830111 0.439194999890813 0.373136473239224 0.403864852222065 0.375951774750731 0.367163581364483 0.469021258195934 0.559258955535757 0.569040004104462 0.526374441522084 0.383459977408821 0.495204234127711 0.505144428278647 0.450432537837058 0.365276329692121 0.354836648238984 0.357065261372048 0.377947880542687 0.389041214194742 0.366641336808361 0.356797582127657 0.366872693497167 0.350468072410706 0.347490687569835 0.348367745632055 0.333973373288468 0.337947303444105 0.320096750880154 0.331990313850193 0.373206698621737 0.423112942407406 0.437189493596493 0.419516901209035 0.333108185950564 0.229879987301687 0.0793009502725829 0 0 0 0 0 0 0 0 0 0 0 0 0 0
0 0 0 0 0 0 0 0 0 0 0 0 0 0 0.00906309221091906 0.338402429730038 0.359455999303259 0.358830988187009 0.321867630060126 0.337125705621429 0.364216541295408 0.335346496263771 0.330531824423024 0.377586348186823 0.360678521761575 0.376344264986399 0.353112301936322 0.351921532969992 0.364417183349503 0.391978406031345 0.378962184636612 0.361754676048713 0.385103952203724 0.383411071722868 0.349603827570075 0.340509872077073 0.346420281908157 0.336094554104965 0.371216166737582 0.37184057061311 0.35238709745604 0.370121066012395 0.396795440503464 0.388567576603763 0.430371171969905 0.318940059175632 0.466282860865193 0.463165766503193 0.373637972526545 0.379905632960174 0.383306397156367 0.340923573792283 0.341274371522586 0.424120712399013 0.393913996184214 0.37004149868943 0.355724839194566 0.398193326079989 0.488381309713989 0.541479757437766 0.590631085619262 0.528615602560829 0.43604563196653 0.375560181820098 0.440956510426841 0.35411628035172 0.340481602483627 0.389719707359304 0.336319317862326 0.357767821048289 0.347029993739262 0.36097245681142 0.360830383138824 0.37971079890119 0.366060780072839 0.375091359998785 0.333933456631119 0.395698751127319 0.484307819785399 0.470893414537116 0.448649606027297 0.43319054671642 0.434937159957211 0.400564434403409 0.383467437355683 0.262672371626861 0.0433397347295515 0 0 0 0 0 0 0 0 0 0 0 0 0
0 0 0 0 0 0 0 0 0 0 0 0 0 0 0.158084865672646 0.35621327753204 0.387898166107598 0.348496433995317 0.336896133293039 0.328365014381852 0.344549833617499 0.336733829215594 0.338148898916214 0.336179356239366 0.359402256520298 0.31406603817888 0.400559466527423 0.363928665554383 0.346962688297046 0.351761967741876 0.368371633923429 0.372508590260866 0.405974674436343 0.383020517830811 0.324213030332805 0.321015694137298 0.320942194042264 0.325042195680747 0.325956617926772 0.30365768524132 0.432977607776415 0.413255119569639 0.355192630103422 0.379363601508628 0.410892410683312 0.507699953638093 0.386236399418854 0.341062666496829 0.380281723144866 0.353739623276156 0.369451923939981 0.386617569994356 0.405792828972812 0.361718271305127 0.386898697728459 0.381735423951671 0.339081415296718 0.348818530687453 0.336301027793791 0.354033552858527 0.354359677144914 0.378664826198458 0.360685371564854 0.359384302219748 0.38742135914599 0.431455348052145 0.353897358613368 0.354768908814494 0.342592450507521 0.350402897706443 0.373555286884356 0.395002981363125 0.352031191188461 0.342675146424394 0.355566691498731 0.35604157311865 0.348964427540315 0.343054929476485 0.471580654549323 0.42305004464292 0.452858663588744 0.468643966938708 0.425120210169377 0.444352088507432 0.468411264913716 0.351334015228775 0.16618462340239 0 0 0 0 0 0 0 0 0 0 0 0 0
0 0 0 0 0 0 0 0 0 0 0 0 0 0 0.291784598004209 0.329052325856149 0.316512703351879 0.337709214737458 0.336858417124188 0.339264582300543 0.327991883973842 0.347548457679153 0.38710460562505 0.365433553050653 0.3359945194756 0.39972929992276 0.402670247402591 0.372636206275361 0.366006119303558 0.380388300157587 0.382195202188705 0.391678674729755 0.395800706711948 0.36795025186641 0.393993326648926 0.302574392701776 0.245439906474669 0.020023284281254 0.00205292930872333 0.00470812664581424 0.0627383851522162 0.335466293119643 0.370811077776868 0.379829247161162 0.33794057382378 0.313159645637596 0.360734679196739 0.370303586992423 0.375613019658985 0.394684719351081 0.389783241424928 0.33985260749127 0.352388104795174 0.347549212462523 0.35529464936836 0.377221059319103 0.380785431858605 0.348502364229266 0.372212718325534 0.371933950354443 0.342848947088436 0.336369069975766 0.360657812759269 0.351142027889773 0.342223534854288 0.332797624372384 0.33888895208926 0.343218609582251 0.369720958850716 0.35136417630508 0.335585281961059 0.328316201396037 0.342655629463345 0.325617178102567 0.350737910148498 0.336889489216155 0.326954720195759 0.354520281724149 0.330141327030905 0.392371126234437 0.426532430209947 0.409174556008907 0.41450172743293 0.38152720175423 0.427409254200416 0.477745043953297 0.379442515416693 0 0 0 0 0 0 0 0 0 0 0 0 0
0 0 0 0 0 0 0 0 0 0 0 0 0 0.0751783671315727 0.34767812020057 0.393945442459903 0.336068899089128 0.297408419759156 0.310336300356911 0.35778665855764 0.353186606498926 0.357791030456631 0.33235129798253 0.349367538220498 0.369381019193716 0.306838092875918 0.400228778492021 0.363492149506907 0.395248716946474 0.358583386609973 0.347927888022343 0.36888568674694 0.375939271297198 0.365820100218488 0.376712691806052 0.326652631549644 0.0032582064112791 0.0161727272321353 0.0179362588293371 0.0213131905519872 0.0205322503536354 0.0410451875313152 0.291357898717743 0.407432517623911 0.355658520378403 0.357567198888711 0.345645241932411 0.365039101842711 0.416881843779722 0.41845661273531 0.404438688867795 0.41382445255986 0.419654075194153 0.385561724439958 0.407539998256118 0.393213125084089 0.388880198656563 0.380243755274671 0.368514336309537 0.362443272132486 0.370829532609038 0.349834280740193 0.362315442477898 0.336438666922131 0.330077465065669 0.334134110582822 0.343362812237958 0.329149374252264 0.336906229918094 0.337856492431262 0.341661410660933 0.338577452503061 0.344232396851049 0.328703491664761 0.336376750687622 0.325869510536327 0.311274702520569 0.370488269616312 0.357444403951026 0.37578536623268 0.388571144646741 0.410641747352612 0.382731801483581 0.412724670647942 0.414531212318943 0.440377699340369 0.437826196523071 0.0338323466483126 0 0 0 0 0 0 0 0 0 0 0 0
0 0 0 0 0 0 0 0 0 0 0 0 0 0.118039157104823 0.372221634967945 0.375286592006263 0.357009327204251 0.321657266948818 0.296975362661571 0.327371968552188 0.369412731425958 0.352517057886465 0.35936101570054 0.357221747752017 0.360981779113751 0.286014645357796 0.37377503862951 0.403615010349234 0.382692967452388 0.373522715511834 0.37147125496294 0.353605599460564 0.386885477468243 0.338491696724018 0.342671294315629 0.348259415464517 0.254793899897461 0.0367229579761394 0.0396026176355696 0.0409200836913361 0.0345087075917797 0.0183543946603029 0.0509082420034623 0.366429759906991 0.375541059681437 0.342791360809233 0.377697235608055 0.39028855419218 0.423353799891073 0.412544873233753 0.393510284862568 0.432967901516627 0.412553388788033 0.398527999107723 0.389461962941431 0.386223225686288 0.366680924773916 0.340106766505141 0.325224487214932 0.342417646311012 0.333982162913922 0.336618985405809 0.341148312424428 0.34302455281312 0.32873605842017 0.322994159530853 0.313106989947722 0.31145158692453 0.365019016806239 0.352063156628614 0.308363242195732 0.333156705379973 0.349222190189189 0.342411860704673 0.331433626438063 0.33040310886784 0.317698018217228 0.340113186565773 0.363021110497691 0.369714856179591 0.363296199358012 0.368986153278341 0.378069363344106 0.42104497849582 0.4378385569408 0.446676460260028 0.401614655680512 0.0446053531813691 0 0 0 0 0 0 0 0 0 0 0 0
0 0 0 0 0 0 0 0 0 0 0 0 0 0.151776440570492 0.362968019323036 0.399498652839969 0.377977259781028 0.381066631873363 0.328532071326629 0.353321350761447 0.384535823066452 0.371879817925673 0.35060835495112 0.353889832471644 0.325145702476109 0.26023412437463 0.392133228547748 0.398651714915648 0.326288749173046 0.38841051122154 0.367038862673532 0.328254632249389 0.339626956303071 0.359577926220923 0.353555137399476 0.368102292064291 0.389024217057313 0.179690285896235 0.0124861770256204 0.019327332448706 0.0500146351350339 0.0376731914350017 0.0401308236307415 0.0441322797387171 0.435767879405897 0.395242688911578 0.391588520273139 0.424469630485212 0.410358665296231 0.38970604063674 0.379954489593101 0.41065170009556 0.411666266545028 0.407272065134082 0.398495698053828 0.379915461574143 0.363537419480925 0.347898635429561 0.335420195650331 0.331440340143723 0.321063630927589 0.322407846533538 0.331922252451555 0.290892034405822 0.306328584061148 0.325309422769365 0.324318560556287 0.342928212218117 0.343725048601122 0.347645342586836 0.337999466599944 0.338283186611505 0.320562911559 0.333589835204704 0.335518365452297 0.323853264473693 0.33334978247409 0.338213261145177 0.342194178813136 0.362302736711589 0.403323011845274 0.352142974170034 0.378189163672793 0.349366917944296 0.440915354819041 0.408684278954909 0.414525531386115 0.385629700644228 0 0 0 0 0 0 0 0 0 0 0 0
0 0 0 0 0 0 0 0 0 0 0 0 0.0139933019773043 0.290610028473417 0.340678123723106 0.283524702413006 0.334746906450153 0.347617555877152 0.324949182196584 0.353047793664511 0.367383252969403 0.388619048645717 0.356128955597725 0.351380736146062 0.334074975915919 0.3244193720899 0.377440379602623 0.381655451570871 0.334406779945847 0.363145375578394 0.32019999860641 0.31815590879363 0.388322977366769 0.359692246946603 0.36429409919313 0.361565013972569 0.356431899982676 0.382852948247091 0.196335804521893 0.0128627171006454 0.0491254093138231 0.0321597524604344 0.0284375829632273 0.0113103444089711 0.106106155199557 0.408951290762922 0.443675401928345 0.413176171281498 0.391616929570627 0.377599073229326 0.395973600284027 0.38933840876427 0.371925693800942 0.391351440291774 0.402373699452857 0.397632577641649 0.37923440130131 0.342253390733647 0.321087556063595 0.340464917061219 0.360205678071232 0.382319538262685 0.425696713563054 0.404046215820643 0.376454049274051 0.474738306244736 0.554940162186306 0.357542840923187 0.351667129623892 0.339882537015111 0.333586564739926 0.365285811562567 0.340980023204901 0.33299442011735 0.313814755814708 0.315956056612967 0.333328793282343 0.314810796457672 0.343306379587659 0.327106556558062 0.324544395728167 0.330499685952404 0.333940683450626 0.344891675243786 0.396948420343111 0.431933200328898 0.3888163724518 0.397936221083273 0 0 0 0 0 0 0 0 0 0 0 0
0 0 0 0 0 0 0 0 0 0 0 0 0.0205008608565607 0.347003777979234 0.342427436413183 0.296958057060378 0.333033291188278 0.360631456388689 0.361704175498827 0.3614795489729 0.385379765920402 0.381873515424528 0.386744405661895 0.215643673336637 0.324665980700047 0.344964006326305 0.326099593056759 0.302206485252243 0.379176940164484 0.369139158694429 0.334660477654958 0.388135825236664 0.438295050741298 0.417383309528873 0.322329672687184 0.341860119271572 0.365577434345121 0.353823544003275 0.407391715705259 0.273338465331859 0.14625156385629 0.0205689880144035 0.0310382905220262 0.032184132450329 0.00840699906723745 0.0654891056712356 0.341030495177052 0.484713571158126 0.449760513951219 0.380349020008384 0.3995138793107 0.348433835006435 0.383205085285966 0.398646949541181 0.416988493947814 0.393279818389076 0.386110981177385 0.333242204002375 0.346979486345901 0.35904667848517 0.425582780478036 0.422779967271194 0.447302589398274 0.49145554204938 0.510620807271391 0.577247428280704 0.530252075398213 0.484590383129897 0.387255375032324 0.356040126388625 0.352898436826713 0.367359316169181 0.340413732984398 0.337411892893902 0.320809012973324 0.308378145068714 0.31600226128827 0.31994018920978 0.333219082854299 0.327722570766514 0.311755909531692 0.320704296397518 0.329070839849608 0.332030121936036 0.322501423837261 0.433502582649509 0.463178712904659 0.410571664729892 0.317268843045831 0 0 0 0 0 0 0 0 0 0 0
0 0 0 0 0 0 0 0 0 0 0 0 0.212477945799852 0.351308816916822 0.358114814796725 0.335919469664895 0.370681898355693 0.341448293704993 0.348201612587562 0.402059991412372 0.358698760557731 0.374789101920508 0.375002764653074 0.332400033816212 0.365418162095005 0.331886828875342 0.325527191838091 0.37204821550699 0.396263868364251 0.367135798352549 0.354144527257381 0.441822498594098 0.406336527512124 0.410058962668775 0.310930253651964 0.333578664141851 0.34447727094531 0.333497216898768 0.339986852798416 0.441294471927788 0.346475560374146 0.0665659292277744 0.0115567408703745 0.0371740585124039 0.030564847946013 0.0400584545108411 0.118901867766624 0.236766324989904 0.469871603864498 0.468245978051143 0.430715527948277 0.429542434424407 0.447323827866113 0.402963751956168 0.400825418977501 0.421910367210223 0.422547931387084 0.381851904962123 0.398383066915631 0.418505294350888 0.437895455087454 0.432797545984961 0.469981338135113 0.508008863447177 0.23739490860642 0.300944380101013 0.49779159483701 0.470218834396773 0.411541398618148 0.368421582638631 0.360503759879473 0.340714492997791 0.358713192152312 0.365736836379758 0.416724255459519 0.450018625086958 0.471729385958693 0.329591309782858 0.314985708491684 0.363503655312848 0.410582024784774 0.339000849142962 0.300445723440848 0.31127812543871 0.319585050600721 0.415431029529961 0.463952658960753 0.465242780979187 0.333053577507895 0 0 0 0 0 0 0 0 0 0 0
0 0 0 0 0 0 0 0 0 0 0 0 0.283592672487509 0.448276228243486 0.321046198877697 0.304810529012817 0.329011624769841 0.325138988294194 0.35588518479061 0.310986081464469 0.35230862641371 0.355223410755075 0.364484020498712 0.355844791427974 0.327158258936134 0.305252052032574 0.269349376522262 0.302203129459827 0.381801890328071 0.371461177111441 0.43577671186328 0.380147970174895 0.470617272768613 0.317984459738744 0.285867571525276 0.284202612370866 0.328619829882948 0.324920942943492 0.329505810297918 0.353164969978413 0.392090865272888 0.324775121950989 0.140027566859744 0.0394103128593359 0.0794417699926187 0.0531950908166164 0.0523715133769408 0.157992106407084 0.240537320449424 0.39312197263013 0.434684914227089 0.457235516429915 0.507701517583267 0.505346272867192 0.502231300420232 0.474264412963767 0.428333795423737 0.383292181974854 0.386209751559252 0.420255921258145 0.453751655637324 0.461684800544626 0.274175587355333 0.0130728131329799 0.141254084707606 0.215055233264957 0.44881483286469 0.355960974317673 0.339542716977539 0.345543614954338 0.331922960551005 0.364756937566994 0.423532385556203 0.460008768788573 0.478422678160909 0.537106755332742 0.53135118731861 0.357088087714223 0.303855014225716 0.331633154669875 0.401371936227659 0.415815752021356 0.332763640600188 0.308212024530003 0.313842095456576 0.365848212575715 0.421515378474221 0.448155305615968 0.395257225836555 0 0 0 0 0 0 0 0 0 0 0
0 0 0 0 0 0 0 0 0 0 0 0 0.305382872824362 0.343779032172127 0.305392735370225 0.306409111331031 0.352069207975704 0.325192426344966 0.351991621659564 0.249415407054998 0.340329655606232 0.368737020317436 0.378614729229606 0.355105987053195 0.333197228334326 0.308068745411976 0.365458241277451 0.31813612965834 0.327478782266892 0.442454223356475 0.346965742492851 0.380079766265418 0.414788073224266 0.297088309291015 0.325163168528928 0.418705105330664 0.347413562469835 0.332950897990329 0.324109742343291 0.334727678939155 0.339382166606936 0.406060628918356 0.319746259969042 0.185410668462495 0.0904434973138415 0.140212464320876 0.0769053067838618 0.0974697662883845 0.181311125390807 0.250145722897957 0.26520242057902 0.25787471235891 0.295095027619537 0.208720014920277 0.316958182338729 0.397877922023239 0.293678515305057 0.296428908326601 0.324966889414255 0.32562674826575 0.135243152380631 0.0562050462176596 0.0380294600918605 0.0279803932893493 0.214763200081909 0.322013302888618 0.424518544352755 0.311341374317587 0.336767556595595 0.335353207969696 0.368054239904345 0.393378067520828 0.409949565163307 0.445171597620403 0.419105498834553 0.455809875295185 0.500911228512597 0.410516650383083 0.322644213949876 0.385453351603528 0.429637924829903 0.433096554940686 0.424070116150066 0.350700639372448 0.309021904298206 0.368144712804454 0.433063057892743 0.417407357772343 0.396953792526017 0 0 0 0 0 0 0 0 0 0 0
0 0 0 0 0 0 0 0 0 0 0 0 0.230001447524234 0.408984765279352 0.378445874351115 0.381515315050304 0.313937424537764 0.330436649669781 0.337315306430339 0.32649944003649 0.334038557712686 0.355098880826601 0.345366365378991 0.333837182703174 0.353850792258771 0.315317445904614 0.279624070451616 0.290965124412567 0.41834930273267 0.256809887217483 0.266616210060652 0.469559586577105 0.369223408687691 0.308122966727451 0.432019190451644 0.473220922507776 0.399189514306192 0.311153590207829 0.344784275319397 0.342702096363628 0.346292251551539 0.347444234399122 0.402956260217857 0.291169793455446 0.188076908352742 0.095684655687176 0.184012376381269 0.183068568951993 0.156745629738985 0.149380193868802 0.359498971033834 0.218869531612691 0.0735542313185222 0.0731442490823874 0.00723833877927251 0.0361188765613031 0.0710191639121213 0.0945433433873139 0.0971624981607648 0.0730465161963397 0.044962100012788 0.0331637385993072 0.0200021188623522 0.066358792808683 0.217735317660988 0.367612672222726 0.358203313323767 0.317212346378321 0.332840988952672 0.346304167608806 0.390318319664738 0.393736773881294 0.411727167190485 0.468062636654379 0.46197069773452 0.47327019367698 0.472795311728283 0.429884879567283 0.33868025486087 0.428699204417584 0.442940736595123 0.45140587137032 0.430694117497194 0.442502378297086 0.34608533864027 0.38170624820051 0.408374602543998 0.424599535077316 0.334178431053058 0 0 0 0 0 0 0 0 0 0 0
0 0 0 0 0 0 0 0 0 0 0 0 0.0751344305538523 0.471461535454912 0.342051448083026 0.381154641020213 0.401858794168829 0.308439569363155 0.375447352039816 0.307591314177402 0.331938557100453 0.358315055301315 0.349058204927746 0.355835882402278 0.346893694173857 0.32049711635326 0.294447518289722 0.270258143546183 0.263590016414734 0.210784289293186 0.492008439144944 0.326973349175297 0.295291608955568 0.2940101320236 0.385257754266361 0.435832406212458 0.403363554640699 0.320886353901219 0.332525533782955 0.317516889441316 0.323768329300806 0.333765487373828 0.348645400027109 0.390063068979904 0.292409141777596 0.177864628714202 0.088150910852457 0.252725470663462 0.338478802990797 0.183874609427049 0.204538823636091 0.372636911523362 0.291932323962218 0.000766105546921836 0.0829693230157344 0.0390084790502914 0.028207846914238 0.0333612786764346 0.0403066403190952 0.0401788309658945 0.0415530358922485 0.0461613868857587 0.0243111472156952 0.163167906501079 0.305903584523199 0.390536764672774 0.386414288217819 0.394719792253305 0.436808232485655 0.424024798142509 0.406964753427339 0.395052199038759 0.430897711073317 0.467960934590204 0.462260888416364 0.471750537641035 0.457765407701732 0.399849788944137 0.380846447419109 0.461461480153733 0.425267319082488 0.400098148312262 0.440207145113851 0.444557099979792 0.398600074134943 0.433832249832688 0.427639130360573 0.378467623417571 0.202545130282154 0 0 0 0 0 0 0 0 0 0 0
0 0 0 0 0 0 0 0 0 0 0 0 0.0509271948397213 0.502707404111925 0.371781487208004 0.273078386533259 0.244184185726088 0.302245950287578 0.340944251129647 0.263002439249747 0.336445342757314 0.339518356455521 0.339158184330346 0.320013786304785 0.325985300460632 0.357087488629385 0.301472981349325 0.29737937657699 0.316342724219473 0.37882766275592 0.430768751609394 0.386016453656847 0.346210800386111 0.485551199315663 0.495720565722962 0.479804939434567 0.487201577162633 0.443432336511298 0.380553889215473 0.373967977998349 0.359708871281725 0.341373139435227 0.367648902430633 0.403458818081755 0.451421781516139 0.395720267413466 0.234751547399336 0.128079091141123 0.0828148616196671 0.407081820350659 0.376125608349504 0.274215503834432 0.191835068370688 0.0234276762300259 0.0916633273295525 0.0620194131093999 0.0290840639175681 0.01288592949453 0.0146396109169531 0.0155761121246588 0.0139128304605034 0.0313794734452542 0.0907477246704619 0.216983898561255 0.389393938776685 0.381732944917627 0.397150919442825 0.432373985818068 0.423485921883502 0.412960606304986 0.389980856940572 0.406943483663929 0.469953527383968 0.46457333962244 0.481345483798796 0.463707473111556 0.458968742731007 0.425576804591829 0.436725905903352 0.490543809065903 0.412653428821957 0.458730454818748 0.485839879509374 0.47653864931148 0.467611893432397 0.442703754031806 0.404772623459784 0.289952979993889 0 0 0 0 0 0 0 0 0 0 0 0
0 0 0 0 0 0 0 0 0 0 0 0 0 0.19840946733381 0.309260508630883 0.348717289674013 0.366479597724205 0.420048090523592 0.340882315749507 0.377586470484854 0.24804112150543 0.276833033441052 0.22745003089982 0.289317342368299 0.323244766607185 0.33950741184838 0.360441405628043 0.364002649367304 0.309508491275705 0.280787358314828 0.586810568373624 0.51632856368767 0.543067148428566 0.571641875282168 0.493956984270533 0.424427153970319 0.471752020650409 0.529500323052488 0.493267972690528 0.42827569294517 0.394434146214759 0.343357920600154 0.33152529859498 0.381460215763492 0.439934998260583 0.513852972352143 0.623313846577564 0.658451558849775 0.577335170764058 0.479761867769365 0.181024178028329 0.262387325225178 0.287549187208095 0.0824244888950624 0.0611267951095798 0.0575181233650346 0.0290852486368323 0.0313199147559783 0.0603329692055892 0.0151788411782669 0.00470266054484406 0.0338105808311419 0.120244531317565 0.254619094589884 0.440017466035905 0.373402688950004 0.421689719538741 0.483152365296107 0.575204313321521 0.538948769273083 0.503452593886853 0.457179077810179 0.493839768468643 0.508970448596435 0.484508470885653 0.509113890804436 0.503290849946102 0.489441866253597 0.505783239024706 0.527622778959428 0.352900828626065 0.41773225868131 0.462436318847689 0.504325032607306 0.491152713048291 0.449714019051947 0.333639166920669 0.242173985447007 0 0 0 0 0 0 0 0 0 0 0 0
0 0 0 0 0 0 0 0 0 0 0 0 0 0 0.14066813969727 0.118756818898977 0.341726089728731 0.354904069636705 0.359946255437844 0.429409082645395 0.213618929260357 0.163410613777269 0.196346553896847 0.329448060829971 0.380038709185124 0.389731012693903 0.34491260916581 0.291236626021195 0.0360514694923103 0.00570421800316155 0.194997000685604 0.496929107171633 0.249090081958802 0.322487968495281 0.276467731683298 0.228131472666635 0.277686096895439 0.406576140897846 0.43606970196489 0.249685134471854 0.135510000525505 0.222776112877212 0.248284851226662 0.332223631679721 0.402517623733497 0.482415042077767 0.626150805021622 0.715320349545993 0.819109606692837 0.818277107081419 0.581180360515307 0.573235224932775 0.614632668690449 0.591976141780682 0.433761545202605 0.333274033732546 0.229708467683445 0.174032677548883 0.329509382801403 0.194568005068338 0.0639980364424852 0.13182347681853 0.216771922901624 0.435442221081975 0.531849566061698 0.333842510017885 0.374780388021125 0.430290133437755 0.565447911817962 0.614645276493448 0.612047457697634 0.5214900762302 0.52176484768275 0.522586642077421 0.474229919346569 0.472151121307081 0.495528525818547 0.486677316312085 0.512560145446717 0.262589881971833 0.269261319092582 0.338240378616284 0.421384236235954 0.250361231449961 0.413966139667766 0.340543578875231 0.11075723115046 0.0957158529101872 0 0 0 0 0 0 0 0 0 0 0 0
0 0 0 0 0 0 0 0 0 0 0 0 0 0 0.165872871197822 0.0305321371612955 0.181521903057504 0.179568191192628 0.248111217055729 0.175857442946752 0.0421016936756153 0.112976784681753 0.183329892919771 0.249211682664045 0.361979425347237 0.292007363665334 0.196689728333581 0.251480057259073 0.288540198605775 0.284146845658499 0.0967429463969983 0.188436512956379 0.189707720695381 0.163758702541621 0.195739469166044 0.299228084983326 0.259157538695537 0.390883303426842 0.383203253333089 0.341354798691422 0.281168797837692 0.254654592519889 0.30887304540171 0.327100134540993 0.399092243972709 0.452704076905698 0.556653097234067 0.641764774668089 0.229536211679242 0.171632044878854 0.370508736852355 0.409558566226845 0.392840387111096 0.460242682377263 0.503266815548559 0.439042181589925 0.428426506249183 0.462887915652503 0.522947457529863 0.653134627081198 0.779140311304524 0.808970139794423 0.800524533946886 0.717529655205745 0.571325975733724 0.373633282768556 0.204375323702943 0.147826447932504 0.233375053592341 0.371786223967193 0.530396537856351 0.557399645354277 0.559044600882243 0.42192831041617 0.267760939900052 0.320505547601419 0.523123068638136 0.469472334046942 0.440342260528691 0.146171605024019 0.247216833132489 0.270039513154789 0.186255966961984 0.0968645830790251 0.235954191727388 0.0467052570803815 0.0166822291458212 0.0951468714800007 0 0 0 0 0 0 0 0 0 0 0 0
0 0 0 0 0 0 0 0 0 0 0 0 0 0 0.426206841846286 0.268695733867071 0.327569137335561 0.337619474911832 0.408455272991415 0.41181516213777 0.40679416870183 0.395409278917028 0.399880725161394 0.294088068648758 0.325660893653152 0.17204888084385 0.386871637102982 0.467762647582563 0.501846406389376 0.545715506043203 0.511375627356453 0.516125959948272 0.481572073099198 0.354437943161029 0.439320746786868 0.524632592509769 0.52579299051766 0.515608006570468 0.511966289166518 0.500907105397881 0.436480773519988 0.326881179181261 0.300772415622033 0.344793958251094 0.398134246715619 0.392930463347385 0.351041074797154 0.183131238783964 0.138688839338336 0.0874692419762617 0.191093283787063 0.107027761467773 0.104496969030812 0.0119194917016745 0.0131909991689113 0.0139822555187553 0.0390174821801571 0.0769492825528404 0.0774869333661973 0.0736938258491922 0.0603897343230567 0.126486966711732 0.289593531595312 0.431804238555401 0.565005643899857 0.471042963314914 0.401189533123044 0.427514125726888 0.429868931913932 0.419259944504533 0.370490299754637 0.370663598151834 0.415246450227936 0.26980085023145 0.154680619562218 0.233833531873832 0.37398357458162 0.432170623246444 0.343935117772449 0.289838816673555 0.203520780176208 0.187985676398856 0.218370123393016 0.252237245565427 0.128401226744193 0.0992489831008206 0.0622833591719737 0.109482993389708 0 0 0 0 0 0 0 0 0 0 0 0
0 0 0 0 0 0 0 0 0 0 0 0 0 0 0.538537594302765 0.336698186493253 0.378930543194019 0.375034308974602 0.343747697224006 0.327364875864391 0.364864457942907 0.38362510577756 0.339936911864318 0.353295363169352 0.356886250616562 0.398342676752842 0.428691159263608 0.372498691225939 0.415992881885946 0.370604017959536 0.446528512992103 0.49275480392212 0.505973786790377 0.440961145269256 0.5298211284953 0.386101217005465 0.40836779694459 0.452613604886393 0.434871240550105 0.361099169547384 0.373549799643663 0.333459388533723 0.325585565640564 0.360169555722476 0.398696224121976 0.322327967718794 0.247286143000275 0.169417506879262 0.242639494593655 0.0947759528543203 0.156366960871611 0.201840387611708 0.200135299907255 0.157436886067677 0.00969059393623446 0.0237562970326884 0.0496864992705372 0.0164880200519265 0.0294122969378316 0.020227283743424 0.006998540102708 0.017131059858469 0.0693185214798633 0.189419399914349 0.442059101344537 0.496551064908618 0.439724853921974 0.472256705286616 0.530411057967592 0.575336368527829 0.56707584648161 0.470476032814775 0.385489454472461 0.51649351988307 0.468517175575503 0.268430857103606 0.193843609673579 0.485762016543242 0.452160570809702 0.448327524983285 0.233465819968014 0.273933738241546 0.415941551762216 0.403038633495753 0.192527378430356 0.178746519956497 0.352600110109193 0.393220932948373 0.0805838026896871 0 0 0 0 0 0 0 0 0 0 0
0 0 0 0 0 0 0 0 0 0 0 0 0 0.178853087229985 0.404304226094948 0.395769724329987 0.293399122107813 0.353711764165398 0.324596484247775 0.353168894440895 0.37543280625675 0.315836388627324 0.376009800971497 0.319022308814164 0.377683150516841 0.386262589223603 0.300413934642997 0.332190329110006 0.432154297136933 0.392468766326654 0.370356032240021 0.33328036006814 0.355782350953221 0.42955489893724 0.448607527026586 0.417647193541248 0.348326945856555 0.362375164754841 0.326901542137515 0.346137603689204 0.342909309344648 0.340823826633529 0.362758970557443 0.412875226239232 0.352187461000444 0.252920959466331 0.0799327062647013 0.172902953080007 0.0890098620677456 0.0147953255005145 0.0614844286482359 0.178172790046082 0.20152957649766 0.0372690973308091 0.0143653371212265 0.0794220601809597 0.0662519030814528 0.0498481404473558 0.0399022690797764 0.0163111680790966 0.0462582589487067 0.01074433269402 0.0286059065635474 0.146302757388307 0.394800923401704 0.529521542560734 0.483559129181163 0.42016291138514 0.485723345129151 0.479135114063875 0.425650773817376 0.467873509296112 0.53486977816316 0.567806986663314 0.57924625465175 0.387398986711382 0.380933061312859 0.480208120116278 0.474131527678272 0.436678123647337 0.363087053528182 0.318186864169706 0.41565963947874 0.472342350110843 0.450878675393401 0.34160825028133 0.444891567192511 0.452825210321183 0.266896309653582 0 0 0 0 0 0 0 0 0 0 0
0 0 0 0 0 0 0 0 0 0 0 0 0 0.486638466475819 0.4003156742394 0.390470146654133 0.384494557269632 0.350609217309511 0.348114001136872 0.354027248032927 0.365184968872741 0.377795828556791 0.349643461191271 0.388704714818935 0.337885399953506 0.387519580327463 0.32048418062088 0.250227198634211 0.317710388892728 0.439823633177492 0.38078256206794 0.328324718102396 0.321015193814039 0.41888911870177 0.447580659922087 0.444717887997448 0.327746111966372 0.320343178096939 0.337323777586593 0.376050049236356 0.319165774620519 0.331314887285066 0.356958898825428 0.376437102331576 0.196528047078516 0.065851053513607 0.0318454656258886 0.0357445800471381 0.0104700777249432 0.11698283569368 0.202786083821735 0.263391258992581 0.244535533802608 0.0476260117331922 0.075799238187794 0.080166393423642 0.491573077743994 0.0506891427782407 0.0447396397047924 0.0434900578021666 0.0186632061904294 0.0349738300999154 0.0354339983744514 0.033618783616179 0.290810372056672 0.572564114188838 0.594820896910365 0.454087731959717 0.448295503072962 0.547925531511268 0.474843809518482 0.3944949052958 0.476134843885283 0.449738931052135 0.469351590426094 0.500305507137238 0.391373603506875 0.450537115705985 0.451064232523593 0.462950122010181 0.450536253771759 0.373596901412933 0.379548265777715 0.423144409102574 0.435536232949085 0.39548524880917 0.46590007823318 0.420385220178332 0.223744291736569 0 0 0 0 0 0 0 0 0 0 0
0 0 0 0 0 0 0 0 0 0 0 0 0.0213913171729452 0.511835190605129 0.40345073407976 0.341106652751645 0.248199502703403 0.327602511823327 0.38128919072265 0.369671225859228 0.370534457732245 0.374079569641332 0.368961176442382 0.349253349774947 0.352236852483843 0.370736184063832 0.367775614193113 0.328006123942997 0.385365421551043 0.320833266488582 0.443111655590511 0.407639436917283 0.299721475703579 0.367155422958298 0.435132867902823 0.452336078531166 0.366361233734502 0.317648762344368 0.340184194339626 0.313863382834697 0.340858077146343 0.314296483037517 0.359746769478495 0.191033918953081 0.0162813238189118 0.0335131407790611 0.0357308416801244 0.0139146021841079 0.0678860363668158 0.357504044004793 0.466078315318769 0.50384384622538 0.542973791569852 0.582286870726686 0.33520100895225 0.479079045662897 0.91069713661038 0.807295988614015 0.351284310316443 0.156018874033594 0.0723617558244666 0.00943436300533564 0.0205679376499464 0.0098843155165912 0.152947325233923 0.517799922236987 0.669193816246275 0.555524549289908 0.559502826086051 0.522704257422316 0.577469029196339 0.545473679977772 0.460365569530711 0.418921564189796 0.449862231315796 0.430553315247731 0.478538516678895 0.470440542491677 0.559376945943149 0.505423103588839 0.454860750356894 0.460790540325524 0.42645852350654 0.404418156756743 0.416775599375731 0.346975523785636 0.419263062492266 0.432197514552736 0.0897709141908845 0 0 0 0 0 0 0 0 0 0 0
0 0 0 0 0 0 0 0 0 0 0 0 0.0404910478839511 0.462618968483158 0.417882388929232 0.332922076174564 0.384679010814342 0.360308090595842 0.366045378186302 0.351406441929175 0.374734313829167 0.371307595631141 0.372398060999773 0.37375507964869 0.378430204936514 0.320853725367818 0.377049456195372 0.361689954941167 0.350396170135912 0.407839649554127 0.290454185666623 0.398569369041589 0.336255979696256 0.348889764628828 0.39698056745196 0.431880792535729 0.323989101407044 0.318932853790355 0.345003793185603 0.328460062532831 0.349015161279795 0.384856551189357 0.224830562966085 0.10102818504852 0.0313764162416026 0.033510830261411 0.0423135176374946 0.0428244675947069 0.352948200660523 0.669876571661334 0.630522729819812 0.608911841203878 0.593383236409354 0.633527778128955 0.644895815170206 0.79440570260248 0.922648004836056 0.864389020120143 0.683752959893716 0.450517249221675 0.411604030924323 0.115459485018753 0.0323720671495457 0.00358904174901385 0.0454458290913961 0.384667929583263 0.734408330517288 0.702602365699302 0.676017059436327 0.645459718345126 0.643959727937897 0.613504095765846 0.530726037797199 0.44254226515731 0.449874752982743 0.440481355265448 0.456290363434271 0.483514525418383 0.508911013127132 0.458082505035596 0.440020664734167 0.348038647340836 0.391650939649881 0.399128853329171 0.404700562275111 0.336212969001304 0.297988001908976 0.398057831164806 0.0836426459719179 0 0 0 0 0 0 0 0 0 0 0
0 0 0 0 0 0 0 0 0 0 0 0 0.0386784142616455 0.447928130300716 0.424108861883109 0.325759000293006 0.395276402125666 0.366916178934879 0.380929084247078 0.366418477831145 0.335268489083372 0.333751186587989 0.277697863789161 0.303032669801262 0.331859319264845 0.370750042849518 0.31064358666175 0.307352778469236 0.36426381766395 0.385029378929181 0.435041047487522 0.356105445060234 0.436573905098749 0.334216690835085 0.342812442818826 0.325468854353527 0.299949874624908 0.320890639546444 0.331203551146035 0.347107805649929 0.358559736568009 0.108803618585824 0.0962512867064152 0.0359550449908692 0.0265288985085975 0.0440230332687644 0.0144593835895642 0.406221477629917 0.566668875525274 0.470187956772885 0.440421350375841 0.408397649751962 0.375930803646568 0.374213076190041 0.523027446672306 0.656914726137322 0.89877928731415 0.78159458951298 0.741488990048359 0.631586073668483 0.642063517232947 0.597546519017178 0.565587371117934 0.134953892514768 0.0252661408741908 0.180036497733686 0.666324676352867 0.821380890800757 0.722140385175631 0.71235302108586 0.694362847108157 0.65942291153857 0.555542310137804 0.445390868974698 0.469255375740619 0.46692768307663 0.472453002041028 0.47816156645553 0.445758968940607 0.436611859346937 0.413908733252698 0.353664314033741 0.31408580855823 0.369396517601938 0.386414509998915 0.340029988570799 0.364718606707127 0.313902480152297 0 0 0 0 0 0 0 0 0 0 0 0
0 0 0 0 0 0 0 0 0 0 0 0 0.0200608239235768 0.380304466128693 0.439986502917963 0.331550519276763 0.347420579719749 0.363003788306008 0.373631294376378 0.36567817723156 0.379168884313012 0.327485630458748 0.352688807671367 0.351951687118936 0.290672985515554 0.295556060164592 0.378556632591942 0.331498114086768 0.419185685789693 0.353477454068482 0.397706796903674 0.449994078401575 0.330617300518648 0.397180066063891 0.329432077093116 0.325890911309399 0.343332041927962 0.324340923098767 0.339863442427593 0.364810240883295 0.153351824577054 0.0100311088865976 0.120434227188358 0.0225713325431716 0.0342194161316645 0.0196781180586653 0.264887734619382 0.593203962251778 0.42683805353473 0.379076606745308 0.409271375168219 0.405700598034908 0.431471329308952 0.431401829921349 0.412440767725631 0.550133924240861 0.703987010691515 0.612833065888026 0.72704331902274 0.664679806375111 0.736434203414877 0.748340466332645 0.779311812858525 0.759830147408299 0.605754908715375 0.276263904078384 0.466863359862104 0.779891353112013 0.7548828688506 0.777498549524193 0.753925814046135 0.726213314052899 0.67778812143843 0.471551352218898 0.386449034687759 0.497404438225094 0.496218295680779 0.485534216929995 0.420512910147822 0.410175713863907 0.369566397790113 0.385048280993557 0.339188102193354 0.355619107689295 0.372121377873542 0.298378177098969 0.436738093305495 0.0935810755037266 0 0 0 0 0 0 0 0 0 0 0 0
0 0 0 0 0 0 0 0 0 0 0 0 0 0.315630122494825 0.483599921180293 0.404479276113338 0.354473790829083 0.334292580453725 0.357305380411176 0.355708530636851 0.350063786395436 0.35612849258886 0.421730041669972 0.408615653105536 0.400658201394385 0.366827946917768 0.417569431549524 0.334307361274584 0.400799684330157 0.301894653781847 0.35098203588614 0.374898398513128 0.421198080472154 0.394460469793349 0.327690245284875 0.352319543205871 0.347991209108815 0.320271764494042 0.375904153773026 0.351923711617342 0.00632324639647237 0.0361010555236583 0.0643182929839116 0.0463654105973219 0.0145116594866439 0.0922019159807892 0.556671993296532 0.491578446762065 0.516038415280319 0.530484419835385 0.453805116015307 0.399592941755531 0.36141682931872 0.473150672740141 0.538636038372765 0.509064959892473 0.590352673905993 0.584054838351918 0.781569898807488 0.727126298355283 0.801825692074514 0.747848494411081 0.797608185460778 0.810321188717341 0.897267325215638 0.865807465740411 0.716371745900439 0.778634221089117 0.810562231323916 0.810495292774102 0.791025647129199 0.781338807512387 0.564856815040641 0.495277941352202 0.404250091067066 0.432116117245509 0.489927382435914 0.485113374007047 0.475612357492543 0.486235391392397 0.470120051457035 0.471182204227786 0.368485171587357 0.333847006343514 0.281648458490953 0.352065295089493 0.415149337184793 0.17823770444781 0 0 0 0 0 0 0 0 0 0 0 0
0 0 0 0 0 0 0 0 0 0 0 0 0 0.13238138911481 0.450707330111605 0.419750933334078 0.342034311982322 0.344998503304352 0.357990753757255 0.338135704222292 0.351876944153128 0.385613766862848 0.36799604233895 0.366045118750533 0.337572347737275 0.382127766980234 0.356154518170497 0.394305620819025 0.358694240010013 0.461938622944887 0.41961124666039 0.341277774132194 0.421113563646943 0.390585689938669 0.351883902797837 0.397179548224014 0.378476983201392 0.334429063336459 0.451691227006977 0.0137800481681371 0.0169679967498964 0.0298871646953331 0.0420299905835999 0.0182144648455547 0.0578347672801857 0.521730335525395 0.505555208902836 0.53905547940344 0.589257544954517 0.599980525287738 0.566324188762696 0.556120431913943 0.527080944248325 0.527956390382571 0.610688999626245 0.614323145400604 0.70932606482879 0.75810581830565 0.787246173355377 0.845389767161645 0.814753860546751 0.814043673357272 0.763419062124306 0.78383016856922 0.749209407588026 0.809614117277737 0.902294699854212 0.866566188265169 0.828772947307838 0.832390531294246 0.818037456095142 0.68718689525894 0.510265297677105 0.538056406274913 0.567915622080565 0.480681524090793 0.487490566336278 0.543518120867735 0.55193607670191 0.633156472042903 0.58348212126384 0.516978496957023 0.388285135404071 0.295500404189885 0.261330654254369 0.341375311566193 0.400261118374993 0.38316498313634 0 0 0 0 0 0 0 0 0 0 0 0
0 0 0 0 0 0 0 0 0 0 0 0 0 0.0884274001879524 0.413696604624208 0.2725646263177 0.363077913582548 0.375319825505316 0.333988673553186 0.325294136434462 0.325179724968467 0.37210976268159 0.34257810655015 0.375914503773085 0.377526870837427 0.370943307744806 0.384720574407193 0.344511031531996 0.266248714980566 0.39461872073934 0.410895291850679 0.346665013018027 0.364595529953018 0.405408425444463 0.37412857808427 0.382665261984957 0.360163890407331 0.402887799487283 0.106663652354375 0.0227345418812651 0.0241827102223452 0.0410886459896102 0.0191466342408133 0.0613658459940718 0.477490709131925 0.54726602385805 0.665449830856026 0.756860643821655 0.784289561524548 0.796870148982648 0.678995181285528 0.54856320549763 0.459813328404849 0.407903850822737 0.366894471212727 0.393025505997065 0.522381795288191 0.707703362940315 0.750338516230374 0.843480685215073 0.869118512718257 0.857575845526391 0.813904126178585 0.779292978823003 0.707890158282899 0.720828146856704 0.832611189052344 0.886735379533349 0.855885180194468 0.82452511273604 0.855232255821067 0.600798440718618 0.585471073882798 0.591417613726707 0.63064916238866 0.632011368803841 0.636817751297067 0.672173020414501 0.691872903937415 0.757525362988321 0.699785377264368 0.658417143008448 0.483863643041 0.309788678564021 0.297495399416229 0.308489284781876 0.340618420539703 0.398708886448858 0 0 0 0 0 0 0 0 0 0 0 0
0 0 0 0 0 0 0 0 0 0 0 0 0 0 0.363837725703781 0.292220257979671 0.365233013890198 0.357677267370683 0.345306250576378 0.325754557114579 0.333587849633532 0.345175731410967 0.352816150293217 0.364835374150437 0.368915785455344 0.373305993736339 0.345767074007464 0.38276496402724 0.3765285367677 0.358562938446498 0.359402319121591 0.394221723979127 0.370334285164504 0.363096278307606 0.353548486526472 0.333401912879881 0.37303712133954 0.156290128048611 0.00440657091947846 0.0184109370152878 0.0276248125481991 0.027549863572925 0.0830610112544989 0.567149222337396 0.547669829640761 0.650245101509928 0.772740980609394 0.823855981288059 0.848603485631732 0.849321054323826 0.887604431054192 0.806111055938769 0.605996491047957 0.392962479317364 0.382889738556515 0.315875304117251 0.353123755831701 0.425952131564635 0.690696120086403 0.825446034055882 0.931551557813376 0.824451552585382 0.799693683447946 0.65665768911534 0.61890035333737 0.608330663784902 0.789207018185514 0.886570058569758 0.893352857893734 0.848266412846976 0.869411916442872 0.687704227338355 0.60347741157954 0.614439011456882 0.619659437827582 0.620993216685859 0.621344995771604 0.706494212825534 0.747305568823227 0.784834482472532 0.787007380724638 0.683062049227669 0.384754202929552 0.269804056574841 0.352711374393085 0.384563366048699 0.386315577402466 0.360049955171041 0 0 0 0 0 0 0 0 0 0 0 0
0 0 0 0 0 0 0 0 0 0 0 0 0 0 0.195530732964143 0.408039832669858 0.344640844276354 0.360471374834027 0.321150456435313 0.367097806467276 0.302679982643983 0.350430864049912 0.327345891958383 0.316909818216162 0.343673398916999 0.373735775607262 0.344360114740375 0.349808143278289 0.342223480032747 0.365919083033572 0.396225705268296 0.410912212976555 0.361849004694451 0.355741876018877 0.376438026066795 0.368271373986373 0.277026091530757 0.0716147344437314 0.0950269043140366 0.0770285948384726 0.0632222469507651 0.295104397915834 0.565224581427723 0.540114536893178 0.613568762147236 0.60364077403061 0.511999624364509 0.536837801240095 0.720601732549299 0.753814505791761 0.838572331106872 0.94017391201055 0.941879791312158 0.736255264042331 0.699049730071037 0.445511047804531 0.329833817500642 0.331817509216232 0.559207210201959 0.862568579522643 0.903739970669118 0.724188754610078 0.689028410515864 0.628757553052222 0.617250594942626 0.606564500409526 0.688055637613818 0.866320252535874 0.900971584912348 0.895030172184436 0.884312779310667 0.759274143249119 0.725613782356054 0.676572033150509 0.677794610338362 0.67645274350568 0.68846417450559 0.789009098101394 0.78122869156649 0.808943744077241 0.660192497221207 0.48380824495423 0.351547042658718 0.35260487595856 0.368131814753808 0.380783671844753 0.42169155593487 0.0391113917974034 0 0 0 0 0 0 0 0 0 0 0 0
0 0 0 0 0 0 0 0 0 0 0 0 0 0 0.00237967724171901 0.397337351521075 0.365135783213153 0.351616530069565 0.309299900087019 0.294212802965846 0.317989413757978 0.343824367159161 0.338923486732804 0.356011234009838 0.314898560214924 0.320513661947149 0.373032106316569 0.346453771901556 0.340534187803282 0.331778654398219 0.356508585486805 0.386527450821282 0.363729020090511 0.379435208897016 0.360726553569014 0.363477630810229 0.333866469089168 0.32991334709858 0.381222580933299 0.356014707850513 0.563491432314624 0.585280086497577 0.453739661427379 0.496491178453211 0.449693918736043 0.442898831532066 0.410918108935624 0.476819660557672 0.507587239673278 0.652974593434247 0.751808310697187 0.864448105074432 0.933563271399567 0.989441129233769 0.876737989376134 0.825196596504857 0.543716733511421 0.379202322320759 0.372672650066532 0.867720260878474 0.825615639474733 0.673905775857972 0.588352029011951 0.616075952048102 0.597937720061433 0.589059913748128 0.599509668499241 0.793015880515788 0.866938476986602 0.890115620884511 0.893930382114603 0.882369478929564 0.797995392114087 0.769477719021788 0.76256934237125 0.748933923706426 0.747881844019204 0.812012129038449 0.794654083373715 0.727329662158812 0.422494873233752 0.418437673486428 0.443794442313995 0.395342209423847 0.361227785612401 0.422149131608581 0.221709244580749 0.00043207779058699 0 0 0 0 0 0 0 0 0 0 0 0
0 0 0 0 0 0 0 0 0 0 0 0 0 0 0 0.171933204949054 0.323588077967208 0.358054971997901 0.351497357894248 0.34566877632262 0.3659841832342 0.328666886658194 0.349118054826439 0.38477131527225 0.350849679471533 0.37943531772018 0.393714225185597 0.394288559140778 0.384392015417817 0.37283786329004 0.364801609771292 0.371851995017144 0.35748732329749 0.358765464025103 0.348527815138925 0.379740978008253 0.466487432521818 0.511832944422429 0.561137765507358 0.532785390247758 0.478767058328219 0.481166252960906 0.525629129431198 0.413013670049591 0.400726284077747 0.380237488546853 0.409689010543607 0.497200394261569 0.489756572258277 0.564080253206151 0.664205173621321 0.831863966994587 0.87813824539896 0.881680371881862 0.98610082099785 0.956410863501541 0.909729093153203 0.687133806739553 0.472592564411201 0.734974164762497 0.698351411188737 0.59535423231063 0.610927810793089 0.590051488830658 0.5973518318284 0.588425164951026 0.59292695370531 0.629651318588046 0.861756704311103 0.881619180966436 0.885007918420471 0.876209724429566 0.826417437563368 0.798400880040075 0.802980227343551 0.77643155997033 0.795814083339079 0.823468546715094 0.721871179737477 0.492277865373118 0.424908108931025 0.394111276342509 0.374745914906621 0.412419755239277 0.361785539150172 0.423525181063229 0.052858649293122 0 0 0 0 0 0 0 0 0 0 0 0 0
0 0 0 0 0 0 0 0 0 0 0 0 0 0 0 0 0.324609455143279 0.342710148277193 0.353677682870297 0.332475191686311 0.344666022761442 0.344532246251973 0.343069827325101 0.349042204458336 0.437591373237893 0.417326125017007 0.39218244587566 0.410040977618589 0.341171410191307 0.345370340271176 0.334264912312865 0.370278158417415 0.375034213848537 0.339950570384318 0.334228512056504 0.338954248899091 0.349194688532982 0.407838316547155 0.462863609885052 0.497327496018932 0.534871715279335 0.598157228635233 0.493782965912132 0.370330421737216 0.316084918171762 0.377505776251019 0.440258351028773 0.47774218891304 0.490875490378707 0.543725268448781 0.579559116987925 0.758498067699154 0.840400545544587 0.84711763251041 0.817941854142894 0.964330492564073 0.958907259271218 0.929337947093522 0.854456142967532 0.65527546874288 0.494178992181499 0.590701310467341 0.594214222607454 0.598756826205602 0.585502483851401 0.586706082875379 0.563466575101472 0.592303396770734 0.740029814877364 0.86503340716746 0.889686167504462 0.871797489075063 0.832500885511608 0.828662488751156 0.812410458967994 0.839802120055339 0.843234794692223 0.732039001910112 0.488287732580744 0.43960765542631 0.44227033749076 0.410429892307539 0.40805395079728 0.424013198278697 0.406407154269603 0.058698129791718 0 0 0 0 0 0 0 0 0 0 0 0 0 0
0 0 0 0 0 0 0 0 0 0 0 0 0 0 0 0 0.153759007917162 0.295703775564804 0.370644244250317 0.361522735667479 0.347368504756527 0.357245874333526 0.437810061386163 0.395875948544507 0.341967120500611 0.381716039568411 0.431617084248323 0.373180971049907 0.326822990815591 0.364512706126883 0.351914010434013 0.34800154405404 0.361656904933304 0.315078018980591 0.304732790942816 0.293280106021371 0.326851233373386 0.496355702350145 0.597089045161471 0.584876733714234 0.626154082145192 0.579217430286932 0.385262369530861 0.32332326632365 0.413367138490103 0.400243868669623 0.40729721362383 0.481580729648955 0.478331946868871 0.485990908176527 0.491754928858164 0.576320804505859 0.759765635189783 0.814266628048431 0.62386394730708 0.866064275968431 0.936450492015837 0.989711732065468 0.955306996150552 0.919819225209545 0.554551602070016 0.62717745157152 0.606593242973301 0.584063373551086 0.587401523168452 0.585498309703545 0.565933233895482 0.58236742975385 0.635959595292458 0.847500479144746 0.87169786558527 0.860217973827726 0.869818434367365 0.894431049287148 0.89200756766192 0.872999426388776 0.861273169601721 0.670681704680473 0.527941155887873 0.545692975382323 0.483960274085921 0.448311204451517 0.397083768937403 0.46063730335562 0.259287787636354 0 0 0 0 0 0 0 0 0 0 0 0 0 0 0
0 0 0 0 0 0 0 0 0 0 0 0 0 0 0 0 0 0.140285824948812 0.43104184345419 0.387376191887016 0.416070789612709 0.365188536045739 0.335286649079872 0.433320123684249 0.449572106380295 0.434346405522102 0.323495078000869 0.318541857897468 0.311635467709729 0.345382363787105 0.331969389733022 0.34676700893221 0.322022607501147 0.296094231316988 0.418604983463901 0.450880931112723 0.295506462188324 0.431984078035047 0.605802246077842 0.65167140105179 0.64025692604755 0.521521471839411 0.390396413052226 0.293976939734905 0.457940128052138 0.421305767748766 0.400662638133885 0.475473274077695 0.482741705472518 0.472281449771164 0.499175647521569 0.518992720609668 0.634050855207108 0.768996828242678 0.478244313561814 0.698068559879784 0.914572487025268 0.920695067337199 0.938901589155627 0.917882766627371 0.663385567144424 0.614671591156444 0.599322655701105 0.581709856210439 0.572710590947757 0.582101478739983 0.560043856515622 0.559175879967013 0.629195072977858 0.822996473490071 0.875436091725624 0.900379299075782 0.887131899773638 0.887010647002557 0.894642695856529 0.865349288723706 0.852209196568694 0.820232714197261 0.729583107249245 0.627314424594157 0.558923658244529 0.481504062041638 0.436745127088397 0.394342385393031 0 0 0 0 0 0 0 0 0 0 0 0 0 0 0 0
0 0 0 0 0 0 0 0 0 0 0 0 0 0 0 0 0 0.0267289440704994 0.150933957478157 0.321480652900014 0.424432710151791 0.437669486371067 0.392989341547676 0.360622608057229 0.331817136183236 0.302951023976301 0.285775844697679 0.342663886556693 0.332703213765274 0.345321375145894 0.324677252778576 0.330928478287647 0.310207965424377 0.352325339367643 0.473837673141414 0.449632741666546 0.290083264378577 0.376623638766736 0.542376366767034 0.614941970360201 0.61424393677289 0.455514583150228 0.386381941192358 0.213948185212637 0.46044740189111 0.433439515538099 0.392608294817024 0.424631796891498 0.484300685704589 0.472277179611704 0.475190938023712 0.515473834135916 0.5680895731157 0.682605804530077 0.420092708363663 0.581326570560671 0.91749227649004 0.885142941439602 0.802883899237412 0.559002138553555 0.646760112364506 0.582427824620751 0.586387364365783 0.578828787396791 0.568478972105681 0.58034165077613 0.561277581084765 0.562332510907618 0.665826416215135 0.805693643767155 0.877104837825601 0.869643153780819 0.862615905064626 0.854963512709867 0.876824871099665 0.870984559344594 0.872475673063508 0.861233051831708 0.835409116840447 0.788420185027928 0.627232500877828 0.551252085575482 0.47135228655555 0.405134242788536 0 0 0 0 0 0 0 0 0 0 0 0 0 0 0 0
0 0 0 0 0 0 0 0 0 0 0 0 0 0 0 0 0 0 0.0194586231144184 0.276690113901448 0.42883270107451 0.376492403443407 0.377417571591573 0.361107644558336 0.345152908468207 0.387280379736028 0.393836951909067 0.347872901415422 0.334083109242215 0.354391648076218 0.37098179994319 0.35740993117883 0.31931967310675 0.432197311487692 0.304938190077486 0.429950395860139 0.317591201027344 0.339679956719145 0.513235525433456 0.580491801788547 0.562125006507931 0.438107996211221 0.3497363479399 0.430338675623277 0.425903455155402 0.398693899717596 0.439126025019464 0.401985074776806 0.481892506007592 0.483930212793386 0.449286280323036 0.486040454491187 0.585019015309144 0.714644832929228 0.403431755999772 0.455429927950301 0.869735487225404 0.732946439137393 0.493536554673604 0.432359761834612 0.576127899563436 0.582562321527089 0.583878735471348 0.56238898428593 0.579089160902525 0.581168578664842 0.566164119104288 0.517389598987771 0.63670454864615 0.781413987194881 0.795385118784493 0.819998555826468 0.830541729288029 0.82798906096722 0.830781121204524 0.76497461537044 0.672055090193974 0.808492045312357 0.838190560192979 0.833784470993677 0.746482804794156 0.668150006591817 0.63197857962466 0.305645066883944 0 0 0 0 0 0 0 0 0 0 0 0 0 0 0 0
0 0 0 0 0 0 0 0 0 0 0 0 0 0 0 0 0 0 0 0.244715750964325 0.393375280855793 0.408449838785284 0.386750957886974 0.38292023546507 0.405207810154067 0.384986495632055 0.329897020397805 0.357591597938087 0.34582742077047 0.360811354312532 0.373858987195287 0.326623002822791 0.322757354290396 0.4397442071064 0.297540082481736 0.441982077482103 0.312567639537217 0.319151690893128 0.46394480389452 0.52570683953536 0.496310651125149 0.413695861519937 0.315841012241189 0.421663437826039 0.394852185802357 0.420638178668311 0.455762236913159 0.407325340073908 0.457021809190406 0.461379352101215 0.465930308634512 0.41613871884081 0.577910103307523 0.733049540807949 0.394121923690759 0.477718396714721 0.7542155816908 0.44214627679157 0.479922826629009 0.473815331961454 0.524790061562324 0.580240210323349 0.558884027596551 0.56495911920008 0.569091649044289 0.555900665661243 0.552523442804945 0.57256964533642 0.535996745909908 0.621363185953541 0.652520104885662 0.707237982521835 0.775074277840172 0.693769273008337 0.539993650196612 0.495771248839261 0.466904009782002 0.541538131545341 0.743557226689618 0.75372050797691 0.775870110929514 0.767132613149788 0.53273343289746 0 0 0 0 0 0 0 0 0 0 0 0 0 0 0 0 0
0 0 0 0 0 0 0 0 0 0 0 0 0 0 0 0 0 0 0 0.0329129978384734 0.353865766473428 0.324338130702422 0.398454373164723 0.433946521064942 0.398069915226145 0.367433458114685 0.349228796043816 0.352837790619043 0.374503175995595 0.392444374939318 0.400145465194366 0.337835738750181 0.361262734421501 0.394601458840731 0.406003561286095 0.434324653098175 0.315933590847392 0.31306620701437 0.450268252876587 0.474855232591838 0.424214002075177 0.400143286776008 0.306040789105063 0.39036565327466 0.278442747907463 0.403124318419356 0.399242055723693 0.419852869086428 0.421709301671107 0.489409742272934 0.465614185807201 0.401468381276988 0.569492152436153 0.745899712211433 0.450744923661426 0.461717861613266 0.519315493952791 0.480516296272474 0.443566490843382 0.469653617311806 0.535186067707164 0.561657396285494 0.563847284506837 0.5589855128377 0.560372484035138 0.555006341965457 0.555880759972397 0.570999101425174 0.509945763814375 0.507053994445068 0.531241022992128 0.662863497272136 0.716167510009766 0.53852065478691 0.474300831137234 0.467154524457887 0.416771037114339 0.422654697855019 0.476549625715478 0.484991024060998 0.488516900907992 0.452025715231114 0 0 0 0 0 0 0 0 0 0 0 0 0 0 0 0 0 0
0 0 0 0 0 0 0 0 0 0 0 0 0 0 0 0 0 0 0 0 0.135072724589109 0.360733922151156 0.32840155266724 0.352564514816948 0.402691336150803 0.445902249015882 0.360822324437257 0.366001112687116 0.37889037598267 0.375620688250665 0.416766196229605 0.338457031693192 0.388534260584548 0.433654788329469 0.403515772545017 0.417700038406942 0.34870140483099 0.310795649744954 0.411890903548589 0.395971518484093 0.393127446433502 0.455865349394186 0.333606852041819 0.344267128063206 0.359737447458941 0.361743734257844 0.334041513199004 0.441177601497479 0.446378247034873 0.50947305111137 0.490512069073477 0.466302900599835 0.721761872455482 0.738585878768796 0.506606836147449 0.447895573978969 0.4896596729107 0.425106430416496 0.644410411253089 0.465073832463606 0.5478977801866 0.567880870002437 0.551804309727952 0.552637541289508 0.542807223331472 0.562894149840666 0.639961689249774 0.569968612545322 0.434149013701372 0.465951823677926 0.549181497028757 0.656836876488774 0.67119148415956 0.529218787022822 0.51573382275096 0.45228844760079 0.370958549058625 0.362023024418027 0.443899046887764 0.448561779128228 0.291101627272342 0 0 0 0 0 0 0 0 0 0 0 0 0 0 0 0 0 0 0
0 0 0 0 0 0 0 0 0 0 0 0 0 0 0 0 0 0 0 0 0 0.255646371794503 0.417066744747411 0.332027179302543 0.398594258146981 0.364902483134311 0.373325041020262 0.36804468958494 0.390354873736257 0.408901308142886 0.384273783079774 0.377531003680215 0.378413194821779 0.459205116039661 0.408652721476806 0.400441964691131 0.362088463034462 0.311086069541832 0.333602757767656 0.322252025229639 0.373253283396754 0.429423695286967 0.384777576394589 0.335595286937257 0.416193225483067 0.348460175070996 0.307476900730615 0.448627314083693 0.433731191862932 0.494584404358414 0.476872301197449 0.520759275698914 0.732431825171911 0.74137403912763 0.597880949352519 0.459465864906903 0.337171397434546 0.45571311576192 0.683475973710989 0.55911831545082 0.565888946906593 0.554641335493245 0.536635949749895 0.548019221979932 0.540486959764588 0.626264726746174 0.619736979439916 0.502571286336309 0.425333305277069 0.428452463147114 0.524455093667801 0.65752163422109 0.653392332190354 0.473627553756188 0.522088509074355 0.535417370422083 0.400032451325546 0.326341464156806 0.387086825146471 0.118712218881042 0 0 0 0 0 0 0 0 0 0 0 0 0 0 0 0 0 0 0 0
0 0 0 0 0 0 0 0 0 0 0 0 0 0 0 0 0 0 0 0 0 0 0.357538901416016 0.434332020578295 0.286413197575136 0.377858211690718 0.399745175897881 0.373736530865535 0.404572980936659 0.422774970724457 0.39682944851669 0.386649061714617 0.344741156780177 0.41404515697279 0.408196779058414 0.428668193104418 0.344142786149677 0.311779842967678 0.342006242779714 0.36159172293028 0.392530620888706 0.40658650776238 0.387465269488021 0.303688097771749 0.381656931124006 0.425155907322242 0.332047962618389 0.440930789423153 0.425161254762155 0.507273852175467 0.466313360805147 0.555713457330215 0.739300369162061 0.762606811355071 0.720074465816557 0.468172403434207 0.360870871005145 0.668385097853581 0.693321101811429 0.676829205349395 0.526451483765025 0.522325396212595 0.525339776248394 0.518270589089276 0.569376323002888 0.575589930139996 0.502208357608413 0.436212250413396 0.398004306999628 0.442627133834293 0.520371457818268 0.667026405261245 0.594251065643296 0.398507738561411 0.477718311307255 0.577429016454323 0.457465092959371 0.375882440476513 0.166118580895259 0 0 0 0 0 0 0 0 0 0 0 0 0 0 0 0 0 0 0 0 0
0 0 0 0 0 0 0 0 0 0 0 0 0 0 0 0 0 0 0 0 0 0 0 0.122195632986691 0.41033577072699 0.244402623058892 0.328527767642527 0.418226012766694 0.365216847562576 0.412406004523134 0.40589278609894 0.40514566798475 0.36517672012267 0.43889495961876 0.419685502990564 0.417164145692095 0.347316733340264 0.313102624301622 0.323718697457588 0.347053422896493 0.386219196228956 0.393743480713035 0.449020320778502 0.374770563700903 0.368437708396541 0.43520381484849 0.443131560180721 0.452250501871767 0.395033917988647 0.540855369286808 0.486691429566001 0.633056169119675 0.794189806073932 0.746240779669916 0.729583090829235 0.568490562756239 0.471231850843735 0.72846815619863 0.647246442287179 0.567624498817586 0.548800847041751 0.498858772539766 0.510452291682068 0.526530821517673 0.548902868401134 0.583442654163826 0.50185614525275 0.463269390624651 0.420993188437244 0.446135099063161 0.536138254166402 0.670790820019089 0.562838456910783 0.386413270772451 0.424221002675747 0.525438597845378 0.212236181264303 0.000859725260478441 0 0 0 0 0 0 0 0 0 0 0 0 0 0 0 0 0 0 0 0 0 0
0 0 0 0 0 0 0 0 0 0 0 0 0 0 0 0 0 0 0 0 0 0 0 0 0 0.346897814469598 0.207478571229297 0.285574663096846 0.418435152997808 0.443631815931595 0.430429404465031 0.398462804808633 0.397870603750388 0.391081713655598 0.434833964195635 0.356732757324141 0.293983218301478 0.334814373218708 0.333094285284109 0.382674342992547 0.334635220996897 0.358860783285537 0.470028326447192 0.383174995909881 0.338986762394322 0.41426875809703 0.41246070226653 0.427480277095399 0.364812811135939 0.551631787877134 0.564615734620419 0.671414046802661 0.767742999387253 0.809721502871824 0.763693134677807 0.678602147284469 0.523645119107051 0.683359504439843 0.689731214842964 0.625469411924934 0.560021238680934 0.484608566124018 0.502817843573037 0.543362910103847 0.552403207085512 0.622311439288389 0.550035780720927 0.455771780943144 0.456848992422739 0.476738586326612 0.581330886691695 0.687296948175326 0.457651578140851 0.440910652524152 0.396351610528965 0 0 0 0 0 0 0 0 0 0 0 0 0 0 0 0 0 0 0 0 0 0 0 0 0
0 0 0 0 0 0 0 0 0 0 0 0 0 0 0 0 0 0 0 0 0 0 0 0 0 0 0.545604834863881 0.341066680192388 0.113855813692934 0.479478598697224 0.43144103700921 0.420648616822426 0.474769670854679 0.406320412449682 0.412831714401777 0.323848273699531 0.335992713598422 0.372271149579104 0.326216985321003 0.401360783373483 0.367476174158654 0.327019433689296 0.339592200405424 0.380562910499601 0.398466777211974 0.339510471193705 0.4200222037909 0.336906245937616 0.345339705665077 0.505781118487699 0.618525074172827 0.712204656861817 0.773524589879915 0.776696287800253 0.761697799070424 0.704628890253225 0.595184400770258 0.573096314351533 0.608804164312897 0.712250517337236 0.494236686037074 0.462764330659408 0.52553552964467 0.513447217208608 0.657621284433995 0.693776951832759 0.583830718899369 0.484433357610444 0.451960579042708 0.507100796992918 0.636818566376893 0.559428699654043 0.418480216913948 0.398583923512939 0 0 0 0 0 0 0 0 0 0 0 0 0 0 0 0 0 0 0 0 0 0 0 0 0 0
0 0 0 0 0 0 0 0 0 0 0 0 0 0 0 0 0 0 0 0 0 0 0 0 0 0 0.0303628036321985 0.519542131328672 0.378861750973647 0.104293509255929 0.239589264080294 0.343215920495594 0.266972998041965 0.441623049482358 0.392376064474305 0.35945722779502 0.376212274066546 0.377640867790822 0.354650812862259 0.387042615614142 0.376136636689097 0.342867532305858 0.322061807159011 0.3709373410475 0.393566517897298 0.395058593185376 0.337056160584272 0.243660435710935 0.381596187408991 0.461278404591077 0.622702904926728 0.733545149342545 0.74398085013498 0.466603634996196 0.688884088054015 0.677965084614742 0.579617354114371 0.559312210512065 0.586517201263226 0.527495907965052 0.439248411257715 0.503580620319768 0.555678627349038 0.716959530590632 0.787662133427581 0.770469527257381 0.646290405566698 0.5575154061539 0.476471842485036 0.447996421827785 0.567471950099294 0.455559038013976 0.340971686149238 0.00334102416517982 0 0 0 0 0 0 0 0 0 0 0 0 0 0 0 0 0 0 0 0 0 0 0 0 0 0
0 0 0 0 0 0 0 0 0 0 0 0 0 0 0 0 0 0 0 0 0 0 0 0 0 0 0 0.0307980535359451 0.0729272227967614 0.497425031027003 0.336481004746043 0.179745047075852 0.153318919418803 0.422334532801434 0.414135359886433 0.381933378752425 0.366305691572822 0.393648047016516 0.349033221877457 0.341884433143495 0.38996213082035 0.382866988227247 0.338046506934884 0.355606726003079 0.426233143669307 0.446523343916186 0.332605812195501 0.340319659522627 0.397946531959977 0.374015381178191 0.587283523551188 0.700397473841634 0.477183285931869 0.403898786848556 0.458114195736869 0.624116286383394 0.558628012725671 0.546277941430676 0.467971211928736 0.541097429689178 0.575106430112069 0.559684621014345 0.419724241466112 0.76698759552723 0.611053563866265 0.658765724717809 0.638148214917758 0.537195305208174 0.493927530751802 0.450307594729366 0.470962968703643 0.0551730025954837 0 0 0 0 0 0 0 0 0 0 0 0 0 0 0 0 0 0 0 0 0 0 0 0 0 0 0 0
0 0 0 0 0 0 0 0 0 0 0 0 0 0 0 0 0 0 0 0 0 0 0 0 0 0 0 0 0 0.00562218512220379 0.469447625874214 0.478681826529644 0.363920701125141 0.228973319548313 0.395929098492139 0.39926689563941 0.376543465805002 0.416050753241626 0.392768130794698 0.318496896522513 0.396104024516852 0.40906122083838 0.352914209013861 0.323796131562552 0.407442728796673 0.433237852080433 0.318593244266093 0.403769827291954 0.247316330488495 0.360217943109208 0.565400575098171 0.652723291628814 0.498149578494416 0.395698123457647 0.354854406269256 0.54095577268654 0.535004303582626 0.605482924818811 0.607317603353256 0.430271703563028 0.567889968561146 0.539608567280156 0.489883673976405 0.486823138240529 0.416187308532874 0.392697102085194 0.408226836552399 0.105618483517797 0.104600042147303 0.0973640873493643 0 0 0 0 0 0 0 0 0 0 0 0 0 0 0 0 0 0 0 0 0 0 0 0 0 0 0 0 0 0
0 0 0 0 0 0 0 0 0 0 0 0 0 0 0 0 0 0 0 0 0 0 0 0 0 0 0 0 0 0 0.0496272938766305 0.202605059001901 0.396247032836611 0.463322751256748 0.296155085481138 0.322552910326551 0.332522884842522 0.415654675692874 0.398983461482978 0.361589010220241 0.425349960403094 0.394643932410817 0.364287064200647 0.348524468816835 0.404937371207906 0.387300094942733 0.371744410025321 0.458738153704781 0.207998040207032 0.430194655365534 0.457759973692124 0.63747929237843 0.493422180417821 0.341502661490188 0.399596317081212 0.528868981320424 0.551353362190754 0.629437639514624 0.763069352953065 0.429879637327202 0.560442895020877 0.698544806822412 0.54670867973748 0.189855469985876 0.0756568971400162 0.0292045663866867 0 0 0 0 0 0 0 0 0 0 0 0 0 0 0 0 0 0 0 0 0 0 0 0 0 0 0 0 0 0 0 0 0 0
0 0 0 0 0 0 0 0 0 0 0 0 0 0 0 0 0 0 0 0 0 0 0 0 0 0 0 0 0 0 0 0 0.138744582898162 0.162847506314993 0.378827296425685 0.44521103349114 0.334984499414123 0.315041609577948 0.462674790389818 0.414466408787975 0.381484024035454 0.421360569899809 0.382153162220022 0.339381182270837 0.359923877980565 0.250083977923851 0.488061587903966 0.294950929178675 0.330849382078356 0.352073732178551 0.335283903722612 0.378238210066035 0.327548884697534 0.394105487110805 0.400267852072585 0.545796428873534 0.597066100711169 0.57175253439949 0.50294646816872 0.369529878916895 0.447110352095184 0.592438904089543 0.0770200923945946 0.00372865188637494 0 0 0 0 0 0 0 0 0 0 0 0 0 0 0 0 0 0 0 0 0 0 0 0 0 0 0 0 0 0 0 0 0 0 0 0
0 0 0 0 0 0 0 0 0 0 0 0 0 0 0 0 0 0 0 0 0 0 0 0 0 0 0 0 0 0 0 0 0 0 0 0.19606903669331 0.368911698445441 0.291664633473719 0.385913375066784 0.411385125713207 0.315408211650128 0.393299429113718 0.309707497793662 0.357602140704151 0.355359576106914 0.44719985353434 0.125770718607254 0.279113541885626 0.472855626864908 0.42572630168231 0.398157291360325 0.501357303276198 0.41236965861544 0.395864346533484 0.408712478133486 0.448999021624543 0.452771153825494 0.174234581777334 0.168196676158005 0.179382288450694 0.140234526434887 0 0 0 0 0 0 0 0 0 0 0 0 0 0 0 0 0 0 0 0 0 0 0 0 0 0 0 0 0 0 0 0 0 0 0 0 0 0 0
0 0 0 0 0 0 0 0 0 0 0 0 0 0 0 0 0 0 0 0 0 0 0 0 0 0 0 0 0 0 0 0 0 0 0 0 0 0.145922142170191 0.150675835791721 0.24180948339223 0.165483021892346 0.249527010622986 0.356659847641214 0.449640752149892 0.454956760146042 0.537369655536689 0.133917061181699 0.129224808960087 0.459533409917431 0.344869089590545 0.399773028832866 0.361785921798261 0.40131468199366 0.418534403757005 0.342582192583862 0.277976946924745 0.0239833851703823 0 0 0 0 0 0 0 0 0 0 0 0 0 0 0 0 0 0 0 0 0 0 0 0 0 0 0 0 0 0 0 0 0 0 0 0 0 0 0 0 0 0 0
0 0 0 0 0 0 0 0 0 0 0 0 0 0 0 0 0 0 0 0 0 0 0 0 0 0 0 0 0 0 0 0 0 0 0 0 0 0 0 0 0.0135322607214647 0.130373274224152 0.1948203756183 0.285225952188802 0.28715962220768 0.0893916681175283 0 0 0 0 0 0 0 0 0 0 0 0 0 0 0 0 0 0 0 0 0 0 0 0 0 0 0 0 0 0 0 0 0 0 0 0 0 0 0 0 0 0 0 0 0 0 0 0 0 0 0 0 0 0
0 0 0 0 0 0 0 0 0 0 0 0 0 0 0 0 0 0 0 0 0 0 0 0 0 0 0 0 0 0 0 0 0 0 0 0 0 0 0 0 0 0 0 0 0 0 0 0 0 0 0 0 0 0 0 0 0 0 0 0 0 0 0 0 0 0 0 0 0 0 0 0 0 0 0 0 0 0 0 0 0 0 0 0 0 0 0 0 0 0 0 0 0 0 0 0 0 0 0 0
0 0 0 0 0 0 0 0 0 0 0 0 0 0 0 0 0 0 0 0 0 0 0 0 0 0 0 0 0 0 0 0 0 0 0 0 0 0 0 0 0 0 0 0 0 0 0 0 0 0 0 0 0 0 0 0 0 0 0 0 0 0 0 0 0 0 0 0 0 0 0 0 0 0 0 0 0 0 0 0 0 0 0 0 0 0 0 0 0 0 0 0 0 0 0 0 0 0 0 0
0 0 0 0 0 0 0 0 0 0 0 0 0 0 0 0 0 0 0 0 0 0 0 0 0 0 0 0 0 0 0 0 0 0 0 0 0 0 0 0 0 0 0 0 0 0 0 0 0 0 0 0 0 0 0 0 0 0 0 0 0 0 0 0 0 0 0 0 0 0 0 0 0 0 0 0 0 0 0 0 0 0 0 0 0 0 0 0 0 0 0 0 0 0 0 0 0 0 0 0
0 0 0 0 0 0 0 0 0 0 0 0 0 0 0 0 0 0 0 0 0 0 0 0 0 0 0 0 0 0 0 0 0 0 0 0 0 0 0 0 0 0 0 0 0 0 0 0 0 0 0 0 0 0 0 0 0 0 0 0 0 0 0 0 0 0 0 0 0 0 0 0 0 0 0 0 0 0 0 0 0 0 0 0 0 0 0 0 0 0 0 0 0 0 0 0 0 0 0 0
0 0 0 0 0 0 0 0 0 0 0 0 0 0 0 0 0 0 0 0 0 0 0 0 0 0 0 0 0 0 0 0 0 0 0 0 0 0 0 0 0 0 0 0 0 0 0 0 0 0 0 0 0 0 0 0 0 0 0 0 0 0 0 0 0 0 0 0 0 0 0 0 0 0 0 0 0 0 0 0 0 0 0 0 0 0 0 0 0 0 0 0 0 0 0 0 0 0 0 0
0 0 0 0 0 0 0 0 0 0 0 0 0 0 0 0 0 0 0 0 0 0 0 0 0 0 0 0 0 0 0 0 0 0 0 0 0 0 0 0 0 0 0 0 0 0 0 0 0 0 0 0 0 0 0 0 0 0 0 0 0 0 0 0 0 0 0 0 0 0 0 0 0 0 0 0 0 0 0 0 0 0 0 0 0 0 0 0 0 0 0 0 0 0 0 0 0 0 0 0
0 0 0 0 0 0 0 0 0 0 0 0 0 0 0 0 0 0 0 0 0 0 0 0 0 0 0 0 0 0 0 0 0 0 0 0 0 0 0 0 0 0 0 0 0 0 0 0 0 0 0 0 0 0 0 0 0 0 0 0 0 0 0 0 0 0 0 0 0 0 0 0 0 0 0 0 0 0 0 0 0 0 0 0 0 0 0 0 0 0 0 0 0 0 0 0 0 0 0 0
0 0 0 0 0 0 0 0 0 0 0 0 0 0 0 0 0 0 0 0 0 0 0 0 0 0 0 0 0 0 0 0 0 0 0 0 0 0 0 0 0 0 0 0 0 0 0 0 0 0 0 0 0 0 0 0 0 0 0 0 0 0 0 0 0 0 0 0 0 0 0 0 0 0 0 0 0 0 0 0 0 0 0 0 0 0 0 0 0 0 0 0 0 0 0 0 0 0 0 0
0 0 0 0 0 0 0 0 0 0 0 0 0 0 0 0 0 0 0 0 0 0 0 0 0 0 0 0 0 0 0 0 0 0 0 0 0 0 0 0 0 0 0 0 0 0 0 0 0 0 0 0 0 0 0 0 0 0 0 0 0 0 0 0 0 0 0 0 0 0 0 0 0 0 0 0 0 0 0 0 0 0 0 0 0 0 0 0 0 0 0 0 0 0 0 0 0 0 0 0
0 0 0 0 0 0 0 0 0 0 0 0 0 0 0 0 0 0 0 0 0 0 0 0 0 0 0 0 0 0 0 0 0 0 0 0 0 0 0 0 0 0 0 0 0 0 0 0 0 0 0 0 0 0 0 0 0 0 0 0 0 0 0 0 0 0 0 0 0 0 0 0 0 0 0 0 0 0 0 0 0 0 0 0 0 0 0 0 0 0 0 0 0 0 0 0 0 0 0 0
0 0 0 0 0 0 0 0 0 0 0 0 0 0 0 0 0 0 0 0 0 0 0 0 0 0 0 0 0 0 0 0 0 0 0 0 0 0 0 0 0 0 0 0 0 0 0 0 0 0 0 0 0 0 0 0 0 0 0 0 0 0 0 0 0 0 0 0 0 0 0 0 0 0 0 0 0 0 0 0 0 0 0 0 0 0 0 0 0 0 0 0 0 0 0 0 0 0 0 0
0 0 0 0 0 0 0 0 0 0 0 0 0 0 0 0 0 0 0 0 0 0 0 0 0 0 0 0 0 0 0 0 0 0 0 0 0 0 0 0 0 0 0 0 0 0 0 0 0 0 0 0 0 0 0 0 0 0 0 0 0 0 0 0 0 0 0 0 0 0 0 0 0 0 0 0 0 0 0 0 0 0 0 0 0 0 0 0 0 0 0 0 0 0 0 0 0 0 0 0
0 0 0 0 0 0 0 0 0 0 0 0 0 0 0 0 0 0 0 0 0 0 0 0 0 0 0 0 0 0 0 0 0 0 0 0 0 0 0 0 0 0 0 0 0 0 0 0 0 0 0 0 0 0 0 0 0 0 0 0 0 0 0 0 0 0 0 0 0 0 0 0 0 0 0 0 0 0 0 0 0 0 0 0 0 0 0 0 0 0 0 0 0 0 0 0 0 0 0 0
