0 0 0 0 0 0 0 0 0 0 0 0 0 0 0 0 0 0 0 0 0 0 0 0 0 0 0 0 0 0 0 0 0 0 0 0 0 0 0 0 0 0 0 0 0 0 0 0 0 0 0 0 0 0 0 0 0 0 0 0 0 0 0 0 0 0 0 0 0 0 0 0 0 0 0 0 0 0 0 0 0 0 0 0 0 0 0 0 0 0 0 0 0 0 0 0 0 0 0 0
0 0 0 0 0 0 0 0 0 0 0 0 0 0 0 0 0 0 0 0 0 0 0 0 0 0 0 0 0 0 0 0 0 0 0 0 0 0 0 0 0 0 0 0 0 0 0 0 0 0 0 0 0 0 0 0 0 0 0 0 0 0 0 0 0 0 0 0 0 0 0 0 0 0 0 0 0 0 0 0 0 0 0 0 0 0 0 0 0 0 0 0 0 0 0 0 0 0 0 0
0 0 0 0 0 0 0 0 0 0 0 0 0 0 0 0 0 0 0 0 0 0 0 0 0 0 0 0 0 0 0 0 0 0 0 0 0 0 0 0 0 0 0 0 0 0 0 0 0 0 0 0 0 0 0 0 0 0 0 0 0 0 0 0 0 0 0 0 0 0 0 0 0 0 0 0 0 0 0 0 0 0 0 0 0 0 0 0 0 0 0 0 0 0 0 0 0 0 0 0
0 0 0 0 0 0 0 0 0 0 0 0 0 0 0 0 0 0 0 0 0 0 0 0 0 0 0 0 0 0 0 0 0 0 0 0 0 0 0 0 0 0 0 0 0 0 0 0 0 0 0 0 0 0 0 0 0 0 0 0 0 0 0 0 0 0 0 0 0 0 0 0 0 0 0 0 0 0 0 0 0 0 0 0 0 0 0 0 0 0 0 0 0 0 0 0 0 0 0 0
0 0 0 0 0 0 0 0 0 0 0 0 0 0 0 0 0 0 0 0 0 0 0 0 0 0 0 0 0 0 0 0 0 0 0 0 0 0 0 0 0 0 0 0 0 0 0 0 0 0 0 0 0 0 0 0 0 0 0 0 0 0 0 0 0 0 0 0 0 0 0 0 0 0 0 0 0 0 0 0 0 0 0 0 0 0 0 0 0 0 0 0 0 0 0 0 0 0 0 0
0 0 0 0 0 0 0 0 0 0 0 0 0 0 0 0 0 0 0 0 0 0 0 0 0 0 0 0 0 0 0 0 0 0 0 0 0 0 0 0 0 0 0 0 0 0 0 0 0 0 0 0 0 0 0 0 0 0 0 0 0 0 0 0 0 0 0 0 0 0 0 0 0 0 0 0 0 0 0 0 0 0 0 0 0 0 0 0 0 0 0 0 0 0 0 0 0 0 0 0
0 0 0 0 0 0 0 0 0 0 0 0 0 0 0 0 0 0 0 0 0 0 0 0 0 0 0 0 0 0 0 0 0 0 0 0 0 0 0 0 0 0 0 0 0 0 0 0 0 0 0 0 0 0 0 0 0 0 0 0 0 0 0 0 0 0 0 0 0 0 0 0 0 0 0 0 0 0 0 0 0 0 0 0 0 0 0 0 0 0 0 0 0 0 0 0 0 0 0 0
0 0 0 0 0 0 0 0 0 0 0 0 0 0 0 0 0 0 0 0 0 0 0 0 0 0 0 0 0 0 0 0 0 0 0 0 0 0 0 0 0 0 0 0 0 0 0 0 0 0 0 0 0 0 0 0 0 0 0 0 0 0 0 0 0 0 0 0 0 0 0 0 0 0 0 0 0 0 0 0 0 0 0 0 0 0 0 0 0 0 0 0 0 0 0 0 0 0 0 0
0 0 0 0 0 0 0 0 0 0 0 0 0 0 0 0 0 0 0 0 0 0 0 0 0 0 0 0 0 0 0 0 0 0 0 0 0 0 0 0 0 0 0 0 0 0 0 0 0 0 0 0 0 0 0 0 0 0 0 0 0 0 0 0 0 0 0 0 0 0 0 0 0 0 0 0 0 0 0 0 0 0 0 0 0 0 0 0 0 0 0 0 0 0 0 0 0 0 0 0
0 0 0 0 0 0 0 0 0 0 0 0 0 0 0 0 0 0 0 0 0 0 0 0 0 0 0 0 0 0 0 0 0 0 0 0 0 0 0 0 0 0 0 0 0 0 0 0 0 0 0 0 0 0 0 0 0 0 0 0 0 0 0 0 0 0 0 0 0 0 0 0 0 0 0 0 0 0 0 0 0 0 0 0 0 0 0 0 0 0 0 0 0 0 0 0 0 0 0 0
0 0 0 0 0 0 0 0 0 0 0 0 0 0 0 0 0 0 0 0 0 0 0 0 0 0 0 0 0 0 0 0 0 0 0 0 0 0 0 0 0 0 0 0 0 0 0 0 0 0 0 0 0 0 0 0 0 0 0 0 0 0 0 0 0 0 0 0 0 0 0 0 0 0 0 0 0 0 0 0 0 0 0 0 0 0 0 0 0 0 0 0 0 0 0 0 0 0 0 0
0 0 0 0 0 0 0 0 0 0 0 0 0 0 0 0 0 0 0 0 0 0 0 0 0 0 0 0 0 0 0 0 0 0 0 0 0 0 0 0 0 0 0 0 0 0 0 0 0 0 0 0 0 0 0 0 0 0 0 0 0 0 0 0 0 0 0 0 0 0 0 0 0 0 0 0 0 0 0 0 0 0 0 0 0 0 0 0 0 0 0 0 0 0 0 0 0 0 0 0
0 0 0 0 0 0 0 0 0 0 0 0 0 0 0 0 0 0 0 0 0 0 0 0 0 0 0 0 0 0 0 0 0 0 0 0 0 0 0 0 0 0 0 0 0 0 0 0 0 0 0 0 0 0 0 0 0 0 0 0 0 0 0 0 0 0 0 0 0 0 0 0 0 0 0 0 0 0 0 0 0 0 0 0 0 0 0 0 0 0 0 0 0 0 0 0 0 0 0 0
0 0 0 0 0 0 0 0 0 0 0 0 0 0 0 0 0 0 0 0 0 0 0 0 0 0 0 0 0 0 0 0 0 0 0 0 0 0 0 0.334481693134267 0.307902103480883 0.317936222120071 0.303764217558346 0 0 0 0 0 0 0 0 0 0 0 0 0 0 0 0 0 0 0 0 0 0 0 0 0 0 0 0 0 0 0 0 0 0 0 0 0 0 0 0 0 0 0 0 0 0 0 0 0 0 0 0 0 0 0 0 0
0 0 0 0 0 0 0 0 0 0 0 0 0 0 0 0 0 0 0 0 0 0 0 0 0 0 0 0 0 0 0 0 0 0 0 0.206974109020061 0.230558833001112 0.48788017017923 0.466593460415978 0.474570955587328 0.470385956563419 0.464202772590365 0.473707089962843 0.483856945119029 0.40354198004358 0.335723205430009 0.317635451811384 0.159098485927935 0.291364336825448 0.39816400439159 0.454890601599725 0.515098894393259 0.547568095801119 0.546924898832835 0.257233113586148 0.120562593614732 0 0 0 0 0 0 0 0 0 0 0 0 0 0 0 0 0 0 0 0 0 0 0 0 0 0 0 0 0 0 0 0 0 0 0 0 0 0 0 0 0 0 0 0
0 0 0 0 0 0 0 0 0 0 0 0 0 0 0 0 0 0 0 0 0 0 0 0 0 0 0 0 0 0 0 0 0 0.215445274533686 0.476272513047715 0.469521644101386 0.431788881569118 0.451489936876515 0.442270732725103 0.408111296103926 0.445550424216374 0.447094402742924 0.524134593042437 0.485911386664284 0.408686881354814 0.488046209182778 0.455401683078896 0.18986794862239 0.374759222746212 0.466157317556927 0.493789702097395 0.435171895242976 0.432423922789863 0.435700730147188 0.437366073744742 0.483121084822553 0.196907595624173 0.213401286960575 0.224043989417597 0.0490707623827204 0 0 0 0 0 0 0 0 0 0 0 0 0 0 0 0 0 0 0 0 0 0 0 0 0 0 0 0 0 0 0 0 0 0 0 0 0 0 0 0
0 0 0 0 0 0 0 0 0 0 0 0 0 0 0 0 0 0 0 0 0 0 0 0 0 0 0 0 0 0 0 0.115754985943478 0.524839335807095 0.491790879044642 0.484729178756695 0.453868069000887 0.474797794503328 0.467070524085719 0.435346489217878 0.44713107493759 0.449582665962682 0.485974156874405 0.45754189864157 0.415248533017494 0.515552096656426 0.485327161293806 0.483688010345471 0.43626951946892 0.456644777706934 0.44262856912467 0.505412346295708 0.463589638995723 0.386246016588906 0.376739037017694 0.424448482857203 0.464822197947646 0.299069191439738 0.427923525700904 0.408354712108459 0.540637761162878 0.526447547658036 0.193676131233213 0.0680471090879501 0 0 0 0 0 0 0 0 0 0 0 0 0 0 0 0 0 0 0 0 0 0 0 0 0 0 0 0 0 0 0 0 0 0 0 0 0
0 0 0 0 0 0 0 0 0 0 0 0 0 0 0 0 0 0 0 0 0 0 0 0 0 0 0 0 0 0 0.24391918373326 0.449225715552178 0.462136936815442 0.485799813298799 0.444625127143992 0.41896963078211 0.487678114254141 0.463454273065322 0.411916509070963 0.440852090947113 0.496627950251139 0.541668364853155 0.42442350872497 0.397286607064469 0.51971510711641 0.500384117709447 0.482096847233901 0.511440112337677 0.521402948945822 0.491261074232787 0.434461764854437 0.444746760486568 0.428435292668386 0.434677323600237 0.408765627825346 0.256366106890246 0.429146895343174 0.445358900007825 0.433374960823455 0.426293329330135 0.432778880417168 0.499771699221881 0.52407894818458 0.10033277878159 0.143228018512735 0 0 0 0 0 0 0 0 0 0 0 0 0 0 0 0 0 0 0 0 0 0 0 0 0 0 0 0 0 0 0 0 0 0 0
0 0 0 0 0 0 0 0 0 0 0 0 0 0 0 0 0 0 0 0 0 0 0 0 0 0 0 0.0497097419371652 0.0962455836647432 0.545005941788459 0.465207487894294 0.496771962066335 0.467332510230548 0.471362824652397 0.463144478672827 0.392237962144859 0.441612290593103 0.453331640221562 0.435693409991215 0.461322592246023 0.49515827138293 0.527314101129539 0.474076350863159 0.443395058465242 0.515948308648872 0.469269999225671 0.493206187834202 0.51459340836826 0.52688610457612 0.507759752454677 0.47464378761221 0.491654844767499 0.427037360273164 0.422975811859338 0.383352860595983 0.297744989875786 0.465451666151355 0.472211386926028 0.38138606178286 0.447071358256773 0.428301781883539 0.450773158885752 0.457487571577712 0.50451958720634 0.444023622695826 0.503796724614553 0.43188201283941 0.111491843501311 0.116609237966277 0 0 0 0 0 0 0 0 0 0 0 0 0 0 0 0 0 0 0 0 0 0 0 0 0 0 0 0 0 0 0
0 0 0 0 0 0 0 0 0 0 0 0 0 0 0 0 0 0 0 0 0 0 0 0 0 0 0.0721171608725623 0.47026217028311 0.472257052028224 0.508644693243053 0.433236735005284 0.494831024637565 0.538500025499687 0.50204024898901 0.492200676475833 0.437302307826693 0.402549140713015 0.434674052953465 0.421386623287888 0.423970166618407 0.48292167360768 0.511540938224911 0.476902120850115 0.430033368075891 0.488437896345985 0.471492045900392 0.447363892906629 0.552513752517932 0.493899063228319 0.426691673942359 0.446225910152761 0.475024954099199 0.441753137003461 0.478458881256932 0.512168360685685 0.532123021837712 0.446521853261534 0.430047216250029 0.38592543122146 0.427861099613872 0.458651809486729 0.499032579267834 0.451182577064132 0.501507886052045 0.461189812165253 0.473828759032247 0.436555823857347 0.529664214630754 0.526401506060214 0.553674718436008 0.0710252928435696 0 0 0 0 0 0 0 0 0 0 0 0 0 0 0 0 0 0 0 0 0 0 0 0 0 0 0 0 0
0 0 0 0 0 0 0 0 0 0 0 0 0 0 0 0 0 0 0 0 0 0 0 0 0 0.0290978404579795 0.517688538891761 0.490536717082568 0.451487296956778 0.43353337271982 0.42401462943317 0.550528455318767 0.536249372255086 0.499950903437366 0.437935056354923 0.411225218788137 0.450519984390047 0.399354810412788 0.415050946805239 0.479540749670365 0.502086679294499 0.463379851495164 0.46479182016238 0.482538992716673 0.484208549795076 0.45769733005116 0.456237239871151 0.511899664046218 0.47026152400406 0.45406058646623 0.474838569458668 0.488808339836742 0.437242895797957 0.43121954790983 0.429857048992936 0.49646454970251 0.516322087805491 0.393323714941167 0.352497162169015 0.425912909609095 0.489055669069267 0.443376642606576 0.370238327195958 0.55039135548323 0.421880462333669 0.420495222837687 0.447900593228657 0.444007322196766 0.420318015566056 0.461527739476897 0.36630386843211 0.316980356685486 0.01479725294545 0 0 0 0 0 0 0 0 0 0 0 0 0 0 0 0 0 0 0 0 0 0 0 0 0 0 0
0 0 0 0 0 0 0 0 0 0 0 0 0 0 0 0 0 0 0 0 0 0 0 0 0.266878304593873 0.483388034094739 0.473115754901175 0.482237729810737 0.46161410569917 0.459324212127136 0.477194205230428 0.498571818150215 0.400962274319926 0.406227951246315 0.346968636372002 0.408917125239797 0.448803675457209 0.447853776707532 0.454486991991149 0.501855241886451 0.496925056517832 0.499863354750753 0.423855585430156 0.516216317432052 0.536891296227982 0.474217780583811 0.449779621505841 0.447052326923171 0.465493972943339 0.49495825203016 0.480825959216314 0.43391802596633 0.38388247023605 0.432025730156049 0.428740808637966 0.410856611282381 0.389179092551937 0.441179300879137 0.475868015103231 0.445587598739889 0.449220927549941 0.450940830495036 0.356249835727755 0.502060486548487 0.447127857138767 0.493580707414909 0.447726734547912 0.341448633680936 0.358417748427349 0.467612043270673 0.47319997678172 0.52077492838548 0.494286069986249 0.0940665000591668 0 0 0 0 0 0 0 0 0 0 0 0 0 0 0 0 0 0 0 0 0 0 0 0 0 0
0 0 0 0 0 0 0 0 0 0 0 0 0 0 0 0 0 0 0 0 0 0 0 0.496825224640593 0.487986128285854 0.522322817377387 0.497763253989157 0.4232910564055 0.442021364924454 0.493798544943251 0.441932363718109 0.35920634824639 0.332160919200004 0.350107821516229 0.430357771709702 0.460345502737144 0.468519290360259 0.437924016656797 0.444988828942016 0.45415293253223 0.463177025221174 0.516462217785735 0.477415070073359 0.479518548224606 0.540805151925244 0.517542620134133 0.449355433771429 0.444984779733413 0.451222400538268 0.43412480154754 0.46759569976841 0.424657146370933 0.444831197061395 0.399012689311834 0.362293877184889 0.415612747205872 0.417154258400105 0.402383620969945 0.44206271144769 0.487601639702843 0.469025765621133 0.547353608492071 0.550734648571228 0.480982734952935 0.388931053050529 0.406811020057027 0.45206665326246 0.479458239319851 0.421906579935012 0.49613643857295 0.421954870246057 0.430854738790771 0.44721105096543 0.442082091459015 0.401405656421669 0 0 0 0 0 0 0 0 0 0 0 0 0 0 0 0 0 0 0 0 0 0 0 0 0
0 0 0 0 0 0 0 0 0 0 0 0 0 0 0 0 0 0 0 0 0 0 0.449152286867327 0.487538808967601 0.496765659854345 0.356927570716815 0.467368178280101 0.434588249139377 0.450798632879342 0.434899004613119 0.504201327919575 0.48587208679532 0.491562723492049 0.532666107558923 0.499703866521507 0.486311043867642 0.454460834770204 0.417980834421892 0.416074495213884 0.463759550322792 0.447238934860806 0.511824523489159 0.480480094266367 0.471716156040365 0.495875160779585 0.508419155970566 0.483856807073086 0.430982197308962 0.469849162422172 0.464195838418957 0.42427267949776 0.459710747730453 0.473337754560634 0.412415767578766 0.413182872253859 0.450305488674485 0.405154160882375 0.408874444528057 0.438471028406966 0.40723600996894 0.510120570647699 0.51536301464654 0.496628079763786 0.561208373819284 0.498450151931377 0.434655749414073 0.415173274617253 0.41835604062105 0.449281584163147 0.44150900780041 0.468157081767635 0.46534073202439 0.424943422733561 0.45127241366028 0.414219259938539 0.401329918236046 0.380316283125057 0 0 0 0 0 0 0 0 0 0 0 0 0 0 0 0 0 0 0 0 0 0 0
0 0 0 0 0 0 0 0 0 0 0 0 0 0 0 0 0 0 0 0 0 0.390425307379273 0.466980105390529 0.441695491751352 0.453245288830142 0.462106942101464 0.362796301527637 0.478624977806206 0.389094859340697 0.43497833298025 0.471863022153987 0.481539788357365 0.508834343566744 0.490497047768733 0.544660806760764 0.459182566121283 0.434154711191671 0.462306363238789 0.432471235420668 0.504007313537369 0.470796821839184 0.466469130832823 0.556098572753655 0.511782969453269 0.483457251720564 0.572167803508311 0.55391320216365 0.432922175106988 0.445124556172519 0.457970319353424 0.420259647916183 0.451892524974834 0.471449776030812 0.427256836641408 0.44656154634713 0.422771765370429 0.432207394686495 0.395608695972835 0.38172931351174 0.40511645755287 0.508072882585288 0.482513562527878 0.439999851319985 0.489117373258169 0.437983775698721 0.374591684178361 0.417909888622736 0.405566585266702 0.380558278073786 0.396105564919982 0.408130067271188 0.470324918912902 0.425891284662125 0.40723502508594 0.407662023984702 0.433867450111678 0.38428343301455 0.307370693940496 0 0 0 0 0 0 0 0 0 0 0 0 0 0 0 0 0 0 0 0 0 0
0 0 0 0 0 0 0 0 0 0 0 0 0 0 0 0 0 0 0 0 0.445452173135041 0.501750702608071 0.448752559675131 0.501240717708167 0.461848552119426 0.470453860971014 0.483554262067262 0.511510573161541 0.465213381633463 0.416903005203272 0.413484474354717 0.513042726747503 0.524745841962738 0.479880926204409 0.52997755980464 0.486563116412856 0.460176492209542 0.435539901114925 0.424782480874212 0.460878471607621 0.509433811474628 0.459030902909786 0.525462674435312 0.516333535095095 0.447328339729726 0.458101700830522 0.580975799256044 0.540585596411858 0.488501332397186 0.454441635775305 0.475286441496451 0.491927263659272 0.506248605151414 0.443527006945376 0.387764089858827 0.4551854302665 0.455331237991767 0.433793478047639 0.421684110362184 0.423192048380834 0.477246217931467 0.481934698467047 0.407737974879706 0.463956849157453 0.396813502543288 0.435298652400474 0.471405273398093 0.412562562491616 0.398474088833659 0.380233588030974 0.392607814805605 0.394110754987742 0.413988238546884 0.452410574122636 0.416901772818574 0.414920058776746 0.482908402369937 0.408877028257826 0.461432505014054 0.383512044086583 0 0 0 0 0 0 0 0 0 0 0 0 0 0 0 0 0 0 0 0
0 0 0 0 0 0 0 0 0 0 0 0 0 0 0 0 0 0 0 0.374652859073228 0.457697165171585 0.466335839331656 0.459052500901794 0.484067172668125 0.484838969925773 0.399106126628135 0.478050046719436 0.530780179674302 0.484607318988345 0.427822887400305 0.410220943313261 0.483857785017117 0.51800419706044 0.502425665535029 0.515487054488218 0.524850640402738 0.489950051262483 0.478260493196403 0.444560807426033 0.456136422443597 0.516366523493521 0.464588362115739 0.456498069286489 0.483001897722055 0.507999795784379 0.379527600872701 0.496921316593651 0.507785961955093 0.484908130074717 0.503035450757588 0.529369246456627 0.527566215397858 0.472421559443922 0.437484253231323 0.417438787611528 0.426581799066007 0.475659084992687 0.444259832184655 0.440192910354114 0.397029939820465 0.394646220004978 0.367128924999018 0.396158030257857 0.382639321822825 0.36443510577224 0.416585432707408 0.457433836818904 0.430124909817264 0.410756919272392 0.387829237443466 0.413007990890456 0.379667224988494 0.372612736592931 0.429976474202305 0.448035612219483 0.458145942660943 0.392178212208113 0.415095830054704 0.48295050723316 0.511037024738583 0.399017828965738 0 0 0 0 0 0 0 0 0 0 0 0 0 0 0 0 0 0 0
0 0 0 0 0 0 0 0 0 0 0 0 0 0 0 0 0 0 0.224548140901691 0.505435803415336 0.419846503240321 0.434254955691481 0.488912949189163 0.402890169134295 0.478988638986044 0.449114224006541 0.386191387090301 0.502327438992969 0.480701208655198 0.436252463419093 0.457954106322178 0.444036964002157 0.508613343861753 0.532295586652314 0.573190760415542 0.517834448387433 0.456480022722737 0.452418573366439 0.420293090092489 0.425648339020152 0.539230981765917 0.51330132973952 0.40201208955114 0.480152773085908 0.518419953948559 0.403029053799364 0.339151033531442 0.420546655396636 0.445256480880892 0.483093320854096 0.439993838734277 0.554078556255542 0.489991486130787 0.433215768714358 0.422200604658188 0.478628272262229 0.474509015049519 0.472387527190124 0.463311790521123 0.444189832567048 0.425829589732453 0.413821052176682 0.433237901638824 0.360285888738067 0.405389558747027 0.389504022543332 0.387204218483995 0.380416047067202 0.392962501124685 0.41670648178064 0.425243206173665 0.376770737223845 0.348124124858358 0.41215916355231 0.427799177848085 0.473151837817897 0.479178946006781 0.377091926612158 0.41409016960121 0.462682114436681 0.528872623498647 0.39677636552497 0 0 0 0 0 0 0 0 0 0 0 0 0 0 0 0 0 0
0 0 0 0 0 0 0 0 0 0 0 0 0 0 0 0 0 0 0.312959574169532 0.495795398414044 0.44737596501492 0.392757933626242 0.436681777133276 0.506854849698394 0.489821212597732 0.529060937821387 0.403175727877368 0.442712801020369 0.477600811623495 0.457864742072808 0.461600977090634 0.454701555525927 0.484136805268136 0.488277333695141 0.496328143728399 0.42379979861995 0.430350522625673 0.439873757955275 0.422711249064807 0.425875648078546 0.523754241686597 0.517974806454577 0.371283324335849 0.450455521964494 0.42332411910951 0.387787721818653 0.337061298634809 0.396202192005218 0.452460758271142 0.523011279633077 0.430282882558704 0.470696943556056 0.497663752524748 0.510730717197627 0.46495584267504 0.504377222268118 0.461800055578549 0.486439143151879 0.456651302730027 0.442096464566818 0.425888289154323 0.426418420844771 0.426695807625749 0.429212994503083 0.408759580614321 0.449592256591475 0.44888249302695 0.414114943835933 0.383725416687797 0.388689848464648 0.405680137116203 0.438930427866489 0.403637785513342 0.371641970731866 0.402936226616766 0.435955609722681 0.482749293236046 0.496219812350655 0.420401479947061 0.426823004236043 0.464118019470419 0.504634862196716 0.347400212589414 0 0 0 0 0 0 0 0 0 0 0 0 0 0 0 0 0
0 0 0 0 0 0 0 0 0 0 0 0 0 0 0 0 0 0.227488029488301 0.343717999084983 0.426157326787527 0.439965926648148 0.38008435866275 0.427735487020857 0.488601670024364 0.459515347418077 0.472419361680997 0.519439383974308 0.441684209749619 0.432900129912081 0.482235341943925 0.43975202212454 0.454048865194378 0.435408133023438 0.43940088988661 0.415561786965754 0.418707308913889 0.422382129826469 0.421920418975339 0.420094863745375 0.442960246896413 0.443566444510608 0.492242971033282 0.367482655843239 0.405987826032011 0.373529740502338 0.465273328497187 0.421454690001914 0.370765197159413 0.500238753263633 0.546515315909842 0.531387908707983 0.413419475856342 0.440366817408605 0.466067450082368 0.494344005557173 0.534133897779584 0.4372445974328 0.542758768218541 0.481679080594826 0.456614690577889 0.440588707079956 0.423760431218052 0.426633146761642 0.392277227670017 0.422752507861211 0.426983590874043 0.43219727222324 0.412545994354215 0.378857525274069 0.360394735495783 0.385890216388126 0.416908859812247 0.391044809147006 0.445579439766208 0.431273067390201 0.408927229330462 0.400987283202897 0.412708369708389 0.48370330653719 0.48955692461499 0.428239441489362 0.50284346818108 0.505974596425354 0.250018497301572 0 0 0 0 0 0 0 0 0 0 0 0 0 0 0 0
0 0 0 0 0 0 0 0 0 0 0 0 0 0 0 0 0.0491616693277416 0.467947515603819 0.41341878716847 0.416548816725205 0.422162686468766 0.415293627238874 0.399777242820553 0.431991325306214 0.502454941337768 0.51721372791663 0.467904143928934 0.447956731038212 0.445253633124046 0.439850397492483 0.455005077302702 0.464684044007103 0.457659797281915 0.446780679356391 0.464789629155065 0.435094052472236 0.46792227511266 0.450759151872622 0.449617516001889 0.45748113451184 0.453953682736991 0.494264778776408 0.446744639408107 0.377850576393819 0.489264446960105 0.501076801804786 0.505311257611054 0.457174882882751 0.505108913364318 0.51880946889897 0.5399229792578 0.503378498292659 0.465065034022077 0.458515705343442 0.444780735401174 0.51662860056815 0.49843844592185 0.558368713621536 0.548031232869336 0.512728212987896 0.480701822835723 0.433997227083817 0.408775744511126 0.411003852049872 0.435600571959832 0.41091512115862 0.411622359421811 0.451092495433777 0.414001971053594 0.393393881492775 0.387397122752538 0.366114882323816 0.327978483815571 0.398483601206153 0.414165702967288 0.435824480499589 0.405744119735245 0.361636233474621 0.439103529314212 0.456975611400848 0.501766107677526 0.442836475649401 0.453904769170912 0.439223076874367 0 0 0 0 0 0 0 0 0 0 0 0 0 0 0 0
0 0 0 0 0 0 0 0 0 0 0 0 0 0 0 0 0.238664498626113 0.477202541591551 0.457661215039322 0.426813726997796 0.500656165512262 0.424536554650718 0.401395942175624 0.425858432097079 0.414655991697231 0.505579252038475 0.441316698173538 0.426804852411271 0.433949344316535 0.461750433758478 0.476511714219733 0.477304051050361 0.469950222033366 0.464371156920347 0.462628182435303 0.442525331544334 0.476021325558416 0.466112094472491 0.481653955473906 0.480070800105352 0.467867431437809 0.473501320872909 0.493105201179652 0.508646616850597 0.47836811601683 0.48727291137042 0.527909499930747 0.555710100071107 0.547537731641588 0.51701503417408 0.49711127371246 0.533725027773597 0.475024564818284 0.465888214294575 0.439094256351133 0.47873265895964 0.454191715301476 0.494496585298057 0.484641721659016 0.443590978162152 0.463552383760686 0.486336898238729 0.483064159115596 0.428802731460957 0.438850162773346 0.419181530630162 0.40791388548166 0.433135031291477 0.419506965516052 0.420111047592055 0.414747625052076 0.433310266434586 0.412388269710897 0.415552131512133 0.348670280707868 0.354790188248496 0.396261720177158 0.374368360201048 0.384730167680383 0.404462180113543 0.490663110669462 0.540774892158338 0.49712219918889 0.448351236912751 0 0 0 0 0 0 0 0 0 0 0 0 0 0 0 0
0 0 0 0 0 0 0 0 0 0 0 0 0 0 0 0 0.476025357091053 0.443865282989957 0.432972155104627 0.432472509080642 0.48275502646828 0.446527319541145 0.432102655430172 0.425777869706616 0.431571033881798 0.399118190745024 0.39165709170781 0.432151229676592 0.481903112553481 0.478154191614236 0.474396894170775 0.480286932091762 0.47611318879148 0.455721194343745 0.455623902971542 0.403181441942917 0.410415003267041 0.441056383346803 0.456559273515879 0.465650542977709 0.478889210333092 0.466070831465674 0.484889450674975 0.483982636672463 0.463707501611368 0.476429527884975 0.536902073538345 0.505035612740247 0.467853693443315 0.469188448883521 0.442253147323303 0.484641887040269 0.44707180460832 0.443787008573784 0.452605275432751 0.478801228054318 0.41706871608562 0.50015289673315 0.48577610707224 0.449579605171318 0.444290118775649 0.425803812475939 0.456234821005962 0.460022475248058 0.488761047979901 0.449681232690068 0.41852601702583 0.401498008130862 0.39310757346173 0.400253180409506 0.3843522056923 0.369763177070894 0.375416333418946 0.405641787590806 0.385344549382145 0.39948675686917 0.339470451035693 0.367656567059065 0.39756997007246 0.402523490515289 0.375093012458516 0.401453750049076 0.47662082528672 0.52259035452677 0.260278629303868 0 0 0 0 0 0 0 0 0 0 0 0 0 0 0
0 0 0 0 0 0 0 0 0 0 0 0 0 0 0 0.283351777306068 0.478182532479554 0.439972798254324 0.43836184546644 0.453175441910744 0.418788468881111 0.47684355242275 0.449347387890668 0.444210361869263 0.452247613320584 0.4290543262684 0.445621221340969 0.462132080610913 0.462036629497515 0.470457982338075 0.484855807029325 0.458044969561921 0.511227357156762 0.470204129198962 0.481840644716078 0.454137734910674 0.474072430816846 0.44418829747018 0.459117936566102 0.464851061190525 0.482546241351509 0.469711273101722 0.455350722995551 0.476520269687313 0.465585632069841 0.489523921055803 0.53097137391444 0.478725434898841 0.435594745341893 0.471616775365816 0.465882525397443 0.431720091177231 0.441224843890245 0.438591301544677 0.421179086561113 0.418416311263323 0.418927959753709 0.42920005280228 0.475895162145567 0.459016389630045 0.466466569457714 0.485325795824731 0.49019847689637 0.443236611341001 0.439360520676219 0.437997536188971 0.427767887270796 0.446895697563345 0.413657172139863 0.410346224682989 0.41728007654405 0.402333786913542 0.432276365330704 0.39417464770965 0.347640629294254 0.368134240343791 0.395108633303996 0.371512520939599 0.350469249211084 0.358762723902389 0.399761113020804 0.399728296602468 0.469775256162458 0.479175624604656 0.406385335370309 0.27891575508112 0 0 0 0 0 0 0 0 0 0 0 0 0 0
0 0 0 0 0 0 0 0 0 0 0 0 0 0 0.0202543576041845 0.244211125535487 0.490102788204407 0.423104759481576 0.416096075795078 0.456233061963764 0.505981505015961 0.464696865082319 0.46052573161814 0.434985899989694 0.456008651600925 0.446696641818615 0.444539491424716 0.455215363026666 0.487545881228576 0.477361763746792 0.474063707639573 0.495099898992336 0.492068925294163 0.505909764210026 0.515007438262264 0.516713683511319 0.491072600934048 0.496429415249427 0.471440364443089 0.454780183549355 0.499734030924625 0.459105052969279 0.456105044473473 0.477574433602931 0.485598985322377 0.528020728027326 0.473391794099668 0.471988727836198 0.448718441775509 0.460478029360154 0.450067527993081 0.437159162254491 0.437771382070796 0.433634754305977 0.398576238042208 0.424110418588174 0.439335778203295 0.367688160398284 0.422195135798616 0.42203040857711 0.427376246569368 0.408153870404058 0.460558887902119 0.493960466425479 0.480984857922911 0.409045276015543 0.408866009630852 0.45820771466429 0.453607430970894 0.424079516848743 0.394544075674839 0.439154599813725 0.438029425729451 0.395347067993305 0.405104500199308 0.36874199571079 0.368224413883445 0.379935164975685 0.415409921738248 0.435043139998534 0.433329538287976 0.48217350599914 0.523738703393033 0.428305520357898 0.328816065075121 0.432724989791947 0.254833505930973 0 0 0 0 0 0 0 0 0 0 0 0 0
0 0 0 0 0 0 0 0 0 0 0 0 0 0 0.291192031089987 0.475941657736664 0.355446385176291 0.429789636152654 0.434467049503475 0.46194797819378 0.481670192454137 0.456694172266237 0.458168940347908 0.43261047025759 0.477623082959256 0.450301625672221 0.437302983364606 0.447850675012378 0.482091968862162 0.503177672665807 0.468022099726476 0.471171651921699 0.502162275962649 0.483602098933062 0.483638727124579 0.470344986222944 0.46010691792686 0.461527078643736 0.506730859131574 0.506484274688278 0.444741549141122 0.469882698784413 0.443501880276479 0.442151691717843 0.450869680599543 0.452945221208596 0.439690633592597 0.502896850965812 0.479042116150975 0.45958402049845 0.450365902763918 0.423139108735821 0.44055429904215 0.424656287019875 0.427212277749876 0.397393315041176 0.408278867752527 0.438887810563155 0.440420550032555 0.420101519662092 0.404602259176889 0.416585750429698 0.401556723240392 0.375913148141256 0.392553486803145 0.410559439022552 0.425976445132252 0.408808498641652 0.43961777621117 0.446211636083401 0.420755461037895 0.444691515859974 0.444933411413772 0.42984940260728 0.394226293082952 0.374953558211813 0.351721726469943 0.332424068586594 0.360876748986829 0.432514146224656 0.525151743349769 0.481076649788887 0.448619439421985 0.458982782927929 0.458479216300742 0.453433308663186 0.553387574231288 0 0 0 0 0 0 0 0 0 0 0 0 0
0 0 0 0 0 0 0 0 0 0 0 0 0 0 0.440039332234686 0.432956345568957 0.487786481461639 0.39957273866985 0.43208738171444 0.439597700673884 0.436752423911959 0.421578494091107 0.480815833649609 0.442936737459825 0.450674040548525 0.48918985687934 0.474953175449984 0.449455077634654 0.473490233323845 0.473654304658079 0.506018410203202 0.502725163781473 0.49754379410812 0.498061329237842 0.470430724741881 0.50466324237695 0.48938610898148 0.434279187394961 0.44412926916914 0.300395444399705 0.480468527329994 0.496868072448559 0.465097108443812 0.445002154123083 0.453705552486414 0.426645030419675 0.451862765843615 0.440353799688605 0.452730158826041 0.461673683340913 0.452673255494191 0.469905666892831 0.4705944491863 0.478348958448529 0.447915937130217 0.456132717751382 0.471642578565076 0.439943647299174 0.438082774610708 0.410575064578078 0.445562044468293 0.386097443296765 0.423129692324219 0.42486247161771 0.440697124986913 0.406705887842409 0.422620447204945 0.42151617855657 0.404017768782111 0.439287481272282 0.472518065431203 0.433790511330422 0.394912641928493 0.358506172443051 0.373072990257905 0.372407952691365 0.389037932415672 0.434286280022969 0.442461375591244 0.436451887456062 0.427411026691308 0.453521544592621 0.456014271158129 0.477232074173622 0.477479429561561 0.499021624199224 0.442827986089072 0 0 0 0 0 0 0 0 0 0 0 0 0
0 0 0 0 0 0 0 0 0 0 0 0 0 0.166798229240623 0.425826964494974 0.4531980751962 0.419977322165411 0.49631110331102 0.463848290099741 0.46719103076267 0.466261180583729 0.461548050586036 0.45628107250418 0.462343585829999 0.477822742204089 0.470723624574392 0.43000106494084 0.475417579536395 0.476266368638643 0.465768601105273 0.475584891977025 0.500481674067779 0.510355318310534 0.499489072351222 0.508570236643371 0.487012739721601 0.471218313962841 0.393298675212504 0.361903352810159 0.322722267573177 0.0955454761638928 0.115399304619738 0.437868972929707 0.447634280223094 0.407237121192292 0.425352631368718 0.419573473999453 0.440544924693104 0.451828076280669 0.461619824896011 0.439835576433354 0.464744548547152 0.470297553014948 0.435200311905962 0.472187691844081 0.455843960196903 0.446750959424892 0.440383081768453 0.42219364143036 0.430425396833349 0.413845093948047 0.449616310492402 0.392258799096271 0.430903490822702 0.467569346488881 0.417733598421705 0.409169858609311 0.434466245478765 0.406012200673475 0.384465396392336 0.432207906617431 0.409379395373167 0.446267595278584 0.462809564604934 0.422098046554209 0.388525635075819 0.371731935045936 0.429104816973453 0.449075418512515 0.495975212204296 0.443481326113943 0.465182018231766 0.449930769473009 0.452810843662036 0.471065197166229 0.46969378010749 0.474465329695078 0.0533408147923817 0 0 0 0 0 0 0 0 0 0 0 0
0 0 0 0 0 0 0 0 0 0 0 0 0 0.389331804482221 0.45130732089622 0.453562772343615 0.423961383796677 0.42766219462403 0.448498869395931 0.441526935602826 0.44408290603055 0.425815389621729 0.47906960633213 0.48964783459598 0.503482351731007 0.439911496434951 0.470508893511233 0.49216477472754 0.46713301488511 0.445409316165998 0.428111428720705 0.484425097679958 0.499395986154235 0.496581577764708 0.478360733151802 0.460747915745106 0.470460210731981 0.438218552549533 0.268557377847567 0.229788493149779 0.0443703267473798 0.0499256860592182 0.103452877299521 0.491750607567374 0.507147552945422 0.466017984346832 0.443196017628388 0.431747084651601 0.484906274760122 0.45211780538892 0.471620450288629 0.457301389257876 0.475630584615611 0.413978888604877 0.46561558754252 0.458838381373763 0.482943184742612 0.463911635389504 0.469449943800488 0.458846040149364 0.437814302291468 0.42694606293072 0.385712497754037 0.402521708264352 0.359277788194183 0.394668656337555 0.400990485297021 0.401347860244944 0.386107710567708 0.375704629991422 0.410785526941739 0.396255861631102 0.435475419149836 0.434010707050919 0.440733312538921 0.411160998530547 0.378901379948207 0.412867549653842 0.419104980956007 0.442091309755563 0.478288491525461 0.476218973414344 0.442793720137896 0.452928068387422 0.455961137932247 0.438143332487434 0.446915871184794 0.057809559015588 0 0 0 0 0 0 0 0 0 0 0 0
0 0 0 0 0 0 0 0 0 0 0 0 0 0.436537139374708 0.455666842330272 0.398020713489573 0.453192511484061 0.429731762399896 0.419994623135612 0.427615887207814 0.438972712854569 0.472428256300556 0.469099430875057 0.468078588185704 0.458351707774944 0.469519451035556 0.449710745331805 0.493028580323811 0.527455905037828 0.495240682605709 0.469525777604826 0.472219570767529 0.483090335250343 0.456733604603385 0.444597893397946 0.437671471632569 0.429663715600983 0.452956187501568 0.268813791429324 0.219239137163099 0.0227754457531745 0.141232152413306 0.0400915900585169 0.0957827523979141 0.393517165920694 0.499058073685713 0.446736446055176 0.4428280556887 0.474315755792744 0.479938094131132 0.494816404236643 0.437007177387032 0.40648417596134 0.406424904285174 0.462110187960167 0.462886661770536 0.446379391162072 0.469008516169705 0.451720144143783 0.406570974954413 0.407365881804552 0.4025724072523 0.394900774639065 0.388726662093627 0.378331332163388 0.396050103974107 0.388506475734604 0.40737426971785 0.428136757239976 0.411799614906323 0.367402165312682 0.381735256782058 0.362565619274328 0.388635001053115 0.414963193543787 0.4290314883304 0.436191562086593 0.415787293446396 0.395760278491896 0.418115542842065 0.430417417981799 0.46717227440513 0.443639649417126 0.385665734936303 0.402138070204641 0.421184444213827 0.474197124782425 0.489442768469926 0 0 0 0 0 0 0 0 0 0 0 0
0 0 0 0 0 0 0 0 0 0 0 0 0.0553111244925964 0.436755590731174 0.484605615016201 0.479076899779207 0.457083124354499 0.443104403194843 0.409380383945135 0.432360138683265 0.45433068626196 0.493901343338672 0.457922236715897 0.477019323728656 0.501191728700229 0.464045916780226 0.446612447064121 0.481146285146763 0.465538288632878 0.455346737523216 0.425025354288882 0.443895867031638 0.483449334499734 0.469859898441581 0.459394725373613 0.446328803739518 0.463703379065091 0.439678149501103 0.435024457436721 0.268820823786458 0.0768785438584403 0.233610197609968 0.215386764764122 0.0251236900727948 0.0822007215369957 0.252607095311233 0.466694748735716 0.46901603233723 0.474049888023586 0.501068505427255 0.457077687101316 0.462179572967141 0.452319794062587 0.474537894087072 0.452980010766307 0.418992470717961 0.434825946980417 0.39623036334226 0.42287243717575 0.407954076785892 0.433497168096448 0.423638292749228 0.414189875438014 0.403411853767983 0.406453782567484 0.402868750081795 0.380950002375472 0.439790524238404 0.439828695951023 0.452688183009915 0.405350357343256 0.408812585718757 0.361064444441491 0.365071450560052 0.378645760146299 0.390492832413409 0.398973835706488 0.416605951430082 0.435966721629706 0.431437695659832 0.398272784376387 0.372516145169769 0.411793730907612 0.369239767719727 0.405479838105953 0.444561870387427 0.498038571412212 0.512500960924472 0 0 0 0 0 0 0 0 0 0 0 0
0 0 0 0 0 0 0 0 0 0 0 0 0.0538148423961173 0.4404253409283 0.456966954027219 0.430603199533248 0.431512001451457 0.45392350529979 0.483911261792157 0.455579587914552 0.480604704823906 0.46066505417576 0.468803130013371 0.491681138110834 0.459421060660219 0.458623755709313 0.439906115474663 0.410979322217487 0.476585600300543 0.440124642693553 0.465531718678259 0.537535395149048 0.472422009665752 0.467651213293672 0.428066328770245 0.485990001491401 0.413717446854179 0.438452176344823 0.441167679801767 0.483031146047706 0.163047280219926 0.0928386756843595 0.136518100614689 0.0862530914334632 0.0346243841570272 0.0594877329746814 0.228379052539716 0.417002107060788 0.444771508699476 0.459066497726635 0.474434530428127 0.46228426729739 0.453562158971501 0.437580064944112 0.453999252662164 0.465136934483594 0.442872478474202 0.432268372374916 0.447761971640476 0.415855913976692 0.388054583946797 0.420622874541401 0.449451867226719 0.443066012413938 0.429130760578451 0.427136677803098 0.426409684095611 0.4293386080606 0.430424382599466 0.419622266807708 0.433593781894717 0.410810844588368 0.394146065966008 0.383789877133904 0.360086129362144 0.389460062758815 0.386268837130407 0.362496816898065 0.379610963865695 0.380709195342057 0.426726598850176 0.392376794283709 0.386519207014248 0.392231987209531 0.406533216057945 0.440682464683512 0.44545036361014 0.449764423171302 0.384864871639989 0 0 0 0 0 0 0 0 0 0 0
0 0 0 0 0 0 0 0 0 0 0 0 0.452646912639474 0.427912389078745 0.444772628392733 0.478170974300732 0.447761210595792 0.442642259338434 0.45881707957961 0.450191685108101 0.4948988300408 0.490691677906705 0.49780745464382 0.468217149316927 0.453103061465494 0.442444894237984 0.447434336566429 0.474791682480427 0.473431550127437 0.477176227965707 0.515722018990417 0.50910406070766 0.489678637716853 0.432965027785185 0.432228648295713 0.445292445613618 0.454854439849366 0.412243740494704 0.428552862229162 0.464003552520223 0.466570566479546 0.19847513249264 0.0594181543678389 0.073686042743298 0.0577082224534022 0.142666358323914 0.237049265934817 0.29217435218797 0.421682269438791 0.444608512062899 0.4491448041609 0.458912707688514 0.441404908829585 0.459856623327422 0.443366217082159 0.440976693888827 0.425952550169834 0.399791957244502 0.424019599744199 0.428731945512328 0.437042383759323 0.425125445153928 0.445654472042636 0.47543796310459 0.43117450590862 0.409581735458566 0.420984034622455 0.447318107238831 0.403838040847623 0.375596429576829 0.411540621816799 0.383755482770228 0.414868570684234 0.496782208923895 0.509068600825806 0.485852411850559 0.478849822988136 0.385605327461385 0.413067475724516 0.372994825335661 0.396491976981028 0.433071330089877 0.389024765404238 0.370371963373015 0.364368390543699 0.355942887315102 0.445314709301517 0.504915824106822 0.399030799907684 0 0 0 0 0 0 0 0 0 0 0
0 0 0 0 0 0 0 0 0 0 0 0 0.412489543543324 0.397620323000814 0.46288779455036 0.453940394588068 0.452084627516433 0.448750460821138 0.434421598411208 0.441076560184852 0.463947574648444 0.489757927204629 0.466256203806099 0.466470573923601 0.450699462471904 0.480984109877547 0.468131014062113 0.442417756415342 0.469539625686262 0.477859879116076 0.539017833929348 0.504350609619074 0.432763049759904 0.424028400346186 0.438582334442887 0.41496624399895 0.419474141723869 0.442900265957447 0.428102768232038 0.443168860618612 0.462759632135823 0.500369907279564 0.132772903627983 0.0632064004401474 0.0863168160257521 0.260479153261779 0.321622013277015 0.267147508225202 0.340528233434677 0.396438624329006 0.415337287953841 0.439244104147785 0.447599737883525 0.467278866259081 0.434116228196097 0.469228018512051 0.497452211908743 0.454733886692231 0.412353868147871 0.439240845789396 0.455594407178275 0.448341491129844 0.42006351823231 0.39007107530328 0.317904851429728 0.411168706262686 0.437845311105731 0.434334812386782 0.409570032302331 0.369521195634066 0.399082762677455 0.445183666005079 0.472462858570185 0.487397927088752 0.521896398143574 0.536581386495922 0.539988815309464 0.493608240461577 0.414743589020016 0.370962714949892 0.363984579154956 0.402577671966457 0.41400146371342 0.389351818010482 0.375141825205061 0.381320729612793 0.428786841336459 0.434959784842211 0.412422067501172 0 0 0 0 0 0 0 0 0 0 0
0 0 0 0 0 0 0 0 0 0 0 0 0.456349069643116 0.431743170405258 0.421271392554909 0.410794203642236 0.457883731722838 0.479238714387686 0.450752340613661 0.422998548300266 0.475064717714846 0.445844033940827 0.494920479057402 0.474586885514105 0.465110350028028 0.497586835211354 0.441303799345746 0.429459967048078 0.505160353977379 0.466964936939225 0.510110811878424 0.444079279553735 0.402871450083595 0.453959548879786 0.445146068776359 0.42177215478767 0.421062485973468 0.47591882851668 0.434265495189481 0.44463837813944 0.43098167951262 0.46209782897119 0.534088807399177 0.140580897090393 0.0686349730126605 0.129428719815145 0.283470394286276 0.447134238439324 0.490169753657751 0.452767672442915 0.441807190673317 0.458986730666043 0.446551143808559 0.436398791273913 0.446232464165475 0.449807235433073 0.494243603541409 0.512570425713228 0.455404847258848 0.437623088256184 0.450155552002456 0.365387191085019 0.202035316019243 0.293407639986195 0.39090194550483 0.44858460742546 0.438667983934447 0.437403833616618 0.431904774331514 0.445129001194075 0.41100021565674 0.425166932910397 0.455069388190857 0.49777562457262 0.523863591277566 0.522604456816439 0.528253810570789 0.518981215741398 0.441287662211685 0.371599812820979 0.396945362743109 0.437866422504943 0.472505485847776 0.443620426595254 0.43911561786336 0.370083627567419 0.42529912487199 0.476320558201179 0.403821773262314 0 0 0 0 0 0 0 0 0 0 0
0 0 0 0 0 0 0 0 0 0 0 0 0.349071630094616 0.406190734665696 0.44161222036297 0.42938115958074 0.421415392075589 0.428677714728363 0.432300714114626 0.45537957455397 0.437253265809261 0.32899793976498 0.454071330076243 0.490930549945306 0.467087340738398 0.421097119567292 0.459454589299619 0.457671103247628 0.479134303291415 0.46684021340737 0.498037763326364 0.452060015351616 0.431957946986825 0.499768583471568 0.512025881994726 0.451718086816586 0.397135148766582 0.44420501757304 0.423596373440709 0.37844127022389 0.446934123061587 0.451739588456446 0.449268642425536 0.51050425151371 0.0542519310460612 0.124333079770262 0.143969305569928 0.320452625339724 0.54344770784188 0.526404498807425 0.494165872466936 0.430303909260238 0.483410792880781 0.451520317711383 0.436337349457779 0.363252770426879 0.409707399836872 0.503481004832195 0.367292685752455 0.0319506736004722 0.135775723509839 0.196793386323402 0.281692440155486 0.384980631828545 0.409991042278087 0.420434229786743 0.452872643697999 0.45842633499487 0.465529141131535 0.462046829571568 0.475022213969985 0.451882254157383 0.491184059996041 0.510148014402518 0.56055634340888 0.527773308460743 0.543143729328962 0.544302786009567 0.519188504697232 0.444459429864203 0.399580650876628 0.479685100533251 0.445231035600863 0.478301639728745 0.478268841845226 0.474836656093259 0.425916354219493 0.468174690070759 0.408297288681824 0 0 0 0 0 0 0 0 0 0 0
0 0 0 0 0 0 0 0 0 0 0 0 0.057495449573601 0.485305388001501 0.435909058291973 0.461001834835777 0.432270958918442 0.398798679673757 0.44512274744785 0.457053896920052 0.463143279734231 0.347457829830722 0.339053264300819 0.478350729832957 0.464695512781608 0.459118780427855 0.484250271683119 0.405346513352266 0.448148981723384 0.510904421950507 0.444485538585301 0.42887930506024 0.504260889954773 0.541413613664942 0.486616284874793 0.454163138017042 0.453583188964613 0.478064558515273 0.435189782461968 0.440690017417629 0.427034052437473 0.457845232152127 0.450822336962864 0.560268711402156 0.361506655774258 0.0926613538644506 0.191265779940935 0.267884819669972 0.498010326237862 0.527009138176678 0.500068244081019 0.458469155158067 0.462067703493778 0.424182930897687 0.411308866454708 0.348764515999435 0.16017717309278 0.0494003615599745 0.067504282150822 0.0656729215856326 0.14101303584993 0.222647527825401 0.328925786298304 0.416386292288856 0.416732225918234 0.390525872279488 0.457421537849961 0.494274753612081 0.52004661539464 0.478815530660699 0.460814133065154 0.451836241521917 0.491304498851049 0.491915893973649 0.552395671174133 0.541545948787412 0.562525624230443 0.545713127560875 0.523472805014707 0.47703941175813 0.447852060065295 0.492456491466568 0.496975880308379 0.507623145163225 0.512076769113928 0.502768844803489 0.476683416808173 0.48888440768745 0.288572469347209 0 0 0 0 0 0 0 0 0 0 0
0 0 0 0 0 0 0 0 0 0 0 0 0.0349830949545377 0.382069325566322 0.435393772865196 0.407152340153563 0.440154147819664 0.42423310981402 0.442671141255182 0.449474580700206 0.441471640779133 0.424013305601998 0.378253702890674 0.46584921746428 0.415135968614594 0.442617955242698 0.528243113577966 0.47360505271435 0.492084615304392 0.466745146416329 0.429060973904025 0.45375148417588 0.505688562316574 0.496361151645231 0.543632144418071 0.54295239480987 0.504141841790423 0.48843820821105 0.496252971896222 0.470949616516327 0.472439651870986 0.427086089954527 0.466018954563251 0.449184355478187 0.610963905979565 0.390983723520814 0.313819755062415 0.103754141969596 0.164651211868219 0.361242888248931 0.456249413479922 0.436442135728681 0.439052921428517 0.452829759116905 0.433506260865143 0.415455562353655 0.062785226259117 0.0351958264301505 0.0624692953399748 0.138217245946157 0.216468370853183 0.330764242996686 0.337371066225027 0.41030319462144 0.441278752179163 0.4277443736347 0.478619623924937 0.471611365744452 0.514627114388286 0.524411944814342 0.591391080821399 0.523875683631559 0.536580368628282 0.526072496000209 0.545900688621073 0.559191011159061 0.569586105539942 0.542122711571746 0.511761117032183 0.502158510583767 0.496908267379049 0.497531454113377 0.511526380895669 0.484732484703596 0.532426453386762 0.520669765100232 0.519360728470384 0.540874615425722 0 0 0 0 0 0 0 0 0 0 0 0
0 0 0 0 0 0 0 0 0 0 0 0 0 0.128052888693352 0.333921014518122 0.382260095865465 0.440947477248635 0.448417693300037 0.452738663106798 0.449583695850142 0.432032444527103 0.430368977949212 0.448947501998532 0.423129655631525 0.475360085093023 0.401941464279171 0.42821615125125 0.451116407794739 0.273888227310936 0.499987710526129 0.523054317442686 0.491281553850487 0.544999806963071 0.538017274351282 0.595161345102042 0.579245195317654 0.575337451909811 0.53589223626534 0.470783049769445 0.452592324895329 0.453933786632711 0.474848279791487 0.454930142269989 0.47826374389807 0.585253201267991 0.674250805652437 0.643415266911725 0.392196881107384 0.243110483344499 0.309968741656198 0.460406762300378 0.450793646214022 0.4485386773719 0.441203642582311 0.458290393098712 0.461797149192871 0.381419669917757 0.254244773436538 0.0995833367884198 0.301947761024167 0.28451302660229 0.452178497253178 0.429822187393326 0.420062917550056 0.434507372787164 0.398785528610363 0.433563459439887 0.490248960381624 0.508978142146341 0.513122291120682 0.512617699119773 0.579382239566463 0.540973420893848 0.546335079390527 0.545410749594023 0.550209617244305 0.499545864226058 0.55912773433538 0.504834269874625 0.526884180063375 0.520881296072571 0.505028198058888 0.441692135524193 0.469392503410183 0.411293652797863 0.304843825648391 0.310462790432307 0.281880701294915 0 0 0 0 0 0 0 0 0 0 0 0
0 0 0 0 0 0 0 0 0 0 0 0 0 0 0.247585974595876 0.1476843599316 0.46994737685716 0.409107794810061 0.440418234266946 0.462836554460544 0.486335188959432 0.440532419626566 0.496974226761679 0.470567445124891 0.47449115677993 0.495927801918412 0.500814861008639 0.538326567433279 0.532449277076018 0.502516779277675 0.515511231177534 0.508279218723243 0.487716326439076 0.545642954984356 0.320723990591355 0.160252407493936 0.192372776785785 0.446489174663519 0.3050370874323 0.408571956905051 0.427042944063324 0.472651693383059 0.462824690036677 0.464146522071646 0.567218589555775 0.592068336943232 0.562191469668799 0.542703431926672 0.468996751360257 0.400747317284957 0.348387546767831 0.378561482930545 0.353748351824526 0.383028120908871 0.448841598585022 0.481968327097122 0.762499885982791 0.596519600323584 0.724783344948267 0.605286699427052 0.648663952696954 0.528959153569875 0.470944127055926 0.460909331135221 0.423679037620934 0.380999255020596 0.308352435240609 0.315631605438106 0.344868991933482 0.383716767191738 0.37278713963509 0.495004564780794 0.536813888679857 0.551095898920901 0.525563423100958 0.450487929875245 0.325870051350241 0.433635543762941 0.496340030460574 0.551225631034448 0.503930165944959 0.489708851692699 0.351073329150184 0.241297140136086 0.22508776482288 0.256063276527856 0.185283617255418 0.150312097473358 0 0 0 0 0 0 0 0 0 0 0 0
0 0 0 0 0 0 0 0 0 0 0 0 0 0 0.228098883322945 0.124416334198728 0.0933206562810822 0.353018661633801 0.390850153002215 0.384575104898393 0.248283520204599 0.192388663969057 0.175767951503969 0.427324828075804 0.302099167576639 0.241087831614882 0.354150315986865 0.378001161275265 0.310983292316394 0.306828978203459 0.370397139885247 0.295892047936413 0.255032808541448 0.20125915428388 0.207932858577003 0.0982906668473318 0.153710110519436 0.177569422541478 0.249040303210439 0.436665108995657 0.417603025734576 0.424747320133479 0.41357651064007 0.487167083516691 0.498966668068093 0.569622408243384 0.565248186782723 0.518861419313563 0.517324669551042 0.456542864942722 0.317067358125355 0.342174378229552 0.360231475761869 0.319821576912674 0.324255377686431 0.386175812666385 0.655288184231392 0.362784121073284 0.468272680842611 0.367482566920149 0.61176807084946 0.534493958306749 0.539117985643287 0.477406533735658 0.450752965207411 0.423760971504696 0.318727016662659 0.300660085978458 0.52254452223701 0.589713173059516 0.596023576345152 0.585612937643074 0.562631049615126 0.530121057875089 0.510756908687399 0.340783322639278 0.13668605586974 0.297140859585537 0.472078760912858 0.505339510735907 0.477739996979027 0.351784734237498 0.324633943529746 0.354703458295435 0.426063525176732 0.534231911450035 0.524120523921447 0.503976059808185 0 0 0 0 0 0 0 0 0 0 0 0
0 0 0 0 0 0 0 0 0 0 0 0 0 0 0.304915746122835 0.144911699449375 0.112234658935034 0.302890822065349 0.336705053602171 0.376108225161425 0.450980605844905 0.239656113572923 0.212712666969787 0.33502626650493 0.414667201785211 0.513429952136794 0.487204425450666 0.530173151330592 0.565871634934177 0.532466477551823 0.56647898109356 0.600051835542625 0.555766924062871 0.540778261754941 0.550248796039855 0.567742639408518 0.574994388081114 0.352335673497122 0.347449563245089 0.420873974096653 0.444974541618408 0.465064709970875 0.474448021804312 0.417270015166894 0.466780104355818 0.557269139145272 0.665105535876513 0.405404017771938 0.279361897904729 0.40017978486675 0.459893154442222 0.461697240096089 0.429131077323286 0.407436126478178 0.3034379613494 0.331432781620566 0.0635523835922422 0.079368751169841 0.103209961673445 0.144254785674647 0.194818479326714 0.341356004115803 0.366942317488081 0.419291015245418 0.423036694786531 0.448798582197606 0.483649282839181 0.512261465371138 0.542456581118317 0.564725750683263 0.58987314413942 0.587872551255667 0.57846741844735 0.584952201419858 0.508958854175187 0.428810810040755 0.491627268626975 0.428654202097669 0.324755156921573 0.482517808474649 0.498999283361308 0.487846836064071 0.43051822800279 0.523734299319572 0.501617674469394 0.462384785187796 0.478101958062454 0.512044448218389 0 0 0 0 0 0 0 0 0 0 0 0
0 0 0 0 0 0 0 0 0 0 0 0 0 0 0.301335509330527 0.188387325806666 0.372663028462451 0.443608459062947 0.434993810705751 0.466199805310124 0.495217407732165 0.495740951516649 0.518070285481987 0.481029369893928 0.488684870873835 0.513302446388628 0.468505964149252 0.414875062488208 0.499927765485761 0.519886530221185 0.528411857252463 0.491294860050953 0.521607950279085 0.560310075696105 0.532457364222514 0.519436812258227 0.546244748325377 0.526598749295197 0.496024932266668 0.420150288308015 0.432579386055318 0.424859970050648 0.457566909380613 0.479434050487337 0.495569069451579 0.560349833342058 0.329869418591446 0.34335853278097 0.476439036787304 0.5122264322529 0.548235009700924 0.550051419898399 0.480407213650982 0.460417588683837 0.38519205564085 0.373920911734137 0.295807202608616 0.00986783190112315 0.049542546483422 0.0632498102860054 0.172913747574428 0.208651390844024 0.291321467628688 0.411832482075921 0.469910761178283 0.44749037749762 0.476405094770771 0.499883818812349 0.494149055455038 0.455921411963572 0.487360414315051 0.517315196314195 0.546365387619789 0.569454735825691 0.575871175973882 0.592030646180214 0.577234385950347 0.580775727623803 0.484905953069397 0.517848332473119 0.51259094412099 0.486208623297704 0.494895201941712 0.517001056945349 0.501152314105165 0.432014545922204 0.450561193105228 0.450568521106052 0.31254049132602 0 0 0 0 0 0 0 0 0 0 0
0 0 0 0 0 0 0 0 0 0 0 0 0 0.0982238984339481 0.363615099061616 0.486526411749542 0.448492883903556 0.472214494360487 0.459068342587791 0.414270756219443 0.452219057087536 0.443420468085924 0.443330592655408 0.453332397496846 0.488720320678509 0.446424346893768 0.495470718228248 0.500157994843897 0.422427203556077 0.473847013684627 0.523616826344742 0.493139366758441 0.472304543593082 0.467247259175524 0.473158825676338 0.481025627825346 0.447248724297869 0.450070240221916 0.507708777086517 0.449426006901615 0.452592571328236 0.458775811679389 0.421478397875966 0.45322671390073 0.522024843342898 0.344093942734288 0.309830041584053 0.405909070268169 0.513166931461257 0.46391161737545 0.452685007754194 0.494384185221932 0.475279483504204 0.403603572587338 0.474320339078363 0.438347536855603 0.230057316135733 0.279204007921144 0.0255683817765198 0.0953518598370244 0.204661395893863 0.180856460207128 0.244588316917014 0.313758552265293 0.394181935022079 0.445041138083569 0.423054177650413 0.451565566291417 0.460687902533119 0.441798894311463 0.405636109537688 0.412796284782774 0.459627392301479 0.508311440818913 0.509878885530737 0.532637959985462 0.553105318749502 0.579696411851104 0.532560035848158 0.462334730631006 0.456892679872656 0.511957179440095 0.491965792854198 0.475069436925865 0.473219582970026 0.399996940742298 0.417880394684177 0.446195109605032 0.377648058264574 0 0 0 0 0 0 0 0 0 0 0
0 0 0 0 0 0 0 0 0 0 0 0 0 0.323014458268306 0.383409435951138 0.42884722950155 0.451441800544457 0.464281938120076 0.444498340306383 0.41595370719447 0.473094503271403 0.46309498697955 0.457817568456539 0.481882826160157 0.465042814794017 0.495358759495072 0.450155872907949 0.461622822826999 0.49677237741746 0.480729392647338 0.430892284844938 0.481556775214495 0.514913297163448 0.509145776154323 0.48426139068316 0.469804174776672 0.503467010116989 0.451311816617235 0.447633356303501 0.473432970403458 0.456580849557433 0.460713769559303 0.471470040181264 0.462780382777507 0.389080973767699 0.473115273055916 0.328453505858725 0.35635207682379 0.524463270678127 0.443348919018418 0.391688222979192 0.42718234746879 0.409962303756013 0.424817811443818 0.504248709839867 0.472638417616583 0.543905225594189 0.566522280329836 0.350687293647477 0.439956691685807 0.342984180415776 0.290006029400097 0.330200818355249 0.364940825510294 0.372989118466055 0.455070151414023 0.491532815543126 0.420771682447027 0.369876211268558 0.386023781831326 0.395698076389048 0.387356906497329 0.430835722049452 0.445556960610378 0.486237310387568 0.523240301421166 0.549478994567974 0.55053126813811 0.527367532966236 0.457971480422156 0.483919333401633 0.529933264251742 0.458337136818604 0.422499315349408 0.356858236762383 0.409450167869194 0.455390003943216 0.478012773104312 0.416655622308257 0 0 0 0 0 0 0 0 0 0 0
0 0 0 0 0 0 0 0 0 0 0 0 0.026137653427551 0.306276427103884 0.487808081790946 0.40078368003502 0.378162926165828 0.38905868196198 0.415852753572956 0.461688554234516 0.467911004838329 0.459268413334598 0.440753099807045 0.466492250503859 0.46587963497412 0.455748362840309 0.482993975673939 0.436755587887423 0.432886812078958 0.461677886899991 0.495633253258453 0.503148990017428 0.548541769367493 0.549080519862354 0.550029592724798 0.513092037837419 0.490218367889124 0.480607139483087 0.502089234751719 0.463517166092464 0.470613676093849 0.478061840454433 0.485810336255061 0.387871066162317 0.399896835981593 0.26801950207651 0.191236179032004 0.335734479036817 0.438312256708714 0.507399486598112 0.427331739289994 0.452695897518113 0.437913105333 0.493057663330236 0.5371424084247 0.619797699768684 0.736688781153106 0.614281451741314 0.635811721639931 0.612575448566839 0.637777878948125 0.63693591031908 0.63148948412244 0.526547162787254 0.497359996771132 0.467015611549444 0.501510581211563 0.501490187354201 0.441525918553822 0.438113439616113 0.421141150689589 0.433625249646781 0.42561054078764 0.424351187354336 0.486067360783021 0.520826457629212 0.544711225824033 0.481788448048528 0.448425932362912 0.43623193006392 0.510258765944632 0.507728667434452 0.421785072281151 0.399762391424225 0.379469672924417 0.404831554114959 0.464267016205968 0.466016374619925 0.410805957025567 0 0 0 0 0 0 0 0 0 0 0
0 0 0 0 0 0 0 0 0 0 0 0 0.0365524767006062 0.352976691546756 0.452928802857492 0.440775368234301 0.437222701904223 0.403065273276764 0.452060872964524 0.464605553625413 0.486479743188632 0.478793342009089 0.485145451376506 0.437079729009415 0.469761635883684 0.434408650314693 0.450152596649336 0.449249747119578 0.484484741770847 0.469016017654972 0.502361558647782 0.484796904099362 0.529917726358974 0.50247581065831 0.505672600748645 0.509759747827107 0.468967386297705 0.463647797647676 0.451739336507127 0.449192379897221 0.462746487929603 0.43102028717583 0.296173794400196 0.300297216239122 0.346940852620325 0.191702764952045 0.25068247694906 0.383566708198236 0.46868355937467 0.429697149499605 0.392066550605939 0.486250319358877 0.47063340083832 0.530831209207315 0.58689449483081 0.716900169978831 0.647231376664126 0.694645119880568 0.681109787216321 0.746168093208207 0.805091040666719 0.78670967196673 0.776133156185144 0.830152944633848 0.826735819687151 0.703649285783812 0.578972970445721 0.573550433590118 0.509973238765687 0.424772922092422 0.400055783642003 0.409238607037477 0.418883438985607 0.428869687984978 0.522676043735407 0.516720967881164 0.486983752046246 0.466625592818317 0.392138153041477 0.435075746172252 0.459308139415059 0.463799756795282 0.406113979469241 0.414501196135744 0.375306896649174 0.420507844091734 0.441634480331227 0.474101515919276 0.386910260132942 0 0 0 0 0 0 0 0 0 0 0
0 0 0 0 0 0 0 0 0 0 0 0 0.0324977559116196 0.351226809087295 0.462015247909993 0.435726786678789 0.460277454885116 0.430026597107936 0.447238227177337 0.464684315776788 0.478667048453087 0.482828256496183 0.448019227878868 0.446889433913753 0.45041510391276 0.429217913683865 0.401377012352046 0.43648224636229 0.500137836509309 0.496913911609808 0.498687947270381 0.42519279763677 0.488623778693794 0.497257075917907 0.43369509220308 0.429006453619197 0.459608493866852 0.489710134466035 0.486639066281329 0.455533889643678 0.475234463887644 0.37643091795876 0.262643630347096 0.34692522797375 0.278966884450084 0.160833525025753 0.337762318976757 0.389497601250324 0.468723022656346 0.449479235245216 0.433474975038799 0.378178308194227 0.409381457756676 0.448920435978538 0.478749839135893 0.557887925826377 0.599612586859801 0.680801885422768 0.692173446011824 0.668419414948147 0.795272890683023 0.821392455152996 0.882854282747843 0.916613669693366 0.887091662508739 0.858719892244224 0.809791600323855 0.763085878973754 0.628745484155976 0.536430609113306 0.442702078912979 0.389345032945787 0.40353900491099 0.404261894019454 0.519900891262134 0.523803507437374 0.507240658389526 0.396663648130078 0.365759577174147 0.380315520257699 0.39438726259934 0.41943782889212 0.398171332748224 0.372689779021793 0.412130612068162 0.485807455120959 0.453508353935527 0.463838495111504 0 0 0 0 0 0 0 0 0 0 0 0
0 0 0 0 0 0 0 0 0 0 0 0 0.0190140243169269 0.335033758529887 0.394435429366069 0.424632296384211 0.439873973582705 0.43691900916162 0.457027639444643 0.487686857713243 0.485891720528877 0.47976867572577 0.494805466448655 0.486393859812929 0.474646756413161 0.489264392299026 0.426848572410116 0.453783132856439 0.502685744438192 0.518011942320947 0.511280639192168 0.489034874607792 0.51176456188933 0.524626019637145 0.517433482124454 0.470240587683617 0.49696819965935 0.482481977051236 0.470991314033458 0.464988615754131 0.456590013319003 0.338185165670603 0.262429089380324 0.283633398476481 0.251089741361189 0.336618739471582 0.423962671377533 0.50261969207747 0.44654195699639 0.40525526076549 0.43908600418124 0.419399473182999 0.408312190943242 0.380477858210286 0.459746944511017 0.559370810828719 0.726990344471401 0.768274638219348 0.773764581858293 0.787957018152016 0.771463558772112 0.866612808545538 0.905747690066396 0.921121013522946 0.895268635515196 0.900191890616769 0.858303395159681 0.785105727252998 0.700820320572174 0.586860741925713 0.495446471012288 0.480090782415071 0.433015415484725 0.416021813466071 0.443413288430435 0.468810056459893 0.439884345189699 0.384845222905167 0.356576939224314 0.377144728984195 0.393552406964653 0.362804301518503 0.342117180671795 0.333109067765233 0.417989082692195 0.483919268452748 0.490545888698532 0.43361850926959 0 0 0 0 0 0 0 0 0 0 0 0
0 0 0 0 0 0 0 0 0 0 0 0 0 0.31586778101869 0.393117271709974 0.453719428980133 0.439738748151426 0.439437423408918 0.445992696063355 0.436627234572859 0.480545202863954 0.484286718189532 0.493305868254477 0.471758189320423 0.429550464994743 0.459508842569114 0.488855580715338 0.479480190157734 0.510549991831375 0.472210667292946 0.496485286774353 0.49660196964058 0.525520356862026 0.529433814198411 0.519150795301241 0.439930984427673 0.4732670094599 0.488398167226146 0.449215186924093 0.490538197066438 0.451815928909788 0.21376791274833 0.193865527542594 0.294532180675204 0.308534656337692 0.481722458008334 0.480987664292012 0.508732245496622 0.492945123223269 0.455952720906635 0.480550497618121 0.460784997219641 0.433020164806642 0.445821848211355 0.510555273369467 0.695711400429753 0.777690785476261 0.724321062428361 0.793840590772072 0.787940828489688 0.776152998952748 0.860361914813185 0.88443474891703 0.891511548777814 0.864179883952906 0.889986110702589 0.868205127776542 0.854952162749763 0.719931973668998 0.598764211521851 0.533580477769127 0.484770065067487 0.447369572312097 0.404552828727167 0.423359406693637 0.403013410972077 0.39485657511863 0.386473228381773 0.382247094430912 0.36909768010918 0.378785938652291 0.342517454540212 0.325524814716585 0.384606434646094 0.420160394562166 0.42946158356945 0.440286702739761 0.452080424351336 0 0 0 0 0 0 0 0 0 0 0 0
0 0 0 0 0 0 0 0 0 0 0 0 0 0.129399379989514 0.35446309312096 0.43193119283803 0.424134388470324 0.397480821593661 0.419451519435793 0.433155666321627 0.434255856804498 0.465222504040688 0.467777889078472 0.483678616929939 0.43240130339257 0.454648260185152 0.482840616381501 0.46883797377547 0.424845357364387 0.495215512874309 0.490808581415779 0.529488333660515 0.504145386942252 0.462023336917331 0.426750466516818 0.453828696103708 0.486294171958823 0.460745973216945 0.484355287720452 0.468415090355188 0.24988669358874 0.213121241332083 0.263594786764063 0.246381090284435 0.485815130951565 0.503631027441097 0.465044491794159 0.505845809101473 0.47232586818836 0.474343447090842 0.486428149535184 0.457477056860282 0.446651204153047 0.535953737625738 0.684817431942215 0.770998863495082 0.806771256091024 0.804202682811153 0.85246220201969 0.864383795998956 0.912303844997073 0.892489209509686 0.897556921559935 0.876525346382684 0.899174693714739 0.889896038605477 0.87832814329829 0.807922540449144 0.754009843302 0.650220661392779 0.524407957903772 0.468964748130431 0.409784531389222 0.452526004786524 0.471930335942875 0.352912355114606 0.369756662015922 0.360706357342711 0.364358048931044 0.36449202486741 0.366529252076647 0.383591061673118 0.413322309523946 0.447023628147484 0.41725252142151 0.462463448248244 0.490588929768367 0.453825512065899 0 0 0 0 0 0 0 0 0 0 0 0
0 0 0 0 0 0 0 0 0 0 0 0 0 0.0987631673699689 0.430094032647097 0.446329082825112 0.40509009110157 0.443746748639881 0.478501678636728 0.447769376276006 0.4491499940194 0.429052571362317 0.464329189811331 0.488479115063369 0.4681470743822 0.436213276825726 0.460751020258108 0.498746880943792 0.513849952675961 0.525814898752404 0.541662363261419 0.5332238892088 0.508394886048229 0.45722273198172 0.483852364315215 0.480776327426076 0.459477234253176 0.468921746836975 0.467566668798797 0.345646092092793 0.137066668730295 0.325162236219671 0.332586507318498 0.252157154053556 0.511248160085415 0.426167144214946 0.469470612278103 0.485920225307905 0.498454432433257 0.541955023610216 0.547954040249291 0.492223586563431 0.489217007773555 0.842661181204692 0.770903991658787 0.879432586619869 0.890794472864679 0.837467379287847 0.909871327267938 0.948905335719302 0.904518198140683 0.896871129195145 0.9295750706098 0.892642151009409 0.91332122000975 0.922240599211984 0.803219744615961 0.856364449373067 0.812587856558021 0.743803989423049 0.61192199040841 0.524260286162251 0.465494943911594 0.413975144597747 0.362094879831785 0.369965849143685 0.409418854839774 0.337514165488815 0.38819149827262 0.383579510737952 0.384626494138548 0.378610145622915 0.408035431447761 0.432657669184735 0.459307715178919 0.427355270562523 0.47364610607979 0.464461990009657 0 0 0 0 0 0 0 0 0 0 0 0
0 0 0 0 0 0 0 0 0 0 0 0 0 0 0.315587072571796 0.426958205903059 0.435805984662835 0.459533296245977 0.454468512469831 0.458026788134063 0.469620446489236 0.441133416106778 0.413835408701848 0.477804871053785 0.417497505379405 0.424648216678227 0.440049442435461 0.434622604539176 0.468272957881277 0.521228526686537 0.496383909724426 0.491012011675189 0.479653578974189 0.465360499089073 0.437088883434733 0.439124818721147 0.440089240198605 0.515142267091949 0.344564938761213 0.108369985907093 0.217373186214588 0.275601941169679 0.182928005413556 0.498163981019944 0.464317231824538 0.470048680239508 0.456566461346809 0.503690207117992 0.544909048285681 0.613208591533859 0.619384848359677 0.667789266281085 0.750143032730121 0.870519257580789 0.820080370366433 0.843744453698675 0.907518264142681 0.835257459936658 0.877167967075752 0.899617337756279 0.89889179649627 0.910280640420461 0.90435197138282 0.858658209883763 0.865749153486716 0.888808466673319 0.933561729181457 0.926830428372938 0.886888898795209 0.811672826773623 0.717921108765406 0.643822604617565 0.528794387928431 0.446536445143841 0.478133234367826 0.45920603053978 0.440944896494171 0.382302609174925 0.374487401903568 0.366650940240483 0.330313415902971 0.357564849468004 0.381255118682268 0.432237513843856 0.471007886533275 0.423194726411051 0.430013630438434 0.393352975795132 0 0 0 0 0 0 0 0 0 0 0 0
0 0 0 0 0 0 0 0 0 0 0 0 0 0 0.189427462228971 0.411587525343253 0.421547078554442 0.44869820483154 0.457679049689151 0.475609425831013 0.438528295678181 0.447209117926887 0.419427988589282 0.439371390711788 0.463335108422408 0.431748122856963 0.426462574028844 0.442947518367818 0.444331686107367 0.457433566901201 0.483698092586564 0.499464910106956 0.499290725243559 0.479545866195962 0.491750360799107 0.49841949109549 0.490970268648514 0.506470412353326 0.178698066128167 0.160981401308372 0.360205391357154 0.441592310322133 0.461277791578465 0.555354016292808 0.453727383122683 0.444462113624863 0.468082633733967 0.631420106575199 0.718851827613933 0.761535833479202 0.759258842276014 0.913121725947817 0.844025493764198 0.8736313088081 0.855982922888563 0.844357670312829 0.88851948633773 0.920051794193732 0.875897941273422 0.890529262358998 0.898969822636416 0.908842514284187 0.859633153254144 0.796496217326864 0.838158928968136 0.817847066508038 0.837007339525783 0.798416744822083 0.852845266181021 0.861677121473123 0.829607496245595 0.774213379527233 0.686223130241034 0.626390051018461 0.607298439081036 0.541966747154614 0.424248484576267 0.371651259204699 0.316994024554134 0.33118397623969 0.369220632565385 0.415998508200116 0.425019274907762 0.504495638704122 0.444195041108277 0.430399797065838 0.464762077902807 0.0576261038276932 0 0 0 0 0 0 0 0 0 0 0 0
0 0 0 0 0 0 0 0 0 0 0 0 0 0 0.00297654880439526 0.269490336668467 0.433414942756916 0.439676233353973 0.444783246786398 0.452402945371367 0.460662604306742 0.464087438177742 0.443695208117258 0.429088533708665 0.430968138950871 0.418514004214367 0.461356886158926 0.425149800719362 0.463138376735288 0.521840545134379 0.475334857274002 0.488880518554993 0.516940897606724 0.52724546962095 0.507303672092695 0.50146825224828 0.515707175006788 0.320118609860779 0.316230842495773 0.442657063701097 0.480546997012701 0.52815805412232 0.550066439643787 0.483177005838413 0.469360348163096 0.451355392452528 0.444655027116507 0.658475358154393 0.855576060462548 0.85414447622783 0.881059714104947 0.882792022503526 0.836742952829736 0.824521093101601 0.81163725786271 0.856342550944845 0.918710543749311 0.899180584002146 0.878682847950428 0.894865166993303 0.709771959654734 0.786480124748752 0.817191564817874 0.801712801591573 0.761771136908442 0.748431720549325 0.731199978371957 0.762716953809098 0.874927427938333 0.867748971470341 0.880004930221786 0.764136296605604 0.731304264480224 0.719082807392225 0.662099969953857 0.632981446856771 0.47786555852768 0.415599443195476 0.354359613568288 0.38017628681198 0.402497481651267 0.366029059499816 0.403894870779771 0.459396905737995 0.453403490052464 0.443307318851337 0.446013719346527 0.000759364847156595 0 0 0 0 0 0 0 0 0 0 0 0
0 0 0 0 0 0 0 0 0 0 0 0 0 0 0 0.284292016978933 0.41600435901038 0.470320035212199 0.444078162041006 0.456278052829272 0.460541928768146 0.50046797011513 0.485129400321783 0.473873192697206 0.469114839848194 0.502100667006663 0.42086575663728 0.443140162675874 0.444838311231559 0.489117436678162 0.490716351637488 0.50631190651914 0.52253099188127 0.501752927999407 0.511288823225887 0.519122135180653 0.4986390280577 0.446923320254945 0.517572420047131 0.48556145164793 0.495169289017453 0.499496218012581 0.540039166470358 0.49480937274654 0.422637660286769 0.470686722744167 0.503633860949202 0.612285781310154 0.894734299458624 0.891210817724062 0.905435943586593 0.93539775654008 0.934602413547812 0.940045758410194 0.923708482191253 0.92653180703696 0.941397364786901 0.905461888150639 0.758174375506449 0.760234234719 0.76026806209191 0.799640741937982 0.842981466989322 0.748449786581043 0.690131270256608 0.711496706156078 0.739477797321858 0.740772721175879 0.739600702775752 0.870504049451262 0.873433627247054 0.842508607076331 0.841229658597287 0.787721753353335 0.820636983080913 0.781937957565685 0.584788097686502 0.485658266942808 0.443692149313519 0.460243634931041 0.408631796235889 0.380377523116036 0.366874912070043 0.399540629515101 0.432878718731698 0.41124628213056 0.164892235013187 0 0 0 0 0 0 0 0 0 0 0 0 0
0 0 0 0 0 0 0 0 0 0 0 0 0 0 0 0 0.260629652051959 0.476563433386718 0.436713398218825 0.468905750919107 0.473075564337191 0.464535991631113 0.483418596892814 0.542994807171649 0.53505194372919 0.523099217626507 0.497670478970153 0.463794278806672 0.461007301079943 0.463489005567398 0.463713128239094 0.485257166102688 0.509602354832412 0.501194434810775 0.503107670263752 0.475838395372349 0.470279044510826 0.504632620800765 0.493431099886523 0.512888844927546 0.491260374246256 0.48431783744791 0.49747512676228 0.502953592583565 0.465634031509461 0.50465352762991 0.41732850299589 0.585312491207006 0.900729276420975 0.93319427871806 0.941438415837535 0.898978841907936 0.94260264222023 0.927724226434499 0.939628280779847 0.908936978117301 0.888865239331711 0.810931896666895 0.752003814487421 0.790544779460762 0.796256346016786 0.728313848864626 0.642263984203145 0.621753542106317 0.607783322081025 0.613802615849423 0.64957575788534 0.663188854155419 0.722666363756826 0.815860759104091 0.909184105716892 0.896969463842656 0.879752041467768 0.854808659531662 0.803282265993164 0.812676410622811 0.632248330549566 0.455460764746604 0.374069434078026 0.460081286407092 0.478325917168072 0.449625368701216 0.378875247454666 0.439728053578381 0.432143028088918 0.062031319686877 0 0 0 0 0 0 0 0 0 0 0 0 0 0
0 0 0 0 0 0 0 0 0 0 0 0 0 0 0 0 0.107000188533075 0.478354382930055 0.474580894984503 0.465977016683789 0.501838285214516 0.495860182527595 0.511954735362184 0.508394567319175 0.50613682916259 0.50486235550177 0.44794620425461 0.447654776065575 0.43674520456257 0.466752169099123 0.412829073566564 0.433486908647182 0.430478619541253 0.420148563456255 0.420036479112749 0.43970408852829 0.433164140064106 0.451360892371142 0.450540453509319 0.428047273084136 0.478002381361357 0.4831148107277 0.46936088812801 0.476828492073489 0.451239838817572 0.44843730634279 0.481475976854109 0.732782863787365 0.893250476764406 0.946855367340006 0.961760771406105 0.972606600608775 0.932169105530126 0.944720412619162 0.958483347443024 0.899573940784831 0.841065742659143 0.835456913128202 0.792723802400801 0.7660831246735 0.727390522070826 0.614118949601002 0.62147190896891 0.622726001978901 0.643676604217312 0.610521281694319 0.595267964192468 0.594368104894031 0.684943797570789 0.770012640074466 0.855979557627794 0.872017161875915 0.873526420736801 0.86001251261011 0.818969858714963 0.809379709807966 0.55971909168627 0.43738362403727 0.397637270659587 0.468592210411207 0.458617432311655 0.463542875792188 0.420373482151718 0.416638467113651 0.433469350370752 0 0 0 0 0 0 0 0 0 0 0 0 0 0 0
0 0 0 0 0 0 0 0 0 0 0 0 0 0 0 0 0 0.318047975211659 0.499427064137338 0.45587630660917 0.504546292718963 0.490464696828414 0.476051226731961 0.529851161354334 0.496359466524179 0.463077821420119 0.405860653708791 0.418850431466846 0.448780811757094 0.45934926259416 0.463587343116598 0.453693177988365 0.446189541927866 0.481426377944222 0.431511320536185 0.451712814386405 0.453381140480171 0.503059856511943 0.471068045594478 0.446103404067872 0.463703220733911 0.464562543482386 0.464324960717803 0.464919584601842 0.457362300745946 0.445308369116736 0.473392800528916 0.696688872232184 0.872135668110899 0.944880472070719 0.971014623924256 0.976530469949494 0.962347761194233 0.969784938817109 0.962367881695083 0.873817142397726 0.822287546811455 0.78546672286686 0.769443626332309 0.71780579020812 0.650123133954542 0.632064344271548 0.629617509219695 0.637733953145466 0.611845351170436 0.611677676271617 0.597120795756568 0.573052770836536 0.629907328281655 0.715400825403278 0.77261223281017 0.89053681075183 0.897930150377949 0.87052465522732 0.838220199707336 0.80949468155723 0.555076125003135 0.456147722382359 0.447228268050453 0.469131586231205 0.463859837658805 0.462984289217852 0.462911504687417 0.474509975663169 0 0 0 0 0 0 0 0 0 0 0 0 0 0 0 0
0 0 0 0 0 0 0 0 0 0 0 0 0 0 0 0 0 0.0588783431617185 0.488259816684443 0.46343225483424 0.476972869730473 0.46852018109754 0.49494662121983 0.501501437372603 0.480425734981291 0.421464584002691 0.416341078699492 0.438821762204269 0.451068410733508 0.449828147094276 0.446623153609272 0.476073495698384 0.484376500187311 0.49065140472128 0.466540475061701 0.484782619155316 0.446870536498158 0.474205199414236 0.471034039624237 0.468981100759687 0.475380133521299 0.488829523475527 0.481630812913135 0.480337746441767 0.481324119557341 0.40235461208234 0.378842311747413 0.723766127247053 0.857350727296621 0.947009081054243 0.963232082440401 0.96514750475776 0.985142449529568 0.980534435795044 0.942695882372347 0.851280252050881 0.859382452118389 0.767935214734497 0.755091336613052 0.664098406895944 0.606846611108566 0.623616158592378 0.605061752936179 0.607746797997215 0.605968754551909 0.609835968039301 0.613363597000511 0.59883920609337 0.578866745533703 0.674797566637274 0.758237895938371 0.821021607062425 0.880559898104857 0.881546326867141 0.865474622278806 0.835079899483108 0.678324425308888 0.481857940218263 0.493530976707559 0.448386052384578 0.464077758799676 0.486068959075626 0.488315281844822 0.463268770408611 0 0 0 0 0 0 0 0 0 0 0 0 0 0 0 0
0 0 0 0 0 0 0 0 0 0 0 0 0 0 0 0 0 0 0.164267771284368 0.458121616343466 0.460779547778276 0.495637701071955 0.485179985362729 0.499393638638413 0.470803947618148 0.405603877195113 0.415399018138655 0.411689810236928 0.443074971285757 0.42435472337031 0.425312830939048 0.446018726973939 0.470837020246657 0.473266476012708 0.473662830728425 0.458936860885538 0.477865752357341 0.463045535550695 0.462600751840667 0.451422617847955 0.457415897738959 0.458002992062856 0.481785981517805 0.432888333433532 0.467265830590464 0.466927703211584 0.456066902919465 0.766478113511168 0.851512178894793 0.900345046161183 0.932883156508235 0.964158098877987 0.950001851395919 0.948117045449836 0.932268452841732 0.814307725685527 0.779693764057888 0.730971254851825 0.706634554023347 0.628158731863254 0.611113727841651 0.622307091005733 0.607884358916997 0.635918081196567 0.617558725699977 0.595970422983991 0.610803256763381 0.628117282932972 0.626920474872208 0.699913156204229 0.699148972697271 0.810578447908113 0.874676184498317 0.867972967423382 0.851603963213105 0.846180983476802 0.771905931832607 0.582451888306052 0.480232438558091 0.476724927859264 0.491208758197253 0.473287165342673 0.461036234139208 0.261734213264091 0 0 0 0 0 0 0 0 0 0 0 0 0 0 0 0
0 0 0 0 0 0 0 0 0 0 0 0 0 0 0 0 0 0 0 0.435625454771693 0.483670229888442 0.496080706530156 0.486245571806465 0.506789176303517 0.442825908542756 0.399802731602054 0.461471516232143 0.472118859694326 0.472873394405801 0.460123583869638 0.4466108044221 0.414985679674711 0.448073021255602 0.456914200676475 0.466895729248803 0.475165103888222 0.491303623641244 0.487640562682199 0.449281480015225 0.442041070156654 0.431670061514162 0.434411410335165 0.443727340051318 0.487813356184216 0.471743833621389 0.416527083983606 0.464791612345039 0.791586034568879 0.910892731998761 0.905212758940772 0.921170733901593 0.92652112091746 0.935361701855009 0.940829758875609 0.893016581981256 0.814375191875436 0.787246012141968 0.738159533638593 0.657819172457775 0.608913674305258 0.635928052963553 0.616625686351253 0.617786805196565 0.613072765649351 0.635178982293224 0.606192887566622 0.621211417413185 0.588127833887087 0.621278760423449 0.656162127485078 0.727251342779056 0.772295518820828 0.837439315889938 0.889687110328512 0.853100183744982 0.808671167206788 0.799944423189024 0.763022894302466 0.684056086747469 0.584129202844732 0.546415553339812 0.464673704148958 0.356014964697141 0 0 0 0 0 0 0 0 0 0 0 0 0 0 0 0 0
0 0 0 0 0 0 0 0 0 0 0 0 0 0 0 0 0 0 0 0.042639663479103 0.52759486545626 0.49649542682428 0.470462409841121 0.47710299375261 0.404145082230869 0.429934498647242 0.481702424849197 0.518362852169703 0.500664625751018 0.486960415467002 0.485926168323294 0.512048947948737 0.42301773683559 0.443567870414146 0.452286551501599 0.47250094250008 0.485349387946153 0.498609139276144 0.479020290853212 0.452516803721523 0.442543809362945 0.420724744669127 0.439855310267329 0.476630094740099 0.474575670857858 0.484015930611131 0.474170100464406 0.715727891784533 0.907809217867803 0.935508633617545 0.894234247532236 0.885680094348163 0.906722878618216 0.899221601663934 0.877589831520749 0.819264800438532 0.709461421099427 0.736851682474973 0.659459068564099 0.652697367417984 0.627762149411673 0.644977768778022 0.620181461359078 0.595588809910974 0.591574721780073 0.597862573908878 0.609679862799276 0.594584208440894 0.605496314010282 0.607653061223516 0.694566170789422 0.691880822115106 0.71364398492976 0.754892966796285 0.850059881813958 0.842925600070834 0.826229049658477 0.810983367946382 0.788715091813871 0.709622741365688 0.638747495857067 0.452235892170063 0 0 0 0 0 0 0 0 0 0 0 0 0 0 0 0 0 0
0 0 0 0 0 0 0 0 0 0 0 0 0 0 0 0 0 0 0 0 0.123554002450993 0.501572950468579 0.495736556975068 0.435999420981914 0.425339529120766 0.469633163829596 0.492562795076577 0.514415836069386 0.50235655768805 0.489542012135969 0.479167695398087 0.492627738157948 0.450800851066557 0.425392590865045 0.466634252659438 0.488431736780242 0.48093623483106 0.500972423529566 0.502033539621102 0.474303871156575 0.432168554972037 0.453297339859781 0.445838951764488 0.51924126508033 0.491342991987877 0.453586522688518 0.445916654124038 0.650815126304226 0.835599755312059 0.946749637191455 0.906037686155217 0.902892067282367 0.923676425024239 0.928397626894516 0.889664866585034 0.780332205407379 0.696085995936954 0.671897414388939 0.672973597378134 0.626057855666452 0.591482376816266 0.624985586790003 0.605193311181801 0.620888990351425 0.591551349009131 0.582643325823161 0.592475638130192 0.597328538390083 0.632806697353541 0.628076145636002 0.623872943668661 0.624171351479349 0.68701003992429 0.725572557116301 0.808542258213067 0.795649587248603 0.809123702659601 0.785606834659235 0.779062440037222 0.722408364859971 0.348360822558155 0 0 0 0 0 0 0 0 0 0 0 0 0 0 0 0 0 0 0
0 0 0 0 0 0 0 0 0 0 0 0 0 0 0 0 0 0 0 0 0 0.281841490535455 0.502321595508837 0.414440988005536 0.470990930721555 0.500631913834368 0.535111736440792 0.486622993670134 0.506708405022832 0.488884356054161 0.469230631255297 0.487495912926985 0.444881559356675 0.401576100529298 0.45703880369453 0.4784893661886 0.467324138662679 0.482000266209649 0.502637537050549 0.507732095177295 0.419750492829005 0.443057067244196 0.448931900497643 0.498647918251448 0.45905545302468 0.493897101092459 0.451539657816824 0.59868107144084 0.767952179487808 0.911743225454865 0.903048670509956 0.896393051125884 0.899151337884969 0.907591115487614 0.858187832159842 0.713001355950827 0.667915008355389 0.63546783795504 0.665404878234049 0.649888779930267 0.62778079144323 0.607834143748984 0.636581760648113 0.596123422415242 0.593171771780456 0.596412401033128 0.597504404357018 0.588975206669481 0.637811511274666 0.653677897740596 0.539218335770834 0.538609526994087 0.656652371600452 0.707811514711432 0.752742808563259 0.703163561433183 0.742043538192408 0.659113534492536 0.640629661954981 0.213603140619485 0 0 0 0 0 0 0 0 0 0 0 0 0 0 0 0 0 0 0 0
0 0 0 0 0 0 0 0 0 0 0 0 0 0 0 0 0 0 0 0 0 0 0.382874757551886 0.486238804091238 0.512876214718957 0.51439437641983 0.524705643831325 0.477693950933584 0.41456673037158 0.500566105332727 0.499546213917363 0.466231000037626 0.453316388658044 0.407848526807867 0.431875616928848 0.475877950827796 0.46772976653574 0.458773613027621 0.524399198344627 0.565938561621314 0.429623042509431 0.437091945597531 0.439787640704972 0.436425415075748 0.499423904183476 0.506746263858852 0.512209417719645 0.525757485559038 0.707445758040751 0.937773507371938 0.892669133979898 0.892274593399609 0.884318974085065 0.905704948293096 0.882520972833869 0.687359436542109 0.617709384394873 0.626437220178248 0.612489785812167 0.61147041358162 0.653645721926759 0.604846232131815 0.614087217792552 0.612698641922495 0.612017506315961 0.615499348864354 0.575213172729608 0.591002233659479 0.626182131700263 0.698584716048948 0.524639111456197 0.437548327587213 0.646751290988993 0.708644995334941 0.624419674017066 0.572788854965193 0.649362706056015 0.540122743976321 0.267952040772501 0 0 0 0 0 0 0 0 0 0 0 0 0 0 0 0 0 0 0 0 0
0 0 0 0 0 0 0 0 0 0 0 0 0 0 0 0 0 0 0 0 0 0 0 0.134798010930305 0.553879813760261 0.529393065144237 0.464322192894741 0.420598227120761 0.423343854566442 0.498678905885499 0.506470945711908 0.475748280068228 0.39507272406598 0.413123875583746 0.432674158206306 0.463907870071969 0.495484957848151 0.500503382065615 0.522017637113476 0.521785834842457 0.455733645713707 0.440166445725268 0.43285029732254 0.489675105326456 0.49070299734138 0.389377877374927 0.485256570543546 0.51132904432815 0.698254672618366 0.924721842497952 0.929655182141794 0.893565258184166 0.901144903763729 0.919028885324885 0.826322212831665 0.673730054776955 0.629153207395823 0.627865552253297 0.613156643074173 0.61139697523538 0.606399579536668 0.620853783394298 0.589623618409071 0.612108756767198 0.62200570400677 0.613332551525591 0.615436286428904 0.595362768615794 0.608165856972177 0.625827145135143 0.498191731439009 0.428114221614712 0.605928683290473 0.63781820784297 0.518660921340314 0.515745069287445 0.445750204668218 0.0098022990411975 0 0 0 0 0 0 0 0 0 0 0 0 0 0 0 0 0 0 0 0 0 0
0 0 0 0 0 0 0 0 0 0 0 0 0 0 0 0 0 0 0 0 0 0 0 0 0 0.373139380665007 0.448103092053532 0.448218717452284 0.460545427141238 0.502950624711671 0.454875751971539 0.414069611757885 0.430443704532033 0.453181666130226 0.437824016036516 0.482782431533237 0.49745365223552 0.438026855598154 0.521089360706951 0.528575150673775 0.453021697609832 0.433572159334127 0.40946634128152 0.457517689104618 0.509356761152517 0.495158107019346 0.496216023966843 0.495535448894018 0.753317090448159 0.909509153747097 0.906037686759138 0.894522853841053 0.909626926143199 0.919662188911991 0.850971484587581 0.679925710228668 0.627242301964014 0.584694460848948 0.595092514856755 0.618101780895178 0.588622466669775 0.600098510800525 0.613962615828973 0.599195333938892 0.59954580066974 0.586674043274354 0.590001570224545 0.601045274930392 0.619546281305791 0.67846644970461 0.524001425494562 0.428894523432585 0.564861966837728 0.549842113589418 0.375662676251842 0 0 0 0 0 0 0 0 0 0 0 0 0 0 0 0 0 0 0 0 0 0 0 0 0
0 0 0 0 0 0 0 0 0 0 0 0 0 0 0 0 0 0 0 0 0 0 0 0 0 0 0.462881881294149 0.47921322510178 0.513883403187208 0.509529490004885 0.425806994073521 0.414898847210998 0.414863173505983 0.49655765465039 0.490137375383484 0.494121270950505 0.444462458111941 0.479892106125596 0.47591750414975 0.532174224868118 0.471388796356809 0.513142058221491 0.409368024209776 0.432522127934272 0.435997169450844 0.470505125411295 0.45591857969058 0.487729313911856 0.640245639298499 0.90466155741131 0.859081230774014 0.885791765923911 0.873715508765459 0.884256912420672 0.846834818336708 0.68120415256243 0.620699301838867 0.565451834866451 0.602040672396973 0.608981352989836 0.632108738761323 0.599171887429479 0.59574504886179 0.569521871412595 0.576608016191109 0.590897319001978 0.587860485673278 0.599266728006331 0.589645670255301 0.666354039374081 0.536103971438988 0.407276612241431 0.470091252594956 0.487162725554645 0 0 0 0 0 0 0 0 0 0 0 0 0 0 0 0 0 0 0 0 0 0 0 0 0 0
0 0 0 0 0 0 0 0 0 0 0 0 0 0 0 0 0 0 0 0 0 0 0 0 0 0 0.0298102084901066 0.43737070703456 0.421920071271661 0.509446021169444 0.462749538519729 0.421909000458599 0.458559041305813 0.456820375454782 0.467117225481311 0.470701935568745 0.486533562881643 0.479845541623997 0.488608061546608 0.503839834158648 0.450109151036946 0.457675327674052 0.408132263903976 0.418051456697427 0.488213687039424 0.474484373321151 0.521916715621159 0.457266926400853 0.556627065991364 0.895791664096931 0.904625901736024 0.882949357915005 0.906319134226647 0.89073070482336 0.874439690095297 0.728292882050892 0.701839063554137 0.68634531640743 0.643317391345838 0.646272360638516 0.570131995992303 0.62952472398991 0.611732153251964 0.564841896908192 0.574366343583376 0.575977987471412 0.549182347682139 0.578383607872471 0.630183498379908 0.672464721411994 0.500486380644831 0.365226001089378 0.424985680463354 0.00578993160685235 0 0 0 0 0 0 0 0 0 0 0 0 0 0 0 0 0 0 0 0 0 0 0 0 0 0
0 0 0 0 0 0 0 0 0 0 0 0 0 0 0 0 0 0 0 0 0 0 0 0 0 0 0 0.0263378228563069 0.0511963405923909 0.492162200900457 0.465852927790829 0.493175763795052 0.465046019458559 0.471298967029538 0.451357032100842 0.444896296253884 0.487901080330628 0.477553835013954 0.528780165206075 0.524847516652162 0.526516069176474 0.529202678406475 0.407270986297378 0.469198219090508 0.485903292398871 0.473352311781497 0.424900541519026 0.475492546917107 0.568322372019652 0.915024733270951 0.915358000198763 0.851036275152057 0.856156897968804 0.674625196018367 0.796513993237436 0.69282912614936 0.700064343844848 0.631929812420181 0.661998137482645 0.615231349407202 0.643362320693777 0.624407632974633 0.616637143536044 0.598102961855848 0.572420239050881 0.568877775871039 0.599597744937416 0.596110573952229 0.701769667018114 0.744160927291605 0.557619928307095 0.0500722335701819 0 0 0 0 0 0 0 0 0 0 0 0 0 0 0 0 0 0 0 0 0 0 0 0 0 0 0 0
0 0 0 0 0 0 0 0 0 0 0 0 0 0 0 0 0 0 0 0 0 0 0 0 0 0 0 0 0 0.00581244072021342 0.490605481253606 0.465220296914245 0.485849222821872 0.483635789054805 0.484012959482421 0.492135675562452 0.477037391749362 0.507755543779303 0.525530418509787 0.47276298972351 0.448837820827103 0.477097418560501 0.387059874155872 0.423825944733091 0.484046565695811 0.459448524228588 0.4175682185268 0.470862039959325 0.525734535796626 0.896870396769958 0.90871509270953 0.893960627314126 0.831981152881702 0.626509065581297 0.683910809320958 0.720926219902053 0.689758971659833 0.631659828047175 0.657193421920379 0.657599361737572 0.591410954267698 0.581008314833961 0.588351046414203 0.582161534257783 0.634556416537976 0.595861832697511 0.551720580332263 0.12431959095801 0.152447160927078 0.154715115019188 0 0 0 0 0 0 0 0 0 0 0 0 0 0 0 0 0 0 0 0 0 0 0 0 0 0 0 0 0 0
0 0 0 0 0 0 0 0 0 0 0 0 0 0 0 0 0 0 0 0 0 0 0 0 0 0 0 0 0 0 0.0455360173986762 0.375090543562544 0.430553645930467 0.490096690769701 0.491568515261096 0.484624517462207 0.504966939229085 0.510565483517973 0.49805467422019 0.493271020501449 0.499307341224399 0.466968791129408 0.376823417526608 0.393757147274089 0.444730451217687 0.495258203912707 0.421147732726059 0.397569874051581 0.573657904480531 0.859219705321494 0.887605884286358 0.861773437620988 0.79296217253248 0.547374136889085 0.65088436325215 0.681960114105818 0.670386895730338 0.683739871798124 0.565216900798922 0.604763590092897 0.629672730241525 0.621827808714581 0.597863075913954 0.591265140161713 0.170491962097676 0.0771317377863174 0 0 0 0 0 0 0 0 0 0 0 0 0 0 0 0 0 0 0 0 0 0 0 0 0 0 0 0 0 0 0 0 0 0
0 0 0 0 0 0 0 0 0 0 0 0 0 0 0 0 0 0 0 0 0 0 0 0 0 0 0 0 0 0 0 0 0.138259865700281 0.178494905571405 0.337993889043844 0.484392185000812 0.505836494720658 0.484180236133514 0.479430070643882 0.473635108740047 0.524940476268182 0.465919851482213 0.422768339247816 0.401637703651915 0.438277164078254 0.484636274360006 0.495363057809244 0.498560704449828 0.662208854950197 0.886797507227979 0.880230397289358 0.85533969910505 0.750566322853718 0.491961330188031 0.623881361335687 0.642682652760919 0.600673560857891 0.735353439854001 0.692459378666474 0.571042388797914 0.641870878274402 0.619530475031709 0.342803541777772 0.0151077321391777 0 0 0 0 0 0 0 0 0 0 0 0 0 0 0 0 0 0 0 0 0 0 0 0 0 0 0 0 0 0 0 0 0 0 0 0
0 0 0 0 0 0 0 0 0 0 0 0 0 0 0 0 0 0 0 0 0 0 0 0 0 0 0 0 0 0 0 0 0 0 0 0.166626494314405 0.551700988448594 0.505883009226239 0.463550422919236 0.527372658985542 0.511878668834515 0.473442110873132 0.432919720913724 0.449306529729732 0.462920315922793 0.492105636629248 0.485099493775649 0.52460785650758 0.586187411725138 0.603033174526377 0.696425672095693 0.62943769184408 0.633881996395825 0.506948860677233 0.544037642026647 0.609877298355478 0.569366401404479 0.308964774891125 0.306018000071974 0.232589007640223 0.260086133588907 0 0 0 0 0 0 0 0 0 0 0 0 0 0 0 0 0 0 0 0 0 0 0 0 0 0 0 0 0 0 0 0 0 0 0 0 0 0 0
0 0 0 0 0 0 0 0 0 0 0 0 0 0 0 0 0 0 0 0 0 0 0 0 0 0 0 0 0 0 0 0 0 0 0 0 0 0.265321457199779 0.407311115319934 0.543442271336443 0.45285333186579 0.442744621691924 0.519321991899131 0.536683135833108 0.546226752095052 0.537351125271698 0.29599979961376 0.372366845253088 0.322118791226536 0.277547106147063 0.514512130243623 0.489624231953635 0.567678886026963 0.513806798741553 0.476059762385309 0.34065638007294 0.0295337154060388 0 0 0 0 0 0 0 0 0 0 0 0 0 0 0 0 0 0 0 0 0 0 0 0 0 0 0 0 0 0 0 0 0 0 0 0 0 0 0 0 0 0 0
0 0 0 0 0 0 0 0 0 0 0 0 0 0 0 0 0 0 0 0 0 0 0 0 0 0 0 0 0 0 0 0 0 0 0 0 0 0 0 0 0.020823565447289 0.145670838009293 0.20937133233924 0.263942168127793 0.257925742852716 0.0693174998650334 0 0 0 0 0 0 0 0 0 0 0 0 0 0 0 0 0 0 0 0 0 0 0 0 0 0 0 0 0 0 0 0 0 0 0 0 0 0 0 0 0 0 0 0 0 0 0 0 0 0 0 0 0 0
0 0 0 0 0 0 0 0 0 0 0 0 0 0 0 0 0 0 0 0 0 0 0 0 0 0 0 0 0 0 0 0 0 0 0 0 0 0 0 0 0 0 0 0 0 0 0 0 0 0 0 0 0 0 0 0 0 0 0 0 0 0 0 0 0 0 0 0 0 0 0 0 0 0 0 0 0 0 0 0 0 0 0 0 0 0 0 0 0 0 0 0 0 0 0 0 0 0 0 0
0 0 0 0 0 0 0 0 0 0 0 0 0 0 0 0 0 0 0 0 0 0 0 0 0 0 0 0 0 0 0 0 0 0 0 0 0 0 0 0 0 0 0 0 0 0 0 0 0 0 0 0 0 0 0 0 0 0 0 0 0 0 0 0 0 0 0 0 0 0 0 0 0 0 0 0 0 0 0 0 0 0 0 0 0 0 0 0 0 0 0 0 0 0 0 0 0 0 0 0
0 0 0 0 0 0 0 0 0 0 0 0 0 0 0 0 0 0 0 0 0 0 0 0 0 0 0 0 0 0 0 0 0 0 0 0 0 0 0 0 0 0 0 0 0 0 0 0 0 0 0 0 0 0 0 0 0 0 0 0 0 0 0 0 0 0 0 0 0 0 0 0 0 0 0 0 0 0 0 0 0 0 0 0 0 0 0 0 0 0 0 0 0 0 0 0 0 0 0 0
0 0 0 0 0 0 0 0 0 0 0 0 0 0 0 0 0 0 0 0 0 0 0 0 0 0 0 0 0 0 0 0 0 0 0 0 0 0 0 0 0 0 0 0 0 0 0 0 0 0 0 0 0 0 0 0 0 0 0 0 0 0 0 0 0 0 0 0 0 0 0 0 0 0 0 0 0 0 0 0 0 0 0 0 0 0 0 0 0 0 0 0 0 0 0 0 0 0 0 0
0 0 0 0 0 0 0 0 0 0 0 0 0 0 0 0 0 0 0 0 0 0 0 0 0 0 0 0 0 0 0 0 0 0 0 0 0 0 0 0 0 0 0 0 0 0 0 0 0 0 0 0 0 0 0 0 0 0 0 0 0 0 0 0 0 0 0 0 0 0 0 0 0 0 0 0 0 0 0 0 0 0 0 0 0 0 0 0 0 0 0 0 0 0 0 0 0 0 0 0
0 0 0 0 0 0 0 0 0 0 0 0 0 0 0 0 0 0 0 0 0 0 0 0 0 0 0 0 0 0 0 0 0 0 0 0 0 0 0 0 0 0 0 0 0 0 0 0 0 0 0 0 0 0 0 0 0 0 0 0 0 0 0 0 0 0 0 0 0 0 0 0 0 0 0 0 0 0 0 0 0 0 0 0 0 0 0 0 0 0 0 0 0 0 0 0 0 0 0 0
0 0 0 0 0 0 0 0 0 0 0 0 0 0 0 0 0 0 0 0 0 0 0 0 0 0 0 0 0 0 0 0 0 0 0 0 0 0 0 0 0 0 0 0 0 0 0 0 0 0 0 0 0 0 0 0 0 0 0 0 0 0 0 0 0 0 0 0 0 0 0 0 0 0 0 0 0 0 0 0 0 0 0 0 0 0 0 0 0 0 0 0 0 0 0 0 0 0 0 0
0 0 0 0 0 0 0 0 0 0 0 0 0 0 0 0 0 0 0 0 0 0 0 0 0 0 0 0 0 0 0 0 0 0 0 0 0 0 0 0 0 0 0 0 0 0 0 0 0 0 0 0 0 0 0 0 0 0 0 0 0 0 0 0 0 0 0 0 0 0 0 0 0 0 0 0 0 0 0 0 0 0 0 0 0 0 0 0 0 0 0 0 0 0 0 0 0 0 0 0
0 0 0 0 0 0 0 0 0 0 0 0 0 0 0 0 0 0 0 0 0 0 0 0 0 0 0 0 0 0 0 0 0 0 0 0 0 0 0 0 0 0 0 0 0 0 0 0 0 0 0 0 0 0 0 0 0 0 0 0 0 0 0 0 0 0 0 0 0 0 0 0 0 0 0 0 0 0 0 0 0 0 0 0 0 0 0 0 0 0 0 0 0 0 0 0 0 0 0 0
0 0 0 0 0 0 0 0 0 0 0 0 0 0 0 0 0 0 0 0 0 0 0 0 0 0 0 0 0 0 0 0 0 0 0 0 0 0 0 0 0 0 0 0 0 0 0 0 0 0 0 0 0 0 0 0 0 0 0 0 0 0 0 0 0 0 0 0 0 0 0 0 0 0 0 0 0 0 0 0 0 0 0 0 0 0 0 0 0 0 0 0 0 0 0 0 0 0 0 0
0 0 0 0 0 0 0 0 0 0 0 0 0 0 0 0 0 0 0 0 0 0 0 0 0 0 0 0 0 0 0 0 0 0 0 0 0 0 0 0 0 0 0 0 0 0 0 0 0 0 0 0 0 0 0 0 0 0 0 0 0 0 0 0 0 0 0 0 0 0 0 0 0 0 0 0 0 0 0 0 0 0 0 0 0 0 0 0 0 0 0 0 0 0 0 0 0 0 0 0
0 0 0 0 0 0 0 0 0 0 0 0 0 0 0 0 0 0 0 0 0 0 0 0 0 0 0 0 0 0 0 0 0 0 0 0 0 0 0 0 0 0 0 0 0 0 0 0 0 0 0 0 0 0 0 0 0 0 0 0 0 0 0 0 0 0 0 0 0 0 0 0 0 0 0 0 0 0 0 0 0 0 0 0 0 0 0 0 0 0 0 0 0 0 0 0 0 0 0 0
0 0 0 0 0 0 0 0 0 0 0 0 0 0 0 0 0 0 0 0 0 0 0 0 0 0 0 0 0 0 0 0 0 0 0 0 0 0 0 0 0 0 0 0 0 0 0 0 0 0 0 0 0 0 0 0 0 0 0 0 0 0 0 0 0 0 0 0 0 0 0 0 0 0 0 0 0 0 0 0 0 0 0 0 0 0 0 0 0 0 0 0 0 0 0 0 0 0 0 0
